47 5
00000003005005000005040000000003000400002000000
00000500300400000000010000000000004200000300000
03000042000001030300040000000000005001000000000
40002000204000000210000520050000000030100005000
00100500040040000000000000000000032050002000000
10000010000004000100000003300000000000004000020
00010000000000000000000000001000004000020020100
00302000410000000000300400200000000000010050100
41000405000003000000020040010002001001000003500
00410000001050003000301020000330000004300000000
01000024000040000000000500050002000001500000000
50005000000023330050000400000000000000012401015
00001000000024300400004000005200000320000000000
00010003030010000040330430000000000540004001000
53000000204000301003000100500200040000001050100
00303000000110010000001000100000020010000000000
05000000000310030005300000003500050503030000010
05000040000000400000000100000100005300405000002
23433000002000005030000100000050020000000000100
00000044500000200020500004000000042000000030024
00000000000400240000002000000000000005221000000
00000000400202020003000000000051050001000300000
00030000000220000030330450000400500020004000003
00000000000030040030000000000000040030020000000
00040000100200000024400000400000000223000500100
00000000034040000000003000000000000500000000002
00003002000000500000005400050020210050200000023
00000020100000000000000000054300500404054300000
05400041003000000500000000100102000003000000201
05000000533000020005000000050000000000001002000
10300012000400030000104000100000100000001404000
00000002000000000000002302120030000001030003002
10000400000200000000000300000040000004004020400
00500100004500000050400000250200010000000000312
00000042000003001000250400000005000000030004040
50000000000020002002000000000000000505050000000
00050004000000005430530000000002000500500100500
00000010000000005000000025000000050001000004020
00050000010230500000521000000050000220004040000
00000030010000000050000000041000020000000200040
50000000050100350300040005002500100000220000100
02053310000000000000012000010203000000000100310
00000000000020203400000040000400030020000021500
03000300005000030003000400000150012000000000001
10044003400005050004010000500000030040200000000
50110000130300000000010500500000305000040404000
00042000455001010000000000000020100000000003000
