45 5
000000101550000235000000020200504200330300000
000000300300030005000100200000100020050040500
310000000002055005100100021000400000003051303
320000000000320000002000230400000003002000000
200015010050000200355505003002000201000000000
004010000400003000000005230200010200000000000
000001240000000030004100000000000000002004000
000400000004004000000000000015033000000035001
000000533002000002034350402010100200000000001
300100142040010000000003000000000000000000010
200002000000000001000000100050050401001044000
000050000000003000005000000000002003502004021
000000030200200000000000054000003520000004000
012040200035001000050000400051000530400320024
000000000010000010000004000000500404400000001
000030001040020000334005050005050000100003010
040000000000001550000000000001020002000030000
000000000300000000402100005000000200400030000
000100000030100500000001000000001000000200000
000002000000340000000035003030505050004000000
000000100505030501020000030000000500003042000
450000150550500000000000000000020004005050300
001300500400200500030010240301003000001002000
100041040000300400002430000000003000010000400
000020400301100000000000000445001010020000000
000000500010001000000000000100000020040153000
000000021000002102050004300005400004020044540
151040000105041250040000200025000400000000300
020000102005000000000025000000005000000220000
000000000000000000000000040000130020000000000
000000100000331030000400350105051000000050310
000000000102000000204000000004000303500000030
040202041000000040000000100000000400300000000
000000400000240100000000000000004000030001000
000000000040113000200400000043340320003000000
030130500020000000000000042000020400000003000
000004002410000050000300000250000000000000503
130000000030003003500510000404000000500035000
450140031000005000000400000250000005000000002
000003000000520040030100000000000400034100000
300200000000400000300000011250100002005000000
150300000020000000000000200004004030000000230
400502050000002000040002300200010000203000050
000000000040000000400040040001100000000000000
200000454005000020500220000050000000400210000
