43 5
0000000000400000002500000400100004000003400
0000002200000402000001020000000000100000020
3240505004500020000540000000105005000010400
3000010000030003100305000044030500005034050
0001200000200000103000000043400000000000413
0000000004100000030000000004500000000000000
0000005000100400000005000020000030500400404
0020000004000052002003000003320030010000525
3040230200220530000003000020000000200000002
0300000000010250400005100000400000100005201
1000040032100004000000000000400100000025100
0000000000040000000300000410104005000340005
0405404340100000501004000400051005000050010
0003000000040432002503220034000020000000500
0350100000000012003002045000500000103005000
0000000002341104001150001200100004500500001
0000020020000000040000200404200000320040400
1200000030000400103200002005000001400003005
0005500504500300000103000010300240000000000
0024000040000000000400550003000000010000002
0040000051040000040030400500000000000000004
0002053400200124024505010000320000500300000
0000005050300005000000200000501300000000004
0100000000004000051010000000040000200240002
0200000500500013005000003000003003000010400
0503200100000300002000000000030005004000500
4202300200000000000000310000000000020000000
3500100015000000000010040430303100000000100
0404000001030405204000200000000000000535000
2000001300000411000000053130020501035000000
5203400100100200031000000140520003100000010
5400031040400320131002040030000000005000000
0000000000215000030005400000403030500203000
0030000050200000005014000100000020005500000
0000002020033015000000001000000020200050000
0000000003310200150020000000305000030300000
0000000000000030020001000020000020000100002
0300030005050102000054002024000040000000000
0010201000000003000050000000000005000400510
0100400300020000020000000004000000000305050
0020000000102000100000143022000000013300004
0000500002100042400000102052500000001003300
0051100030440000003000100000000300000150001
