47 5
30021000000000100000020000110000000203000300000
50000000055050100000000054051040300004000010000
00000010000000001000000000100030100000000000403
00000030000000000501005100000030000100300000040
03400000000510000000000400200000500000010000000
00000040000003500030001000040400050100000005000
50000203000000000000040000000004040004000401002
00000000000100003000020000000000400000000100000
00000000400200050010003040302000000200052000000
00000000500002500000300000040150300000000003000
00002000500000030023001000002035000000000000003
00010000000002024000000500000000050000500000000
00500010420050001200441000100030001002020100001
00020000050020000403000000000004050041000030000
02240000000050030300002000000100020003002304000
03441000001050000020050100050100040004320000010
05000000000020001400000000000503003000001000000
00300020030000000001000000002000000000000500002
05130040500000142000000020000001034000000030024
00005000000002000520000500004000200000000003114
00011000004000000000000002000004200050020000000
00000404000050011000000000050020004000055000004
30000010000040003002000000005000000140000000010
30000102000400000200000040200040030000005000300
50000000000300042301010300300000000000020055000
00020005000000000300000003050000003000200040022
00010000000040020000000000020001150000001050000
00000050000000100014100000000000031500200000000
00500040200000052502200300334300030000000003000
00020000040410000430000300000002002030020103004
00000000000400050040404000400505000042000001100
50000450000030000000003000300200200001300003000
50004150000030000000000000000000000023000550200
10000000000000002010000005000040000000204033300
00000400005000000200002002010001000053450000403
02000500500000003000000050300102000045000000001
30030052000204300000000001000000000010400000000
00004000000000400530000000000100052100300020130
00000200000000030002045400324100000553000000002
00005000500000540000005500000311004000102000000
00000004040000040000000000000010220004004010400
01000000000000000000020000000000000350000052000
00403043010100200000000000000000000002501300004
00030020043004041005000000030500040000000300000
00400000300000000003000120000000400030050000055
05000003000000000005020002004000000010105010000
20001300002502050040000100000000010000000002000
