43 5
0000120004000520500000000500000000500020000
0000000000013040500100000100034030120000400
5000100000450000300300003000000001010100500
4002000003500300000000000000050000400005000
3000050000255010000140000550305010500300002
0500343102505000005010000004000000004000530
0100000020000000430510000000000034053010001
0001100000002000000004000030212000240000004
1044100002100041010223024040401003504000200
0000003020050400000024000004300000004000440
0400000000000040005105000000302200000001503
0020000002030500410301000000011004500012000
0000220000020203000000000010001320000000013
1000000200000023000050020054010000200000000
0205000000020202000011000000402400000011010
0100300000100003050003020000003053000450000
0000000050000010332420000000000005100000000
0000102030133000520200003000554340020010033
0000000000050004000010000200040000035000000
0000000000030002000003150000400000000200000
0000425000040504000100220000000000025004000
0202003400400051000010010002000500005000000
0400002030400400000050000000504035000110000
0002020010000303400400300300000000340004345
2405000040200020042040000002010000000010400
0000005333100100201000000015000000040000300
0000025500005053050000030005000000030000000
0100001510000000000000330000302000000050411
0000000005540000000010005001050022000400000
0000000200004020000053300010000001103053000
0101005003040000000050002000530000005330000
0500000003000010010104200000000000100044000
0000200000200015003000020005000030440000000
0000000000010000000000000100504002003000004
0050300020000000500030000005000000250000003
0000050000000001000004000000000400010000550
4040205040000050024100001004400030020000050
0400000003020002000024503003000503200000000
4400004030002000000030000002005040000003042
5020000000030010030040221400230020000000003
1000001300530020400030050000000204104000000
0000000100000305304110050300000000040002000
0200221001010000000000040400050000000030000
