44 5
03425100040020000002200000000000004000000300
05000000300020000043105500001000044013100003
50003010005005200030000300000100040000010002
34000000023200100000050400000000000005030000
00212200040400000013000030003005000030413030
30000021000001120000020055000040000010200000
20020200001021040030000003040000000000000003
00000000400010000000003002500000004005000000
00040000002040003003000000305000010000001050
00500030000050012000000000300000050050000000
04000000000040012102000000401000003022250055
00000000000000100000500400000400000003000052
00000024000005000050051030030000035050020010
05005050000000200001100040040000200404100000
10000030000000000000500200000000000000050235
50000005504010000200000031030400040000000000
00003010500000002002050005000000000500200000
30000000000000002050003000020000000004000400
00100200001540100310010000003000010020000000
20200000501201001000000201000500000000004000
00405013020035103000400304020200010100000000
00040100050010023001010000500000001000403000
00012400100000030300000020000554001030000001
00001300045100024242000000500002100000000100
50000040000000020050330040000540200500000001
00002004001400500200050300500004504004040300
00010000040005000000000000040040002003000000
00000000000050000000000000000000500500021004
42050000005050400050000400004042000040000400
03500400000032000100000400000000003550012230
34100540000200403002420000000000000000200001
02005130000000005002000000410000000000002040
00045000050000400040500104440410300500000004
20050100100000005000000050300301200000000002
00030000100000200000100500000000320000000140
00003000101120000000040000400130000350000000
00304000012000303000305000000000002000000300
00000000003054550050403000500010010040000200
04000400203000205000310200000010000000000020
00201000002000004020000000003001200400000500
00134020005201300200030100302000304023030100
30002400100003100003000040000030040000000000
00005033000000001000500000500000003000200030
00040003005000100030320000000000400000000510
