47 5
00000000020000000300000000000401004000000011500
04005200500003000005030300000504300004000053000
00050000300000430000000050503000040000000000020
00000000050200000045051200000000000000020000004
03001002051000020034000000000002010100000000004
00000005002005040200005000000013000001100000000
00000040010020000320200400000000500200025000000
03000000000550000021020400000000000303000000200
00301003002005000010000000040040003400502000200
20000300000030002003500505003000300000002004005
00000000500044300300400000010001400100340000000
40200000040500030000000000001100302004501002000
00001040000000401010030000000000350400000050201
50300050000010000000100000004200040000000000000
00000020005000000303010050000000030000005000040
00000003000100003000005040000000200000000000030
00020002000400410552020010000000043000000000002
00003504000000002000304000003040000000200001020
40000010002000000113020040004000000004001000005
34000000200000000000500230050120000000000000000
20002002000000000000240342020000000300000001000
20005040000000040000000000000100000000000000030
53103000001030000005000000000202000003202100000
24010040040000000200000000000002000301300000000
01004030004010000050020000400021000000300300200
00000000000000000052000000400040000001000053023
00000005001513100000000500000050040040031000000
02000001050000003000000000010055000400000410000
00000100000200004550010000005005100000300030400
00000000010000030010100000000540200000000004001
03300010400100000100000200004300001001000000000
05500000020000210000050020000000003025030001005
00000000045011234000000000020000000000000000000
00005004000000000050000000000100305000005011004
00000054200000030250004000200400003210001000040
50002531000100000000030000020000000020500000401
00000400200003130000000240000310000000531000404
00002000000000000000050000500140003020100000030
00100013000000050000000100000010000050000000010
00000500000000000005200000000000200000300305400
30000004000200400533030400000040041000000030000
00000001400000040001000000000000004000000002024
00002000000300050050000000005000155000000500000
00100000100040044002005005000300300003003000300
05000050000000000034001120000000300000200300020
04300400000000000000002000005400500001002000550
50000000020000400000000000011000200002040000000
