45 5
010020000010000000003200500100020000000000000
030400000040030000200050000000100010105000013
002000004202000131005350000500500000205004000
021002200000000004000310030005000000034000000
000000020100410000000000040000000030010020020
000300000001012303000030040000014250000202004
150000100001020000220025001500400000040105000
000000020501002040500040000000305000000404402
000030305000301000000040000300000010050410050
300200000001001501000304400040000000100004030
300050000000000000201000000000000000400010000
004005000000000302000500000030000201300005000
000000000213000050000003030000500400050000000
000000400401000020000000000500200050100000400
000020010330001000330000300000000040005200502
004030000000030000020001000502000000000002000
000100030002000040014000001100050030000000002
302043000023302000403200000105200000040000000
000000000000003000000000120004510002000500000
104000440010004000050010003020000001000322050
001000000000000005020004021230050010050000000
300050040000000440520000400000110000300000000
010000400000150000050400000000500005000100001
000003050500050000000000000000150000002002010
300203000000000000412040103000005000002400000
001033500040000000000000000300000020204400410
002200400020050050000004000000000300000000550
144500001001000040000000030010044000004000020
502022000000100040230320030000000400000010040
004000050410000000000000000502000000004540000
002000000003000050000300000000050200003100300
200000000200100053010000002000000013040500501
011010101002000001010000304050300000000000300
000000400003000005000020400000001000000300000
000200000000000054003020020033040400000040030
000000004000000300000304204040050000000000201
000305500020000005053000000003203000002005002
430020000020250002000000100050000000044004000
050000000005000021505450300000340500020050040
000050000003003001000000000010030000005203040
000000024001010000000030000000000004000000004
505000000000000000310000030000000300000000050
200000050040000003000000000004005300010050134
001000530000300000450000005200000000400000102
001002552000050000030000040100010300000000000
