48 5
000003040000000000010021000030000010000003004030
503150000040030001000010003020500200300000003000
000004000000004000004200000000243040020005005005
000000005200000003000000200000005000000001101050
001000000003001001003000055200030200000000002040
510000500000000003000000000000000000005000000500
041000000000000000010210500000300000000000000000
010000000000050000200000500000000000000000000010
350000400030200004000002002000300005040000001000
000000050000000000301043100001002000005000000000
000000000000220010000000000000023000000000000000
003000000000040500000000050430040000000002003000
323002010000510000000101305000010041001300000100
003010000300000000400002000500300020000020000004
100003000202310503200001020000010030000000500005
000000050010000000003000003002000000000002000000
000540000000000021500000200013000040100000100000
001400000400000500000000300012000000000000310000
000000300050351000003004010000050500000000001404
001000000300000040200040140020020420000000400205
000050000300002040000040000300000020005005010020
500020000000000000030000000520000000400020400000
004000003004500410000000000001000005000514000000
000000000400000000105300500030150005000030000000
000000000140200000001301000000004000000003000000
000000000000000000040040440000000000050400100500
003200000200000000002400014400020400000550003223
004000000000000001000040004000300000002002000023
404000300000020000404500200200004000000040500200
000100031000000004450300000000000000000003000000
003040010000052002002002300005200004100000000500
000010000000300320000052030000400000000000002011
030000000000004004000005000005000000102000000050
100001000000050400004000040000320020200000000201
002500000200003000000000000000000100000400030100
400000013010000000300000055001504000030002010002
410050000201000540500400200000200300220000503040
000000000000030000000000000000050000000040300000
033000000000500010002004003000003020000005000005
002040000400200000000104000000052205000000000504
003000000000000020000400005051050000040100000450
000001000030000100500000210003000540000400000010
033100302000000010000204020000000500000500040001
000000000402030000030100001000000030050300000000
000010000000000000500050000300300000023040030000
000050000000504405040000000001002000000300000040
000000000002001000003000500003004000042000000002
000500050010000000000020000511500000040010000000
