44 5
00000400000050402020000000040205400000002004
00000500000010310000000000200030003000003000
12020030000003250040500110010000000300000000
00150000400300000211000001100032302030020051
00300200300005000005203400000000003500000024
00000040220000400240030000020401344005100000
05000011000000100010000000014000000030004000
12000002301310030000300000021020000000000300
50000000054005042000501501005000000500000000
30000000000050000000040005540030000433300000
00301000000411000000420000000215000004010040
32300400100000000050000010040404000500000000
00000003420040050420040300015000400000300000
01002001000200000000005003002000305000000005
00100002030000000500000000200000040000050000
00004000000003054000042510530050000132000002
15002000005040002005000000000114000050520000
00000010000200000200030044400400030440000000
00050100034000000000005001001111000010000040
00202003002000000400005000300000104000000000
40000004340130000000400000000000030300103000
00000033100000000300004005304002000000020005
02401020000210000000000040000000000000000020
20000000001000100003010000003200003000300000
00000004000000000000002000000002003200001000
00001340104003002000505000000000505000000002
11005002000000500002000000200000042005530000
00102000000002044000040000000003323405000240
50003030000000020000000001300053002003320100
00001500000200000000000000002000002023100001
00043000000000005005000001000303100030055400
00005300000053000043004000000400500000003002
32030000000000002005003000400000400000000000
00000000000004000000340040000000050000000003
50500300200303504200200000000000000000000050
04150001000011021000002011000200000004104000
50000500524050140000000202400500050340000100
00102000540500200000005000000030400040050250
00000000500200054005000000050200000000035010
00000000100044050020000001400031000000002503
03000002004000100100440000000000000005003020
00000000000001000010000000250000000000304055
00420100010000000500503000100000310124100031
00200100000055005040000000502010002000030100
