44 5
00000000040002001000000000000000340000240004
00004000000301040030020005500102050000202202
30002000004012000002000101000000000400000000
00310000400000000300000000000255200004000300
00000331400000030010025300000005004000000120
00002000000003010000200030000000000000110000
02300050000000000000000003130000020000300042
02050400200050000400002040000000400055404110
00050205005324004050000004040000040004000004
00000000000002000000240000230030003350000023
00020000020000000001400000000010300500000000
00000005020000002200015010030001000105304011
00000300400310000350050000001510400000013000
00000010000000000303000020034041000002000001
00040000000300402003000000040000500304005200
00000000040000030002000022402310000000000534
05000000500002000000002023003200500400000001
00551040042202000003000020000002000030000150
00003000520030055014000100000300010003000000
10000000301510000004000002001000000001001050
00000011002300000000000001000300020014012230
00000000050000441000001000030000010000000145
00005000000040001000021000200040400300005004
00000000000230003200550551310010000205000030
03040040000400010000000000001000000000050000
12011041002501010000003000000050501000000000
05000005000500050200000000000000030050400123
00002544105000000100000000000000002504000202
00500300000000002000300550000000000400000000
00303000000400105004000000040000300000020005
00000000020200002000040000105000000000000320
30000050030002000034220500503001400000000003
50040000000000535100000000000004000002000100
05002020000005040100402000044005020400100200
30000550000200000400000132001200000400000000
00004500003040000300000000005000000500050000
41031020000003050500000004000401300115100000
00000000000300000010055000001000300400000000
00000300003002050002030000000000003000000000
04400000030003001100000050000041030000202054
00000000002000010003104002000050000010000000
00054002515002000500054400035033000000304004
00010300300031004500020440002005110004300015
24005010000000000000003000000400030500040000
