42 5
110020000021410000001000000000000040500050
000040000010003030004000000250000000000400
000000012500300000000000003000000000500000
040013003000513000050402000305000001003000
003000030000000050240000001400003031012200
002341440000000300040100000000010550530000
000500050012001000040000040000000000000000
001000230034054000500020000000000400000002
000255002000043003000010000002550421000000
220040000000020000500035000000001020420000
004530050003052401000050301505100000000040
005050530000500000000054102004012000050000
040002002430013003100020003403250000110000
400020000100000000000004500015202100000034
000000004001050013400530200400010400500010
304005030000005000005005300050000000000000
000100400000000002000440002004010000000100
000200500003010000050000001002000000540003
040002000100420040003314200005020121130205
050004300004050540140322040001011000200002
033000000000005200003340010004000000514000
200000100020014500000000005000000202300000
130000054000033000000001030000410000000000
400050300003500000500000002000000100040000
032050100033005300000003000300000030040400
020001000002040300000000001000000000100030
000200000002001004011000303000403050001000
202003100000002000002402000010145000050000
000000132000000000000300000010400000010010
200100110054100221000000000030000050550320
000000003000015405000143100050100020240000
004000000003025200200020400200135100000000
001050050200000000040003000000003020000000
202500550010100300000200400010540000000000
005042030000100400003500020000010000000054
042304040000000500000000050400230004000025
430040304400000500002200005050005000000000
120044000320020000000050000000300010103003
002004000000000000200002010000103000000030
005003000000040000000400000002100000304020
030250202000000005002030000550000000030015
404000300003351000000030040300400024000050
