42 5
010104200004000000020043000000000053005000
000400020005300000000000012000000020000400
400000000300010300000000030300000000025000
000010005000001022000200030113502031002054
000530000000004003000003010005120500010000
030045000412002113200000001310000010101000
040000000200004000020000004505000000000230
000004003030000000000000105123000000000200
050220030400210000000005000000001052000000
000410304040405000200000100000022000050000
053021050000020000005300020201001002030000
100300000000000030001000100000004000033543
040000100400000300103000000003000000000142
020000030200001003053001300000040000000010
000300500055000000040000300000033003000124
200032003004001000000330000000205000200002
010001340200002500001000003003204140010002
010222004000400000040040210300000040000100
200040105005500010000000050030003000500000
040000000210000000000000000000000000000000
002000330040050000100000200000122305400000
542030000003053000030000203000000050400000
201500004000020000000004000400510000300000
001000500000003000430000041033010003000000
400000000051300555000000000400050000000200
054004030300004003010000000005002000000005
450001000005000000140000000100050020520000
020400151010020001150400010403000020210503
001050000300000004400020000500001032000000
000023000000200050100550100045015304105010
020304100000400000000040000050000050344000
000001000000000000050000000004010305000000
000200020030000002000004100102503200000031
004005000000033000055100000300100000000005
000000050410000213045220550000020040000000
201300000505005402000220050001405000353300
000040002040000000050004004000140002000000
000200000005025004400000400001045000304020
000100351340000501050005000000020010000404
000040402001551500041000000004200404100303
025004030342000000500520200040403001304000
200000030400000000000000040500000020520000
