44 5
00000000505000330000000020000010000030004500
00402001000000100100052050000000032300051000
00000024500100003300000030030003001011030020
00000000120100100000015000000150100000000540
30000002000001040343000050400003410531034200
02005000002000000210500002100300300400400011
04000003000401100000000003040040000000000500
02000000020500150054551100030400244000000140
30000000000020230032350000001004400000010005
04000050000003400000000032000000000405001012
00103033000000035004004004000040110400314000
00002000000000000042501000100000500000000000
00003000000000002000000200024000352000050000
00400302504005000000400003000053000001040000
00304214000200000002300001005001350000000001
44000000000530400200000000000020000310020010
00000000024120000000400350100000010023500000
00000000403000000020030020000250014000000400
35042030000004000300000000000102000000040000
04400040000100030000004200520312000010000000
00000000040030030000000000022004002000534000
04000500000000000000000000005000240030003000
00300050000000004300000003003002000500000000
50500005000011040030005040050200000000002000
00024000005000005000000000020000045010000003
00003051000005011210000000050000000005030502
00020000045010405203000050005000020050000050
00200020000002400140000003000000000004500005
00204300100020000000000100000000002030050030
20200140001001005003002010050050500050521000
01013400000015030000200000000000000000340103
00052310030050000400002300000003000010014100
02000001003004050400000000002530000000200000
05000000300002030000000000100000000000000000
00023025314000000000044000000030500000020120
00000140040000000000002500200000000001100400
00000000050000004040000000002102000220133100
10020000000000200000100000000000500005000043
02002400302100010034000000010000000040500500
05300000000052400000005000000400004000000000
00520000540011305000000001005003000000103000
01000003120000405000003005000000004000045302
00200030000000140000400000002000502040000000
00010200000200000300000000000000500000405000
