42 5
330040000100030000000100020013001010000100
005004310000001004040034000000000400000205
000000010002000000005050011000000500004000
000000300300000000520400235000000250300040
040202001030053000000000000500005000000000
000300000500400001020010000300000000001023
000000350030052000044000002000034002003444
000000005200000005151200100000020000000100
030500000015000001000030000000500000301200
050002020005400003005013500003003100030040
030033204200105000030035011450020000400000
140002050400530300003400005002000000000010
030003003000004100000000000000000100000200
050400000054000004330000102030000000300130
020200300003240300000031500030000000040040
203000300000005012555000050000000101301305
200000400500002000000000000000001200250400
404020510000003000040200000040200004400000
220000521001000001020000500301404300500400
400000400310102000000200000010004000500050
000200000010002100000200000000543002052500
000000000524320000005110010100005305000000
012430000303050000020000000000000000140000
004040300054000400005004501204000300000000
120030000510001030003400000020000200000200
045000400000020001240000000005135000300051
500000010330004005000002000204040000500000
000400304000010040050500403000000000500010
000350000002510000043040000020300004000005
451003001040000000510200050000030000000050
000000000200000500000000000000040053000000
550000220000500000000000225002000000000200
224021055000000002300500000004010003044200
041510504003300002000001314200100000000120
000000000202000401000000200000003000010000
003010202400025000400030405000100020200204
010002040020200550000000400000000050000000
004010102002000100100000500303000000000000
001200035201300100000040052000105440500300
030055000002403000400010000000000010010000
400004300003130002001040000100000001015000
003024041300010000400400300000000000000000
