48 5
000020000100300000000003000000000004432025200400
001302000000002000000000000003002003000000000200
000003200030400000000100000000000010000050300105
000000320040300000401000400023000000000200100000
000435000000000404000000000000001000302003000055
000014000000050400000000000000012504020005000000
000000002100030000000000050025001000400433000000
000000000000000000004004100000000020500000000500
000000003100300000000000300430210004020000040000
300022000000000020000000000000300000000030050000
000000000000000000020010000050300015000000000000
000000010000500020000000300000540000000000000300
000500050000000400540020030200500114000030000000
000000000010000000000000000000000000302502001021
450005030002403000000003000000000040002033020400
005000400050542030003530000000010002550000005000
003002000000010000100100000000400201000003000500
000010000000000000000000200004000020045500000000
003000000500100000004000004000000000000000400000
101000000200004005000000004000000000410404250000
031030000200000020000000052040100000000000400400
010000000000400000510000000000000000010053300003
100010003000100000000400200000000000011000000010
100000000100000400004000000000200200000040200040
000050000000000000200500150000400000000200300050
000200000050230000003000005004000002040130004003
000100000023000000110000300002000030005000003000
500020004150530002000000030000000000010410005045
003040054000000000000000000110000500000050304000
000000050300001200000102002000000000050000000000
002300012000002040020000050100000000000000004022
000400000005520001000030000000005040003000145050
032000000200300020010400003013040000100200510000
000000400000004010200004000030500000000002010500
420200100022040400000000041100100050004000004025
400000100050000000002005000300000002450400000005
001000000002000000000010005000020005000000030402
400003000000000000021000500000005010020000000102
500500030000001000530000000203004000303050000000
002000041400300000000040000000000000000000002000
000300050010000000110004050010004010550000000000
403030005000000100001051001001000000001500000000
000530000013200203050000020300000000210000000050
001000020000020000000000300340300000300002000003
000005010003000000500001000010002030430300010020
000200000000030500004000000400050000000002045000
000000004040050000000300001000000030000000000100
500404000000003000000044000000030500000400000050
