44 5
05000000000320000300001035003055000031000502
00200102010100000000000045030443000040102000
00002000005000500400200003000000000004005000
02000000000000005100004000304000000220000002
00200002000505000300400000000000030100500100
02000020000004024404000004040041000020000000
20010000303002400003000533520000020003005330
00100004000004005050010004400000000004005004
00000002300001003040330500053003000005051000
00013002000330000000000001050002002300013000
00100000200000040000000443000000200000500500
05004000300000003001020040000000050010000000
40103450005500000020000000041050000050000000
00001000000000000000050004005000000001403000
00000000000000000305055004101000000002300000
40002040004003000000005012200000100000200003
00014034000000510201000500000000003040020200
00000510050000200005000045220040250002000000
04020503000053000040050000000001000000100030
04300000104400122000003300002000400350050030
00010000030100300001500002002500000001020000
00000000000010040001005000000040000005500200
05005004115003400043000050031004000400000050
00100002000020000001030000340045024003312020
10200200000000100000000040040000300100034500
05211000000050200100000003000000400000100003
20040000000000150400110010005002000015000000
00000000000000040200002000503000005000000055
20000200000000000000003100030300020000050000
00010000513300000000002000124000000000000030
00000404000300000001011020502000000003050200
50050001315100000000300020010000001000000050
04100010004002044000000003100050000003330000
00001002310004000402111045005000000000002000
03000000503000030030000000000000202000000110
04000010030000000330000000000040005032100030
00100100000410000100003030000010455000000000
00000000000540000000000000000003430000000000
00000020430000200000000000004002040400004002
50000350200400002000004430002000000010050000
00310000000510023040030000123000050010010000
30005400002000001520200020001020004000550000
00000004050002000000004002000002000102000420
00200050340000001002000004004000005000400000
