46 5
0001000000000300000000000032302000001500140000
0200034000000003040000000000000004050000000000
0000000000004000020000000000004000000000000004
0503000040002005000000301200000010000000010000
0201000002010000000050000003300500400100000000
0000005050000000000000010000005010000050000420
0000001000040000002000001000000000000000055000
0001005000050000400000500000125030000004000000
1004040000000000000001000024004002100000000501
2000000000404000000200020000034000000000020005
0202000000120000000000010003301001304002032000
0041000000001004050200005000003000000000003000
0400001030000020010500000030000003230000202000
0000400040002005050000010000020000400000400004
2050000000400000200040010000500000000500300520
0001400010010030000420005500000000000000000200
0050000400020000042010203040000050104000003000
0004320500004050200030000000050550000300000041
5000034000000550100000540003000000000500000350
0001003005005000010000001300000000410000402400
4000000024003000020504200001220000300500300010
2000130000110000003000003200043012003103002330
0000200002050000000354412000000000000000010002
3000000010110350020000000300004400000000000500
0020000350300040000300100002000500000320200120
0000020053340400000005004000000050000200503000
0400000002004003030000005005000030100400004000
0004310200400103000010000000300040030000000000
0000000043000001102050005000000030000004000020
0041000500503000000050200000000000520013000200
0000020020010011300020101000030540000020030000
2020001000300001030000024010000030005000000020
0100400100000000051003001100000034001000500300
0010000002000000405000000010040300001400000000
2001000204000500000000003000000000305000402000
0030000000010500004005050001000000000001000000
3000550500010050000000000000001000040012003450
0400001002000300050000000200042030002002000200
0003350400035000400000350000003000040000503300
0050005000000104040040004000010030000500010000
0000220200000030000000000000015000004000050004
0000400000050300000005501000020000000000040002
0000403000000000000055001500005004041100000033
0000020200003000000000000330010000400000003000
0250000000000020000000010000040100000050000020
0012205000000000204000000010000400050000400000
