43 5
0102000000045000050004500014003000003000000
1102400000200003004000000035000000000020304
0000200054120004003200201510100010000040004
0040045300000440100000035000500001500500003
0000500000000000050000045000005300004002500
0405000500010000000010220000000201500000030
0040000050002010001000300213003000001000000
0001100000000000003000040120055020010004300
0001520000010330010000000000040000300255000
0000450500505012000000510013030500300500000
0000000052000014000403300000500000320004004
0000101000001004100400040000000520004000000
0300500000100000023005130014000004020140401
4550000000000000230000440002000000330010000
0100000000430002000000002020140020001030020
1500040003000000500000010002000003010014215
1030100000000300003000000000000000000000404
2000040201000000200002010040040005300050440
0000000140000020000002030000400030000000000
0003400000000000000050000002000032020000000
1004300000000000020000000000000000000240055
0004000000200210004335003040400012000000004
0000000000020000003300104200040000000010004
0020540103400000320032005000000002000300003
0005020200000005200050011000000000040000320
0040000002000320000000020000000000300155004
2000302105030202555021205020400000000003030
5000500000200000000210030000303431000100000
3000010040003000002200000000530000000000550
1330030002500100500550011000010000100005040
0200100000000000004000000040021000033000400
0022040020000002200020000550000200301000000
0021000400300000014003000100052000002000050
5400000000450230301000030400400121530000010
0000000001300001035000400000000004013000000
0000403000000000100000300001000030005021500
0000410200500240040000020031300000500000500
0000000000025000400500000250000000203020300
0000003001045050000310000310000000103220300
0050000002010440050000000010000004000000000
0000004005100000003030050004000045020000000
0000400000000004305050000000000000000040000
2345500010050000024000005000030004005000010
