47 5
00040000032300000000001000005300150330000000000
32020000000501000040003000200200000000030000000
00000002000001000000010000000000000005300220003
00400503000000000000000500000100000001020000050
00000000000000000053000000000010000054000000005
00200004530003000100000000010220545000000000050
00050000000000000300000105000100340403100000500
01300035003005240045050000000000302000024005020
00000400004000550001030000000000001500050002500
00400000210050200000000040000000044000005200000
50020003031000000004005050000000000000100000000
00130050000000000020000000030000050030202005300
40500000004000000000005000000000100005040002010
10400000040020001000200000052504000000200000001
50000400000300005050040000000000300000000450000
00530000000000000000005000210300000000003400004
14100000200000320001400000000000302000020200000
00010000005002200005005000000005100004205000004
00000000000303303000050014000000000000000300000
00000000020420000000400000530050100005500033043
00000004000104003001000002000000050000000000502
30000404020303000001000001010105003040000004010
00001000000204020000000200000013005000012003000
00000010000000050000000040000000000000001000000
00000000004010001000000000000500004004100003000
00000020000100500014000030000000000040000000104
04500001000000000000000010030030000040005000440
01004200201000001100000001004000050000000050000
20000000002000000010004300040000400500000010003
10040400200500003400000001020202320000000400000
02010120001101000000002030030020020300010005000
00010000300004030100500005200020000030020010430
50030200005450030000044042000000000004400003055
40030010000000000000000400000002200310003400000
00004004000403200400001000000300000003000000055
30000000004000000005000330300000401040002000000
10000000000000000000052000000005003005020050000
00000005000400040000000000000035002000120202003
05010000000000002004031000201000000000000004050
00000000000003000402000000000002300000000320002
02000002000040000030000000005002100001401001000
00000200500010100055040045133120000001041000140
50000000000030000005000300000000400030300200400
00000000300000000002000001000003000000200000003
02003050000000000020000010000420000000421100040
00040020003002000022000000000000051000000000000
03000000000000000000100005100010002300050004150
