42 5
030250003040000210000005000503000200030004
500002001050000500001100300145000000000300
240000000010000003010000550000040000040000
005020400030200103000500100030000000000200
000030400000500130000000000500500004000002
355144000000040000102250100000041000001030
010200050030001220140410001003000402405202
400030020005000530502000040050000001121210
000000000000003300020000100003100040000003
400350000035200010000050020000000100000000
004000050000100000300205000004004000000000
005040020400000001000020000000000500000020
300030410030000000000000000050003500220121
005400043200005200002000005000000350033200
000020002020000010005002000000100000302000
050000001000401000013110500400403100400054
000000204000220100050300054000000300002301
051000040040400000000300050000000530000000
010000003000000022040500430300000020202000
005253000000310320510050000503103020000100
000303003003201000000014000000000240020000
400000250000010000010000000002000500000000
000000100002100000000350040002000040022000
002500500000025430100003000300000400010000
000044000430000000033015010004143130430010
000015405500000230000000500004003302200000
004404040402000300000010500005100000000050
004000000103011010000400000320040100044000
005000000000400014010000000000020003000000
305000550003000000500541000000001030000000
004440033201001204001100050102040000150000
400400000230205050040002000151000000050000
500000000230030054200050400300230010010000
200000300300400000400004000000014420054000
000040210400000003001043010000002000500040
001010200000015000200000000000000000000020
000000400120003002120040003210200500500500
030000000000003205052004000000000051305000
000003000001003300002202000000000020005200
000000505020400050041000004500000304200003
004050040000000000020150010050000130003000
000030040000004003000003000503000000005000
