48 5
010300000122000030001005000010011000040000000000
020405000000000000500300001500000500100230250500
000100020000000005140000040500030040404100100025
000022400300200050100000000000200002000034000004
004515050020200000000000003003000000030000002000
005004002000000000020040020530000000000200200004
000000040500000000000000100000120040240030000000
002200000003000000000000000000000000000040000005
020540000500000000000000030501001000001200004000
000330010000140020210000000000005000000000000000
020000000000050000030000000000000050003010030003
002040003405200000000040000300000000000300004040
000230100000000030000005003020000000000002000005
000300000002002001200400000000000000000000000000
000000000043000500000000000000000300000000000005
005040000000000420005000040000000000050000040000
000003035000000000200400005030030000000400000010
040100000050000000010200000000000030300000000000
000410000100000001325040200000000000000002000000
030000000301010420200200000010000300000210000000
000500000510000100000000002002200000004023010300
030000000000000000000210000400050020520003051000
050100003000000000500000000000000000000000005000
000500500005000500030050500000100200005000403001
450002055010403110000000040000200014010040004002
000020200300000010000300100540305000500200000000
050000021003000050030302503500000040003000220000
114000000000000100000125300020000000000100000010
350500000000400200004101000000500004300000505005
000000100000000000100400000005010000000030000002
000030002000000002000000000200400440000520200000
000000030030000024000000003000000004000010000500
304000500400000100000030000000051000010001000500
300000000004040000500003000000100043100000040040
500003000100000000000000200433000000004000000000
000000010500030040005301000000000000000104000000
001004005002305053004000005405040001201401000000
001054000100020010500400000413000000000015000530
000000002000000003005001000000000500000000000320
003200000003005004000000000000300000200000040000
100000200100000000000023020000510010000403045000
020000500003400000000143000201002023000004001200
002200500000002000000000030045200000000000000000
000000000000001010000050000000040000000000010240
000044004000400000301003000001030000003000100100
000000100000300005000000000000000003000003040020
400300000300005040200004000000340400020005004000
000000003002000000000001000000000003000000400501
