45 5
050000510004040040401003200002000050230030000
000250301300104200000000050000000003000400200
500000010005030050212000005104004000010050040
340020000030000440200000200000040000200000000
031040000005041200001000010500100050300440405
040300000320002000004000205044000002002051030
000200144000000020005005000000000041000000003
000400010004000400400400000401323000000003050
000000000020100002000100000050000010000000040
004000003005003050030000020000030000010010000
000000300042003001030002000000040050050002000
000000000000004000000000014002000000400000000
000110000052210002002020300000000000020015000
000035030045000505000040202000403000200010002
000030030042000020003400000000005500000005500
000053300500405200000000400500503000521002000
004040000000000010000000000000400000003000000
000000000040000010001000000040000000000001100
500001000000500002000003000000210000023000040
000004020000100000000000003000000015000000200
000050004000010004200003001010000001000003050
000000000000003000000200004100000000000314000
005300000005000040300031550004000000000000030
000020303000050040000000000000000000000300005
000300005003014020020240250010015030551000100
000000000220000005000000000000000020000000000
500000024020000000003000300500300000000210430
020003050050030200010200100000000100000000000
000400051040010005330004000310005040300040100
300000000000023000000000000000000400000001002
000051430004000032000053000000000000000000010
530011100053400000000100000140002020003000000
000005055000305000004000000003000004230100004
000000010120050000040000300340005200050000003
400100000200000050000003000000023030000000100
043000000400000030000000020150001002000000030
100000050000000040501000003200000305000004000
000000000041005300000300000114003000100020000
055000000020542400100000000000040000401202000
100030000150021100000010023205144000400102000
000100000000041005204400005200000000000050000
000000031002000000000003400010200050021000500
000000000002100000000000040042502000100001010
030320000000400505003005030050000000002000305
200501003000000304500030500002000002002000000
