48 5
001000000000010010524000003100000030000000000000
020000020003030100032000400010200050200501000010
000030000000040010000010003040040400300000000500
000002000000040000040034000000000210000001403000
102000030200000405000000000005050003300010000001
002000001304000300320100000420030003001000000500
000000000040001000000400000000000000000000000000
500004000100000030020000502000000031300000000010
000200000050000004004000000000010000055000200000
020010030000200000002000400000000000501020200020
000000500000030050001110004000000000000000250500
020000000003500023400020200000400000300400000000
000050002000001450000002500000010000000000000400
000300000000000500000000040030000000000000000400
005200050000000102000000000000010001001053020040
000000013000000000042205000000000000000000050000
000040000050025000002100000350000005410000000000
300002000000540130500000000403050000000020005030
003001001000034102000000020000100100000001400032
000005014001000000000000100040010203000400300100
000501015500220000004000000000000000000000104101
000000400010000000000000002023000340001042000303
205000000000000000003300000000000000400025000500
300000000000005500002250000000000050000000010000
000000000000000004000000302000000005400030030540
000000000000000040000000500000000000300000000000
000000050000001000040400000000004000004000504005
000001003010000000200302000100005043000000000000
002000000001402000000501000400005000000040300000
040000000000000000200000055500020000050500000030
000340450000330000000020002000000000000300000144
055000120205003102003022201500000005000000004500
500010030020000001430002000000200005000000004001
001000001000000100000005023000400000000000020000
205500002050000000000000000000004050030050000500
000000000030001300003000021000000020051010000000
000005030220000000000000000000004004003140000004
000000000002100000000000020000000001000100000000
400000000000000000031020000405000200003000430001
450000030000104500440440000000000300050300050005
000000100100300000000500000303200000040001003500
203000000000000041200050530003420000001000000000
000020300000500030510401030030100001400050004001
000400402045000000404000025000500023450201200050
000400000000000000000000003000000040002030052000
000000205000300000000330300100000004000000020200
400000000000000003000000004004030000500020320003
110130000010000000004004000200000000000000000000
