44 5
40203050000033030001404010100024005443005000
40013004014400011000004500050210000000200001
50050300100002010030030010000000305000300010
10000300000054401000500000000000000044031000
02330000040000004000000040000000000000000500
50002340000010020000005020000030005040001001
10014000000000500304000000000100040030001000
00400500000200035000010030000000500000020000
05000000000104000000005000000002034050000300
00000200420022300000000004000050500000050005
40020000010000040033000050000000030000002043
05550000000000100010000000000004000010001020
30000100000000000500001000000300003105001000
00002000000053000042000000000410002004500005
00500400000000010050000000503131501000003050
00050403002030000200200030004200013031502300
05000030000025100020004040400000000000000000
01500000000330500033400010002000300000500040
04010200000000000000000300004200005000340000
05105010020000034200010004000000300005000010
10500040000000003200000500000110040000000030
30300004000100002304403102005010540200503400
00010220000300000100000300000200030022000000
04005000010000050404000000000000000000040000
00003002220010010000410002001002400000000313
03500001000200002040000000000033505000150000
00004010400000000000002005020105200555000050
00002301000000400220010005040004500000015000
00002000005000005000050400500244000103201003
00052000002020020002040000001000005000504022
10000020400300503040000000000002050050200032
30000000003000010020300002350051413005100020
01003005001000000001000005000003005404510140
00001004002030000001000004400021304302000010
00000000000030001020500000505000010050000000
20050000000003021050000004000000200000200300
00000202003000040000020001000400003003000003
00002400020000000000000000000051000004000030
21000030402000000030000000000000000200020000
00000004000002001000002200042004000000000020
00000030000002000000000403300001003050000000
00000000005000000000004040304000000500000030
45400000000000020000100010000000000405000000
00204401100002000050000000000003000000010020
