42 5
400000401000000000000442000000020003000000
043000020040400040020500100000002131000000
000001000040002010103000040040010004013401
005031000000010000003500013500500300150000
031100003003000030040100200000330500002300
100000200302000400000000000000305010002000
100002004001050000004003020402400050050400
000000000500000300030000000000400000000550
000005101000000020000540002004010050000000
040020013000020400010000501000001000000000
120000505520030030020000204500003005055003
000000001000004043540002000200300550004043
453000000301000000054000004050500300440024
224000200050003301000231000000000400000100
000000350520050100052300040004001000040000
000043300000003400000000000004000000400050
000052101000300000000010340240001050005300
030000024020000013020010000002003000153200
004031002004103020120000400000000340030000
200001000000000000002004003020505055000010
015000000010000220003004350004000000004040
002010000000000012200250030430000000400430
000540000003000053500200020000000100030003
104010003210000020000000000000005050000100
000000000050000000003010202000100000152403
000000000200030000554000001100001050201002
000000000201050002000000030000025354004000
200000000400400000104500400001001000000000
203000000000054004020010100350002000000003
000030000010000014000000500540000100000014
030000030400200002022000100000512403050200
004000033052000000003052030301050000000110
020000000004022140000000001200500200051000
400200010040200000000040000000105005000000
022000002005053000000053034000200300030000
150002005553000044032000030020320000001500
050420000000000300003001501010000140000224
050300000000000000000010000200200000100000
000000000000300000300005000000000004000124
001000300004003500440000200000050003000440
100002000550234005500005050003400002310040
501000050001000300000001010050005000000000
