42 5
500010000000450020000000001300040500030000
040010200005200020000500000005000040055000
001040340000500000000000000205040040001000
000000030254004000050050001003500004100024
500050000010001010050033000020400000200000
030010030000405400531010004005000205000000
000050005055000030000502500000001000023050
200300202030000000100005400314202000030000
030000000000300021001002004300450050005000
150024040120001000000005000000000002005000
000100400010000004020000000004000000050000
000110000000000550002020200004000100303000
001043000200201010000000000000300000004000
400000000040500512030004000000101442043300
005030000000000110000000005001005000200000
303003010000000500054204044100000000003103
000500001040030201014300020000025400000000
050000000030000000005000000405000500030000
503144002000000003054000030201000130100000
000400030400001022000000004500000052305000
102000000540300000300000005404200020000020
023000001400000000000400000230001402230300
010050003000000002005020000000405014510000
300200020500102003500000030302000000000000
005003000030010050200000045000000000103000
000005105000000030220003340001000000005000
340000041000003000000204003320000300420002
103004025004000300000003000210001000300000
000000000402000000014000000000040004005024
400030040000000000030000040000000103300000
100000550400010300040200300010404030000400
040000010500022501002400000004400150100000
100020343011002052102000000010005000002000
100001020000030020020020042001000000043015
000000010430302042203055030000305000001000
000000030001000232000001550003020000030000
000000350040410002401000000002000050000300
000300125054010030054352000010000100000100
050005400030020050001000000400002000000002
030500003000010231005210002045020010030000
050050000004030000004000000030000000000421
000040501002040020004000010210000100000000
