46 5
0000000000000000000501030000001000050000400400
0200030030005000000400000000000000000405014004
3005050050001000003000000000204050000030020000
5003000000000000000040000004330000000001002000
0050015000000240004004000003000000000002200045
0013000000000000005020000005001000000000000050
0000050020050000000000022040003000500214000010
0000000040250004030201000000035030540000000000
0000200005000014000402100005000000003000000000
4001002000000005001500000000020020000052020501
3004020100000401400000000010005200000000500010
0000020400042200020000310000000030000050000200
0000400041000000010000000100000005122400050000
0004041005000500000000000403523004000000340000
4001050000200000003000000000000540410010000000
0000040000000000030501300000000000500000000303
4000500000000500200002000010400000000003503030
2000000000022212100000000300400010210002050000
0000005000150300004000002105040010030000030000
0004300004001000005530000000000020000023002010
4050000035002000003140500030003000003002000000
0000000010000000023000304000400001200103000000
0000000000000000030030000000000003000100000000
0000030305001000000455000000050000000001100300
0040000000000000101100030000010050030410000010
2100400000000000100200000004000300000520010050
0000401000500020000000010000505050004502000000
0200001400000500002304005220240000010030012040
0304003010000000401000000005400050000150200050
0001000402030000032001000020000000000000010030
0005005000000000020000040004000000200000000042
4000000000050450003022100010000510000000030050
0000000000300000201002300050400000000403100000
0000000010020000000000002003100002500005000013
0100050030510400400000000004000003002000500000
0000000000030000002000000000010040103000410020
5430000230010040000200003000000005000000000300
0000500030010030010001000400003501030020000032
0000200005033000000000040000440002200013110000
3500000004000200000000005000003000000050230030
0000200010002000000400000000000000000000003030
5100500000005201000400000002504400400401020003
0000000000000004020000020000010000000000303000
4004300420010000532042000050000200002000000001
0004100000000000000403400000005030000000200004
0000000010540005300050050100020003140000000300
