48 5
130030000500001001000000000005054000020000000004
000000400000040023040000210000003000000000042205
100000000020150000000000100051050030005500000040
001000002004004010300200031000020000002010200400
000004040000000400500002100205000000300005100000
001500000000043100000500000000000001000000000000
300000010000000000000000005500042040000000000500
000100200001501300000450000000000000000000005043
005440001000100000000000020000002011000000050400
000005010003000000000004000403000000000005000020
004000030000000050000430005400000020000400400050
000020000300000002000540005500000000000050003005
004000020400003004020100010020000004032000000500
000030000002000400000000000004000000000100004000
000400300400404000004000000032000000000005000004
000105000000000020401000040000000002000100000000
000000400040000050000002000023000130000000104005
020000000345000000000000200403000000001000300200
000300030500000000030000000103000000000050030050
040000200003000003004400000033003000000032000105
330004000150000000300200030000020000000000100000
040000000000252000005520005050100030050000005002
000300503000005030323000004000200050000000004000
000000000000000000004020400000001000000000030001
304000010120000330000000004030110001005000500001
500000000000002000000220000402000003320000000450
010000350001010330000120000004000000050003150000
320004000000312230050010000000000010000000500150
000000000000000000001050000002005100040000010000
000100002000000010500000500000000000400020000000
000002100003000000000100000014000322000200000050
000000004000000020050000000000011050022005040000
003000000002040005000405030040000004003200000430
533300000000003000000500200000000020040000000020
300000020000000100000100001033000000000005000000
000000304400050000400000005010520000013000003000
000000005002000003040000000100400030031000000300
304442200000100000000000000020000020000000200010
200001030000000000101000000000000000010302100000
203100000400553000400000001000500005200000000000
000001005000000000000000030200040000404000000040
100000000050000000001020003000000000000001002000
000040000000000000005000020040000000100000005000
200000002100000000030500105000300002000000000140
003500000000020000500055024030000000033000000000
000000000005000000000010031000000100001000000000
000200045002002500000000200020040000540203203300
050004400050101201010000100402040000000000000000
