44 5
02013000201105000050405000001000142400300050
00000000000550040000000050300000000000200000
20050001033400332001000000000000000300003000
00400000000210000000203000000045101000000001
03000400040325005000010000000040000300001010
00010500402000442000000001030303000001514000
05000000000000014010000043400000000110000040
00020300300000400500000040000000000000320002
01000200055004000030042000000220200000300000
30000002000000005041030000024240000000300001
30000501002000002000000500300001550040100010
00200000000100000005000010000030050000000000
10000010001000030530000300000005403020004013
00200010340000000000002000030000000000200320
00300004004400005240343000005004050500002400
05350000000000000200000000100032040023053002
00000000000000020000003520000000010000004015
00500200500000000005010000001010300401050020
30300000005500000000050000000010000044110005
00025222104130300340000000040000000530305105
00050004030000000550000030000000000000000000
34050201000010003002000204404000500000030000
00000102003200150502000000000000000104054500
00003100000100000000230002050002000400040000
05200004000024003000000020200050000550040102
50000000024022000000052040000350000300100000
52000000010040000000000000000005003000002000
03200030500001005000010002003050001000440003
01000000200100000050000104400000300014000050
55000430000000000554200505420003000000000101
02030000000034020000002000100100000400000000
04000030005010000500000000040300000340000000
11411000300000000502000043000014200000030020
01040502000050400001125000440500003201000000
10005000400000000030005030030025200400020000
52040210030020400000000000000000000020000010
02000000500000000040000000000000300000000005
14300050000010030000000000000000030001000000
20001000032405005000001000310401000300100310
53200500040000005104000000200000400034002000
00020000003000205000002000000040100000020500
00300000001000300500000004000044000000000040
00004210100001210000000004000000004000000000
00010000200003000200500030000000040000000302
