48 5
000010000000000010000000000100000000030000000000
400004000000000000140000022000000000400000001300
000050004010431540000000050000000300200000200200
300000003000300500000004043300050300005000000000
020302010040000030100000000000000040001003010011
000000000000000100202000000000050005000005040000
004000400000000130005000000110000430010000020000
300000000000005200000000000220002000000000002040
000040000104050030134000010504040000000000005010
003000005500000500000050000040040300055000000050
100132000005020000200000000002000501000053000000
000404500001000000300000005000000000001002000020
000220000200000000000000500000004000200000000000
343000000201300100000000340000000500500100000200
000040000050022000050000000420000040000400000004
040000000000000000300010000005040100000030000000
300050100000300000000050400000005010000000000000
000000000000000440040501000010210043000500000000
004000003000000010000001001100500000000000000000
520000000030530000000500013200000300000200100000
000300000000000000000000000000001040500000000005
000000000330000100000104000313350003200000030000
300000300000000200000005000001000000000320044001
200000000005320000500000000300300000050005000000
000400400000000010152205000000400342020000002000
000004231000001404003020030003000023000300304030
000050001000005000000000010000200000020000001000
000000000000000040100000000000000030000020200000
000002000015000020000021500000000300000052000000
000000300000410000501000000000000000500000000003
050000000000000000200000000040204200400010504000
050000002010000000400200114420005300000000010000
040130000002000500400000233000044003000004000001
020000000030000030004000000002023005000000020000
002000500500020000100003300001000001130000000000
025200001004135040000041300000100202000400000000
200000000020000221000000401000000000001010024400
000020000000000300000000050000000550000000001035
044000000000003000300000050030020000002041440004
000205054050000000030002030040001040250042000000
000200000002000503000050100400000050020000000000
100000400030300000000400000000000000020000500040
000000430040530400000005100530000120000000000200
000000000100201100000000050052000050000000500200
010005010000003020040010300000001000000400000500
000000000000004000005000530000304004000014025000
000535000300300000250000102000000000400100000310
000010000030000000000000000005300500020540200150
