317
37 37 38 37
33 14 33 15
36 12 36 13
23 19 23 20
20 28 20 29
19 36 20 36
35 23 35 22
26 37 26 36
32 14 32 13
12 33 12 34
25 25 25 26
26 36 26 35
24 21 25 21
3 6 3 5
0 22 1 22
33 31 33 30
0 18 1 18
22 0 23 0
2 19 2 18
21 14 22 14
26 7 26 8
20 36 21 36
33 33 34 33
27 27 27 26
3 3 4 3
31 11 30 11
36 13 36 14
38 26 38 25
27 4 27 3
14 34 14 35
35 31 34 31
38 21 37 21
35 12 36 12
29 36 29 35
9 12 9 13
27 33 27 32
16 25 16 26
5 9 5 10
29 24 30 24
15 33 15 34
8 31 8 32
25 21 25 22
11 9 10 9
7 36 7 37
26 20 26 19
26 33 26 32
13 29 13 28
36 14 37 14
34 1 35 1
10 0 10 1
24 1 23 1
25 24 25 25
14 31 15 31
32 13 32 12
23 37 23 36
31 12 31 11
10 35 10 34
5 14 6 14
5 13 5 14
21 13 21 12
30 21 30 22
33 36 33 35
31 25 31 24
4 2 3 2
21 36 21 35
25 25 26 25
29 7 29 8
9 11 10 11
19 33 19 34
7 35 7 36
29 32 30 32
36 10 35 10
24 5 25 5
2 17 1 17
23 13 23 14
4 3 4 2
20 4 20 3
33 16 33 17
36 7 37 7
19 14 19 13
7 7 6 7
24 35 24 34
9 13 10 13
2 18 2 17
20 10 20 9
8 26 9 26
31 16 30 16
2 17 3 17
31 7 32 7
20 27 21 27
24 12 23 12
2 16 2 17
36 22 37 22
4 9 5 9
14 22 15 22
31 33 31 34
22 25 21 25
1 17 0 17
31 38 31 37
34 6 33 6
19 6 18 6
37 22 37 23
33 23 33 22
18 33 18 34
36 16 35 16
26 17 26 16
36 15 35 15
34 24 33 24
36 17 36 16
37 32 37 33
27 26 28 26
31 18 31 17
30 24 30 25
31 26 31 25
2 36 2 37
34 3 34 4
23 0 24 0
9 20 9 19
7 27 6 27
37 8 37 9
5 12 5 11
18 6 18 5
34 18 34 19
14 14 14 13
18 34 17 34
6 1 6 2
25 35 25 36
18 37 18 36
23 12 23 13
16 37 15 37
38 17 38 16
35 2 34 2
27 18 26 18
21 27 21 28
32 22 32 21
6 12 5 12
15 22 15 21
20 8 19 8
31 17 32 17
38 16 38 15
35 0 36 0
23 1 23 0
3 5 2 5
0 24 0 23
38 25 37 25
37 2 37 1
19 34 20 34
35 22 36 22
23 13 24 13
26 30 26 31
19 35 19 36
37 25 36 25
23 36 23 35
11 21 12 21
7 21 7 22
7 36 8 36
10 11 11 11
8 8 7 8
2 10 3 10
17 10 17 11
16 4 16 3
35 28 36 28
34 36 33 36
6 6 5 6
25 20 26 20
10 12 10 11
35 16 34 16
9 32 9 33
12 18 12 19
14 37 14 36
34 4 33 4
9 6 9 5
30 3 30 4
37 10 36 10
14 32 14 31
1 22 2 22
36 16 36 15
35 15 35 14
31 11 31 10
17 34 18 34
36 36 36 35
5 11 6 11
22 13 22 12
7 26 8 26
30 16 30 17
10 20 9 20
17 21 16 21
16 10 16 11
4 23 5 23
26 21 25 21
34 13 33 13
17 17 17 16
2 17 2 18
36 25 36 26
10 1 10 2
5 9 5 8
10 21 9 21
9 35 9 34
37 26 37 25
6 29 5 29
25 38 24 38
7 34 7 35
21 5 22 5
19 8 18 8
33 13 33 14
17 22 17 23
11 18 12 18
3 16 3 15
3 27 3 26
24 16 24 15
18 5 18 4
33 14 32 14
24 18 23 18
8 27 7 27
12 14 11 14
4 36 5 36
38 14 38 13
19 32 20 32
1 36 1 37
24 19 23 19
29 21 28 21
19 10 18 10
8 4 8 3
29 20 29 19
16 21 16 22
15 37 15 36
6 11 6 10
22 12 23 12
31 9 30 9
20 32 19 32
31 10 30 10
37 21 37 22
6 34 7 34
2 23 1 23
7 37 7 36
5 36 5 35
1 23 1 24
32 37 33 37
9 34 8 34
1 24 1 23
33 37 33 38
18 32 18 33
13 26 13 27
7 27 7 28
31 15 31 16
16 9 17 9
34 17 34 18
31 13 30 13
4 20 5 20
24 32 24 33
32 32 32 31
14 15 13 15
21 8 21 7
16 26 16 27
35 32 35 33
11 29 12 29
31 23 30 23
13 31 13 30
16 11 16 12
19 32 19 33
31 21 31 20
14 30 15 30
36 32 37 32
3 10 3 9
25 22 25 23
36 35 35 35
9 37 9 36
30 36 31 36
23 5 24 5
23 10 23 11
2 22 2 21
38 28 37 28
30 29 29 29
11 14 10 14
1 35 1 36
24 0 24 1
37 38 37 37
2 21 2 20
4 22 4 23
16 27 16 28
5 23 6 23
26 19 27 19
8 36 8 37
32 29 33 29
13 34 14 34
30 13 29 13
11 17 12 17
15 19 16 19
34 7 34 6
24 5 23 5
25 36 24 36
9 19 9 18
21 26 21 27
35 1 35 0
5 12 5 11
24 33 23 33
6 5 6 6
10 19 9 19
36 11 37 11
9 30 9 31
20 12 19 12
23 18 23 17
36 12 36 11
17 11 16 11
5 29 6 29
25 1 25 0
5 35 6 35
18 9 19 9
30 12 29 12
23 3 22 3
34 16 33 16
37 18 36 18
6 38 6 37
34 37 34 36
5 24 5 23
5 25 5 24
4 7 4 6
182
8 26 8 32
11 8 11 11
12 32 12 34
15 34 15 36
7 3 7 5
16 3 16 11
0 17 0 21
32 17 33 17
3 11 5 11
14 34 15 34
3 17 3 26
18 4 24 4
32 9 32 12
4 2 4 4
4 4 4 6
30 22 33 22
9 15 9 18
37 23 38 23
23 33 23 35
34 2 36 2
26 8 26 13
10 9 10 11
24 13 26 13
8 26 9 26
3 9 3 11
23 35 26 35
7 8 11 8
36 33 37 33
9 26 11 26
7 28 7 31
28 26 29 26
19 30 19 31
3 11 3 15
36 11 36 15
21 29 29 29
15 31 15 34
16 17 22 17
19 20 19 22
36 22 36 26
21 7 25 7
18 10 18 11
16 28 21 28
26 18 26 20
29 12 32 12
10 18 12 18
35 10 35 14
25 7 32 7
15 30 19 30
32 7 32 9
16 17 16 19
19 36 19 37
23 0 25 0
32 14 32 17
25 33 30 33
19 30 21 30
14 11 14 13
8 32 12 32
8 22 10 22
1 36 7 36
33 30 33 35
34 2 34 6
10 22 16 22
6 31 7 31
10 13 11 13
9 26 9 29
24 11 24 13
18 4 18 8
33 16 33 17
4 23 5 23
33 6 34 6
8 3 10 3
7 36 9 36
8 11 10 11
1 23 1 26
33 17 33 22
33 38 36 38
0 23 0 25
11 37 19 37
16 22 16 28
7 2 7 3
12 34 14 34
37 32 37 33
6 14 8 14
1 18 2 18
7 22 7 28
36 15 38 15
4 2 6 2
31 16 31 20
7 2 10 2
33 0 33 4
32 14 35 14
31 25 31 28
7 35 11 35
0 26 1 26
26 20 26 24
36 26 36 28
28 22 28 26
36 22 37 22
36 2 36 10
36 10 36 11
11 35 11 37
7 5 7 8
25 26 28 26
4 6 4 10
11 11 14 11
26 20 31 20
33 30 36 30
18 8 26 8
1 34 1 36
36 28 36 30
31 25 35 25
30 4 33 4
3 33 3 34
24 4 26 4
13 28 13 30
28 22 30 22
25 5 25 7
30 25 31 25
0 17 3 17
9 18 10 18
6 31 6 32
32 6 33 6
12 17 12 18
26 13 26 16
18 8 18 10
36 30 36 33
19 20 23 20
3 15 9 15
15 30 15 31
25 23 25 26
18 33 19 33
33 15 36 15
7 22 8 22
14 13 19 13
8 11 8 14
3 15 3 17
13 28 16 28
17 33 18 33
7 8 7 10
32 12 32 14
19 13 24 13
25 5 28 5
10 3 14 3
1 26 1 34
37 33 37 37
21 28 21 29
29 35 33 35
6 10 6 14
21 30 21 35
20 16 26 16
24 1 24 4
21 28 31 28
26 16 26 18
19 33 19 36
1 34 3 34
19 9 19 12
16 22 19 22
33 22 36 22
3 4 3 9
4 14 5 14
26 35 29 35
10 18 10 22
14 3 16 3
23 20 26 20
33 4 33 6
1 18 1 23
4 10 5 10
23 11 24 11
5 10 6 10
36 1 36 2
0 21 0 23
7 31 7 34
26 4 30 4
36 30 37 30
7 34 7 35
38 15 38 23
5 11 5 14
21 35 23 35
23 33 25 33
32 17 32 18
10 11 10 13
21 6 21 7
