40
28 23 27 23
27 9 26 9
26 22 25 22
15 11 16 11
14 25 14 26
26 26 26 25
5 5 4 5
11 0 11 1
24 11 24 10
28 25 28 26
2 25 2 26
22 21 21 21
8 3 9 3
14 27 13 27
11 21 11 22
15 3 16 3
23 18 24 18
1 22 0 22
24 5 23 5
27 13 27 12
8 4 8 3
8 15 8 14
20 17 19 17
20 15 20 14
15 27 14 27
17 14 18 14
0 12 1 12
15 14 16 14
28 9 27 9
20 23 21 23
24 20 24 19
28 3 28 2
26 16 26 15
25 8 24 8
18 20 18 21
4 8 4 7
13 9 13 10
11 10 11 11
7 27 8 27
12 5 13 5
160
16 12 16 14
24 3 24 6
16 3 16 8
21 26 23 26
26 13 28 13
16 11 16 12
1 7 1 12
26 6 26 7
26 8 26 9
11 1 12 1
2 16 5 16
15 26 15 28
4 7 4 10
9 4 9 5
4 5 4 6
21 12 21 13
26 7 26 8
18 4 19 4
13 25 13 26
16 8 17 8
20 14 20 16
13 22 14 22
9 9 9 12
18 21 19 21
16 9 16 11
28 13 28 15
23 2 23 5
18 0 18 1
25 12 25 14
24 6 26 6
3 15 9 15
20 10 24 10
25 24 28 24
19 15 19 17
4 1 4 5
16 18 18 18
5 26 8 26
20 24 20 25
5 16 8 16
16 8 16 9
15 25 20 25
21 21 21 23
24 19 25 19
21 15 23 15
6 9 9 9
6 22 11 22
14 11 16 11
18 14 20 14
24 18 24 19
12 8 12 10
11 22 12 22
1 12 1 18
11 11 11 14
27 19 27 23
28 10 28 12
26 12 26 13
24 6 24 7
11 11 14 11
12 28 13 28
13 3 16 3
3 12 4 12
12 8 14 8
9 4 10 4
21 12 25 12
24 24 25 24
13 3 13 5
26 9 26 10
11 1 11 2
20 7 20 10
26 21 26 23
26 15 28 15
26 9 27 9
13 25 15 25
2 16 2 19
9 15 10 15
4 1 11 1
18 14 18 18
19 21 21 21
16 11 17 11
9 3 13 3
25 10 26 10
10 14 10 15
8 3 9 3
25 14 26 14
25 2 28 2
18 7 18 8
10 10 10 14
26 10 26 11
6 4 9 4
25 14 25 19
11 15 11 22
9 24 9 27
14 22 14 23
18 1 18 4
20 6 20 7
23 20 23 23
20 24 24 24
9 12 9 15
2 26 3 26
12 1 18 1
19 17 19 21
10 6 10 7
19 4 19 5
28 15 28 24
15 26 21 26
5 16 5 26
25 22 25 24
10 7 10 10
25 19 25 20
10 15 10 20
1 27 8 27
23 2 25 2
23 26 28 26
17 8 18 8
3 1 4 1
8 26 8 27
7 6 10 6
20 10 20 14
25 19 26 19
8 16 8 17
4 6 4 7
14 23 21 23
4 7 10 7
10 15 11 15
12 10 13 10
1 18 1 27
1 7 4 7
19 5 23 5
21 23 23 23
24 8 24 10
14 26 15 26
12 22 12 28
20 16 20 19
10 10 12 10
20 25 26 25
16 14 16 16
26 19 27 19
18 4 18 6
19 10 20 10
23 11 26 11
3 26 5 26
13 26 13 27
13 22 13 25
16 9 18 9
13 28 15 28
20 19 24 19
26 23 27 23
8 27 9 27
3 13 3 15
14 11 14 22
13 27 14 27
18 6 20 6
8 2 11 2
11 15 13 15
2 0 18 0
19 2 19 3
10 4 10 6
26 11 26 12
27 12 28 12
28 2 28 10
