208
23 23 22 23
9 8 8 8
3 25 2 25
23 0 23 1
18 21 18 22
15 26 16 26
28 5 27 5
12 9 11 9
15 25 15 26
14 21 13 21
14 25 13 25
24 12 23 12
28 21 28 20
9 27 9 26
25 12 25 13
19 1 20 1
3 0 3 1
13 27 13 26
15 3 15 2
19 20 19 21
1 13 0 13
8 0 9 0
3 10 4 10
9 20 9 19
8 12 8 13
13 25 13 24
25 17 25 16
18 26 18 27
4 4 3 4
15 4 15 3
20 2 21 2
17 27 17 26
9 4 8 4
17 1 17 2
4 22 3 22
8 9 9 9
23 21 23 22
2 6 2 7
13 10 13 9
19 18 18 18
24 29 24 28
8 6 7 6
25 10 25 9
2 0 2 1
9 25 8 25
1 11 2 11
16 19 15 19
21 6 20 6
7 12 8 12
24 11 24 12
22 2 22 1
28 29 28 28
29 18 28 18
9 28 9 27
26 14 25 14
27 19 28 19
20 1 20 0
6 6 5 6
17 21 18 21
24 12 24 13
5 20 4 20
19 25 19 24
7 13 7 12
29 5 28 5
11 18 11 17
11 25 11 26
24 26 25 26
25 18 24 18
15 2 15 1
5 14 4 14
16 26 16 25
14 3 14 4
16 1 16 0
17 14 17 15
21 21 21 20
9 10 8 10
4 5 4 4
2 20 2 21
1 14 1 15
9 26 9 25
19 26 18 26
10 17 10 16
29 28 29 27
14 26 14 25
3 2 4 2
5 6 5 7
4 17 3 17
8 10 8 9
18 20 19 20
18 18 18 19
29 21 28 21
19 22 19 23
6 12 6 11
2 26 1 26
26 10 25 10
6 7 6 6
10 11 10 12
10 0 11 0
9 9 9 8
9 15 9 16
9 27 9 26
10 5 10 4
22 6 23 6
28 9 28 8
11 20 11 19
20 26 19 26
26 7 26 8
15 21 14 21
5 23 5 24
28 21 27 21
7 12 7 11
26 12 25 12
8 14 9 14
8 13 7 13
27 27 28 27
27 13 28 13
13 7 14 7
9 19 10 19
3 19 3 18
27 25 26 25
4 14 4 15
19 12 18 12
5 12 4 12
28 28 29 28
7 14 7 15
14 8 14 9
6 1 5 1
29 3 29 2
29 12 29 13
26 18 25 18
16 20 17 20
10 6 11 6
18 22 19 22
10 10 11 10
29 2 28 2
14 28 15 28
11 29 12 29
3 16 4 16
29 29 28 29
8 12 7 12
27 10 26 10
20 15 19 15
21 13 21 14
6 6 5 6
2 28 2 27
3 1 3 2
7 11 8 11
21 27 22 27
11 17 12 17
21 9 21 8
11 0 12 0
27 22 27 23
4 12 4 11
23 12 24 12
22 15 22 14
27 9 27 10
10 28 11 28
27 6 27 7
22 0 23 0
9 18 9 17
28 27 28 28
27 3 27 4
7 28 7 29
1 19 1 18
1 1 1 2
10 22 10 23
11 22 10 22
26 13 26 12
25 2 25 1
13 11 13 10
24 23 24 24
28 18 28 17
17 18 18 18
26 25 26 26
0 25 1 25
21 11 21 12
21 2 21 3
7 10 8 10
4 20 4 19
10 23 9 23
24 27 23 27
28 11 28 12
27 7 26 7
16 8 15 8
12 24 11 24
10 27 11 27
4 0 5 0
22 18 22 17
24 2 25 2
13 5 13 4
25 22 26 22
18 6 17 6
7 23 8 23
17 15 16 15
25 4 25 3
25 21 25 22
21 12 22 12
6 11 7 11
15 18 15 17
29 24 29 23
5 5 4 5
6 18 7 18
19 19 19 18
20 11 20 12
24 19 24 20
17 20 16 20
25 23 24 23
29 1 29 2
192
26 26 26 27
12 27 14 27
25 16 25 18
8 7 8 8
8 27 8 29
19 3 21 3
2 25 2 27
17 6 20 6
23 11 25 11
29 13 29 15
19 18 19 20
17 26 18 26
13 15 13 16
2 7 5 7
23 5 23 6
3 20 3 21
13 28 15 28
12 6 12 7
4 1 5 1
13 21 13 24
15 1 18 1
15 26 15 28
17 6 17 7
3 9 3 13
7 24 10 24
4 16 4 19
3 5 4 5
2 16 4 16
28 28 28 29
27 18 27 21
13 14 13 15
25 26 26 26
9 6 11 6
8 27 11 27
4 13 7 13
26 27 29 27
14 10 14 11
0 26 1 26
4 15 4 16
21 3 21 7
20 16 25 16
15 26 17 26
4 13 4 15
26 9 26 10
11 26 13 26
8 8 8 9
29 15 29 22
1 15 4 15
12 11 14 11
2 21 2 25
14 7 14 9
15 28 18 28
8 11 12 11
11 6 12 6
22 21 22 23
19 3 19 4
12 7 14 7
14 9 20 9
1 6 1 15
14 13 16 13
19 13 19 15
18 21 18 25
8 1 8 4
7 11 8 11
25 18 27 18
12 0 12 1
22 21 24 21
26 9 29 9
12 1 15 1
7 1 8 1
15 15 16 15
20 25 20 27
25 10 25 11
23 1 25 1
4 19 4 23
10 24 11 24
23 22 23 26
28 13 29 13
17 22 17 26
20 12 22 12
18 21 19 21
25 26 25 28
7 27 8 27
23 29 28 29
1 6 3 6
2 27 7 27
5 7 5 9
2 19 4 19
17 12 18 12
8 4 8 7
8 26 9 26
10 19 11 19
22 11 23 11
18 0 20 0
18 25 20 25
25 8 26 8
11 27 12 27
21 14 21 15
10 16 13 16
25 2 28 2
1 2 1 6
24 7 24 10
5 26 7 26
11 19 15 19
15 19 15 22
26 8 26 9
24 13 25 13
8 15 13 15
3 5 3 6
10 16 10 19
24 10 25 10
20 21 22 21
5 0 9 0
24 28 25 28
7 26 7 27
29 25 29 27
23 7 24 7
25 13 28 13
7 24 7 26
1 2 3 2
24 12 25 12
8 10 8 11
3 2 3 3
13 26 15 26
3 9 5 9
12 17 12 18
28 15 29 15
18 19 18 21
23 0 25 0
25 22 26 22
1 20 3 20
28 2 29 2
20 16 20 21
2 21 3 21
5 1 7 1
23 6 23 7
23 26 25 26
12 10 13 10
19 15 19 18
26 22 29 22
14 13 14 17
1 0 1 2
14 11 22 11
8 15 8 18
4 23 8 23
12 29 22 29
22 11 22 12
22 1 22 4
11 19 11 24
25 11 25 12
9 6 9 7
9 26 11 26
19 13 20 13
22 29 23 29
12 27 12 29
16 13 16 15
25 7 25 8
23 22 25 22
19 15 21 15
8 9 8 10
29 9 29 13
19 21 20 21
25 1 25 2
21 7 23 7
15 17 15 19
22 1 23 1
18 1 22 1
25 13 25 14
9 0 12 0
12 7 12 8
29 2 29 9
7 1 7 3
7 12 7 13
20 6 20 9
11 10 12 10
18 28 24 28
9 0 9 6
14 4 18 4
18 12 20 12
11 24 13 24
8 9 11 9
15 19 18 19
8 11 8 15
1 0 5 0
1 25 2 25
5 7 8 7
12 8 12 10
14 10 20 10
16 15 19 15
20 13 24 13
12 17 14 17
18 4 19 4
