41
5 18 5 17
5 3 5 2
14 21 13 21
9 1 10 1
18 1 18 2
16 2 15 2
19 16 18 16
5 4 5 3
3 25 2 25
1 23 1 24
9 0 9 1
3 16 3 15
22 1 22 2
1 11 0 11
27 24 26 24
6 8 7 8
24 5 24 6
0 9 0 8
17 19 17 20
5 27 4 27
3 8 3 9
22 24 22 25
21 27 22 27
14 4 15 4
15 2 15 3
25 11 24 11
21 3 20 3
27 2 26 2
10 11 9 11
20 23 20 22
17 14 16 14
14 6 14 7
10 17 11 17
19 12 19 13
21 16 20 16
16 10 16 9
19 13 20 13
5 26 5 27
9 11 9 12
23 10 23 9
22 16 21 16
159
26 2 26 5
15 3 15 4
10 6 11 6
5 3 5 6
22 2 25 2
17 10 17 11
18 16 18 18
11 7 11 8
13 21 13 22
9 2 9 3
0 24 0 25
3 5 3 6
2 27 3 27
10 10 10 14
0 24 1 24
20 3 20 11
0 26 1 26
9 1 9 2
2 15 3 15
13 15 13 17
1 5 3 5
7 8 7 10
22 26 25 26
19 24 19 25
15 4 15 6
3 27 4 27
7 0 10 0
2 11 3 11
15 9 15 12
13 3 13 5
22 26 22 27
11 1 11 2
20 2 22 2
16 9 16 14
10 1 11 1
15 9 16 9
16 14 16 15
12 17 12 20
15 3 16 3
8 22 10 22
7 1 9 1
0 25 2 25
16 8 18 8
3 9 4 9
18 13 20 13
19 8 19 9
20 20 20 22
27 3 27 8
6 0 7 0
7 22 8 22
18 18 18 20
11 6 11 7
24 11 24 13
3 6 5 6
2 2 4 2
24 11 26 11
9 15 9 17
6 26 22 26
17 11 17 16
10 15 13 15
14 7 14 9
23 9 23 13
17 2 18 2
0 8 0 11
21 12 21 16
17 11 20 11
26 11 27 11
0 22 0 24
11 6 15 6
18 22 20 22
26 9 26 11
26 5 26 8
14 9 15 9
2 0 2 2
13 3 14 3
3 1 7 1
19 24 26 24
2 2 2 4
17 2 17 6
21 16 24 16
19 3 20 3
21 16 21 22
7 8 11 8
4 26 6 26
3 14 3 15
27 8 27 11
12 20 12 23
19 3 19 7
1 15 2 15
14 9 14 13
24 13 24 16
11 2 11 4
9 12 9 15
18 20 18 22
4 26 4 27
0 3 0 8
0 25 0 26
4 7 11 7
3 14 4 14
10 10 12 10
14 16 17 16
7 10 10 10
3 15 3 27
2 17 2 25
4 2 5 2
22 9 23 9
9 15 10 15
20 2 20 3
13 17 13 18
10 18 10 19
25 2 26 2
0 11 0 22
16 8 16 9
7 12 9 12
11 1 24 1
2 4 3 4
5 17 9 17
18 4 18 8
22 8 22 9
3 3 5 3
12 9 12 10
5 6 10 6
23 5 26 5
3 15 9 15
13 18 13 21
4 9 4 14
11 2 14 2
18 8 19 8
1 9 3 9
14 2 17 2
10 0 10 1
3 0 6 0
22 27 26 27
20 22 21 22
10 15 10 18
13 15 16 15
20 11 20 13
0 11 2 11
17 9 17 10
18 14 18 16
0 8 7 8
23 6 23 7
2 0 3 0
22 2 22 8
13 18 18 18
5 3 9 3
23 6 24 6
14 2 14 3
25 9 26 9
24 6 24 11
18 2 18 4
6 12 7 12
4 21 4 26
20 13 20 16
26 24 26 27
12 17 13 17
17 20 18 20
12 7 14 7
10 19 10 22
