222
21 13 21 14
17 13 18 13
11 17 10 17
7 24 7 23
12 6 11 6
3 3 4 3
20 13 20 14
19 19 19 20
12 16 12 17
6 9 6 8
22 22 21 22
21 9 21 10
23 1 23 0
9 0 10 0
10 17 10 16
13 18 13 17
18 21 19 21
17 10 17 9
12 4 12 5
3 2 3 3
11 19 12 19
7 22 8 22
23 14 23 13
10 22 10 23
19 7 18 7
8 0 9 0
13 20 14 20
4 3 5 3
18 10 17 10
8 2 7 2
2 18 3 18
20 10 19 10
9 1 10 1
12 18 13 18
0 4 1 4
16 10 15 10
1 19 0 19
12 7 11 7
23 24 23 23
14 17 15 17
12 2 12 1
12 9 13 9
9 0 9 1
7 23 6 23
5 9 6 9
22 24 21 24
2 23 3 23
13 2 14 2
23 15 22 15
18 13 19 13
11 22 10 22
7 2 6 2
1 3 2 3
19 10 19 9
6 8 7 8
22 23 22 24
8 20 7 20
14 0 14 1
21 24 21 23
6 24 6 25
14 24 13 24
24 22 25 22
24 5 24 4
11 21 11 22
14 1 13 1
13 4 12 4
4 16 5 16
13 3 13 4
1 18 1 19
21 1 21 0
3 1 3 2
18 8 17 8
2 22 2 23
1 22 1 21
11 9 10 9
1 10 1 9
24 4 23 4
19 8 19 7
19 6 18 6
6 10 5 10
22 4 22 5
14 12 14 11
16 7 17 7
1 1 2 1
3 13 2 13
23 18 23 17
4 15 4 16
12 24 11 24
23 22 24 22
2 3 2 4
0 18 1 18
11 24 11 23
8 13 8 12
2 15 1 15
3 3 2 3
13 13 14 13
6 7 7 7
1 12 0 12
13 17 14 17
9 8 10 8
24 1 23 1
15 10 15 9
0 17 0 18
1 21 0 21
6 2 6 3
12 10 12 9
3 15 4 15
1 11 1 10
1 10 2 10
2 21 2 22
12 19 12 18
7 21 7 22
25 2 25 3
7 8 8 8
20 6 21 6
12 11 13 11
21 7 22 7
12 1 11 1
2 12 3 12
6 1 6 2
21 8 21 7
6 2 7 2
3 5 3 4
0 11 1 11
16 21 16 20
16 5 17 5
7 0 7 1
11 10 12 10
17 14 17 13
13 14 12 14
2 6 2 5
19 1 19 2
1 17 0 17
6 19 7 19
10 10 11 10
20 19 21 19
11 3 11 4
15 2 15 3
6 3 6 2
2 5 3 5
18 12 18 11
4 23 5 23
8 21 8 20
7 3 6 3
20 7 20 6
25 7 25 8
22 17 21 17
0 10 1 10
14 4 14 5
20 6 20 7
5 21 4 21
24 12 23 12
7 17 6 17
17 8 18 8
14 5 14 6
22 8 21 8
2 8 1 8
24 3 24 2
4 9 5 9
23 4 23 3
22 3 22 4
14 14 15 14
18 5 19 5
5 16 6 16
8 24 7 24
5 19 4 19
24 19 23 19
1 16 1 17
18 14 17 14
4 7 4 6
7 22 7 23
14 6 13 6
6 14 6 13
15 14 16 14
8 17 9 17
6 22 7 22
8 16 7 16
20 3 20 2
25 5 24 5
6 9 6 10
3 11 3 10
3 8 2 8
18 11 17 11
19 3 19 4
2 19 2 18
15 4 14 4
12 9 12 8
4 11 4 10
18 23 17 23
5 24 4 24
22 15 21 15
4 20 5 20
23 12 24 12
14 8 14 9
17 0 18 0
22 25 23 25
0 5 0 6
2 22 1 22
4 16 5 16
6 10 6 11
4 24 4 23
6 13 6 12
22 7 22 8
4 10 4 11
17 24 18 24
18 1 17 1
23 23 23 22
0 6 0 7
10 18 11 18
4 21 4 22
17 7 17 8
25 4 25 5
17 23 18 23
19 7 19 6
24 24 23 24
24 21 25 21
23 21 24 21
3 23 3 22
0 13 0 14
16 2 17 2
9 19 10 19
21 25 22 25
176
20 5 20 7
0 7 0 8
16 4 17 4
23 9 25 9
12 8 12 10
6 2 6 3
3 20 3 21
21 8 21 10
12 17 12 18
10 6 10 8
17 4 18 4
7 2 9 2
6 21 9 21
17 8 18 8
23 20 23 22
16 1 16 3
4 1 4 5
8 12 11 12
19 9 20 9
0 20 0 21
22 9 23 9
2 16 3 16
13 24 13 25
17 10 17 11
4 6 5 6
17 10 21 10
6 12 6 15
9 2 11 2
18 4 18 6
23 3 25 3
0 18 0 19
9 20 9 21
2 14 2 16
2 4 3 4
20 21 20 22
23 24 23 25
5 0 6 0
23 9 23 13
1 0 2 0
17 11 17 12
11 1 13 1
23 3 23 9
4 6 4 8
3 24 7 24
19 14 19 16
20 21 21 21
14 4 16 4
2 1 2 2
3 10 3 12
0 12 3 12
9 21 9 22
21 10 21 12
12 10 17 10
16 20 19 20
18 6 18 7
3 21 6 21
7 22 8 22
8 8 10 8
25 8 25 9
5 6 6 6
19 13 23 13
23 17 24 17
3 22 4 22
13 15 13 16
3 21 3 22
6 0 10 0
13 1 13 4
10 11 11 11
17 9 19 9
23 13 23 17
9 1 9 2
17 22 20 22
9 20 10 20
21 3 21 4
10 0 10 1
13 19 13 24
11 4 12 4
1 4 1 7
16 9 17 9
18 3 18 4
12 5 12 8
15 12 17 12
10 9 10 11
6 15 6 16
18 3 21 3
10 19 13 19
20 1 23 1
21 3 23 3
13 18 13 19
0 3 0 7
13 19 14 19
9 5 9 7
6 17 6 21
23 1 23 3
16 20 16 22
0 19 0 20
9 5 12 5
19 5 20 5
16 4 16 9
7 25 8 25
8 23 9 23
11 10 12 10
8 18 8 19
2 2 2 3
4 5 6 5
24 18 24 20
13 11 13 15
22 24 23 24
3 22 3 24
18 8 20 8
22 18 24 18
7 19 8 19
7 2 7 6
13 11 14 11
6 16 6 17
3 12 5 12
12 4 12 5
4 22 4 23
19 20 19 21
24 15 25 15
5 15 6 15
3 2 3 4
13 16 13 18
20 8 21 8
2 1 4 1
23 20 24 20
19 20 22 20
1 8 2 8
11 11 13 11
2 8 4 8
17 22 17 25
7 24 7 25
0 8 0 12
10 8 11 8
10 1 11 1
24 20 24 21
10 21 12 21
3 16 5 16
14 20 16 20
9 23 9 24
10 20 10 21
6 6 7 6
23 19 23 20
22 20 22 24
0 21 3 21
19 13 19 14
12 15 13 15
9 24 13 24
0 16 2 16
11 16 13 16
0 3 2 3
10 8 10 9
1 4 2 4
9 17 12 17
3 12 3 16
17 13 19 13
6 17 9 17
6 3 6 5
11 11 11 12
5 16 5 17
8 8 8 9
6 11 6 12
17 12 19 12
14 19 14 20
13 4 14 4
6 0 6 2
20 24 22 24
20 7 20 8
11 2 11 4
13 16 19 16
6 6 6 11
8 22 8 23
4 8 4 11
2 4 2 8
8 19 10 19
20 5 21 5
