122
1 13 2 13
8 6 8 7
2 20 2 19
19 16 19 17
7 10 8 10
5 4 4 4
21 1 20 1
3 7 4 7
4 6 5 6
5 8 4 8
11 19 10 19
20 15 19 15
11 10 11 11
12 16 11 16
6 10 7 10
18 2 18 3
8 2 8 3
3 8 3 7
16 20 16 19
19 10 18 10
21 16 21 17
6 1 6 2
16 10 16 11
11 4 12 4
18 16 19 16
18 6 17 6
9 17 8 17
6 5 6 6
4 7 4 6
17 6 16 6
7 7 7 8
12 12 12 13
19 13 18 13
21 18 21 19
1 20 2 20
17 12 18 12
20 13 19 13
3 13 4 13
16 21 16 20
7 20 8 20
1 12 2 12
11 0 11 1
12 20 11 20
8 10 8 9
13 20 12 20
20 9 20 10
9 16 9 17
4 17 3 17
21 15 20 15
13 16 12 16
3 19 3 20
17 9 16 9
15 20 15 19
13 12 12 12
4 0 4 1
0 8 0 9
19 11 20 11
13 11 13 12
13 10 13 11
10 20 10 21
20 20 21 20
19 6 18 6
1 2 1 3
3 12 3 13
17 10 16 10
2 9 2 10
2 8 2 9
17 1 17 0
6 19 6 20
4 13 5 13
17 16 18 16
2 5 1 5
16 8 15 8
5 16 4 16
9 20 10 20
7 14 7 13
8 0 8 1
18 6 17 6
19 13 19 14
17 19 17 18
4 15 5 15
12 8 11 8
19 5 19 6
2 12 3 12
19 6 18 6
5 15 5 14
6 17 6 16
6 20 6 21
15 12 15 11
9 21 8 21
0 12 1 12
1 17 1 18
8 15 8 16
7 8 6 8
12 1 12 2
3 0 4 0
18 20 18 19
4 16 4 15
8 1 8 2
12 9 13 9
16 15 16 14
8 17 8 18
1 0 2 0
20 19 20 20
4 1 5 1
6 9 6 10
0 7 0 8
3 5 2 5
11 15 12 15
19 0 18 0
8 11 7 11
8 12 9 12
14 16 14 17
6 10 6 11
6 16 5 16
19 12 19 13
7 3 7 2
17 18 18 18
6 21 6 20
16 5 17 5
8 13 8 14
15 4 14 4
178
18 16 19 16
10 10 12 10
9 13 9 14
8 20 10 20
13 8 13 9
15 17 16 17
21 19 21 20
4 4 4 6
1 14 1 15
6 2 6 3
18 7 19 7
8 5 8 7
5 2 5 5
2 13 3 13
6 13 7 13
3 15 3 17
5 1 9 1
16 17 16 18
7 11 7 12
19 13 19 14
10 19 12 19
13 15 13 17
2 9 2 10
8 14 8 16
10 14 11 14
17 20 19 20
15 13 16 13
3 15 4 15
13 6 13 8
11 6 12 6
13 3 13 4
5 2 6 2
19 9 21 9
3 17 3 20
10 17 10 18
7 12 7 13
19 20 20 20
13 17 13 18
11 12 12 12
19 9 19 13
19 15 19 16
10 18 10 19
12 20 16 20
5 20 6 20
11 13 11 14
0 8 1 8
7 17 9 17
7 10 10 10
4 8 6 8
16 17 17 17
6 7 8 7
20 17 21 17
16 7 16 9
1 8 1 9
8 18 8 19
6 18 8 18
16 6 17 6
19 15 20 15
13 18 13 19
16 13 16 14
19 14 21 14
1 12 1 14
8 20 8 21
18 4 18 5
3 20 5 20
9 12 10 12
2 0 2 2
15 18 16 18
1 8 4 8
4 6 4 8
11 1 11 3
21 14 21 17
5 7 6 7
12 5 12 6
8 14 9 14
4 0 4 4
17 0 17 2
6 14 6 18
7 2 8 2
17 7 18 7
16 10 18 10
5 21 7 21
19 2 19 4
5 5 8 5
13 19 15 19
0 0 2 0
12 14 12 15
12 15 13 15
0 20 2 20
12 10 12 12
13 1 14 1
6 11 7 11
1 4 2 4
16 4 18 4
11 3 11 6
17 17 17 20
2 15 3 15
0 17 3 17
3 6 4 6
16 20 17 20
14 7 16 7
16 9 16 10
16 3 17 3
20 20 20 21
6 2 7 2
17 11 17 13
2 0 4 0
19 17 20 17
16 13 17 13
2 10 2 13
7 10 7 11
14 10 16 10
6 20 8 20
17 6 18 6
11 8 13 8
18 10 18 12
14 2 16 2
17 17 18 17
5 0 6 0
10 17 12 17
12 10 14 10
10 19 10 20
5 14 6 14
11 1 13 1
5 0 5 1
16 2 16 3
6 8 6 11
13 4 13 5
17 13 17 14
17 2 19 2
12 19 12 20
11 7 11 8
12 13 12 14
5 12 7 12
2 6 3 6
19 7 19 9
14 15 15 15
2 18 2 19
14 1 14 2
3 13 5 13
5 13 5 14
4 0 5 0
21 2 21 3
17 14 19 14
16 6 16 7
17 5 18 5
19 2 21 2
20 20 21 20
15 13 15 15
19 17 19 19
19 4 19 7
14 12 14 15
18 16 18 17
15 0 17 0
8 2 9 2
9 14 9 15
8 7 9 7
13 15 14 15
8 19 9 19
21 0 21 2
1 9 1 12
1 15 2 15
13 5 17 5
21 3 21 7
9 12 9 13
0 2 2 2
9 7 11 7
9 17 10 17
11 12 11 13
13 5 13 6
9 15 12 15
10 6 11 6
8 16 10 16
9 1 11 1
18 4 19 4
6 14 8 14
2 20 3 20
17 14 17 15
