315
27 7 27 8
28 6 28 5
20 9 20 8
5 2 6 2
29 26 28 26
35 32 34 32
21 14 22 14
27 11 28 11
25 5 24 5
37 8 38 8
7 29 7 30
33 9 34 9
22 22 21 22
26 19 27 19
17 32 17 33
29 6 28 6
36 34 35 34
22 21 21 21
7 6 7 7
27 22 26 22
3 1 3 2
14 15 14 16
17 37 17 38
3 0 3 1
8 6 8 5
33 24 32 24
31 8 30 8
19 9 19 10
20 35 21 35
27 33 28 33
7 24 8 24
34 6 35 6
2 3 1 3
35 34 34 34
23 16 24 16
5 3 4 3
0 14 0 15
1 17 1 16
11 26 10 26
14 20 14 21
22 8 22 9
6 18 7 18
5 29 6 29
26 12 27 12
16 32 17 32
17 31 16 31
15 14 15 15
27 0 26 0
16 30 17 30
12 29 12 28
25 0 24 0
29 1 29 2
6 26 5 26
21 38 21 37
23 29 22 29
30 7 29 7
12 10 12 9
31 9 31 8
6 0 5 0
34 13 33 13
12 33 12 32
34 8 33 8
30 10 29 10
9 33 9 34
18 30 18 29
7 0 8 0
0 15 0 16
30 22 29 22
12 23 12 24
24 5 24 6
18 10 18 11
14 18 13 18
15 15 15 16
9 34 9 35
27 9 26 9
38 2 37 2
18 36 18 37
9 36 8 36
38 18 38 19
7 19 8 19
0 4 1 4
37 34 36 34
8 28 8 27
3 29 2 29
38 10 37 10
35 35 36 35
1 16 2 16
26 2 27 2
2 10 1 10
1 2 1 1
16 35 16 36
26 0 26 1
14 12 14 11
4 9 4 8
4 11 3 11
20 36 20 37
16 27 16 26
28 11 29 11
27 26 27 27
21 35 21 36
30 11 30 12
13 1 13 2
21 36 22 36
2 29 2 30
1 10 0 10
12 37 13 37
13 29 13 30
4 4 5 4
6 19 5 19
12 9 12 8
32 5 32 6
37 9 38 9
9 3 9 2
16 24 17 24
9 35 9 36
13 30 12 30
27 8 27 9
1 3 0 3
22 38 21 38
5 14 6 14
6 29 7 29
22 29 22 28
16 1 16 0
33 1 33 2
2 21 2 20
34 1 33 1
37 38 36 38
34 20 34 19
33 2 34 2
30 12 31 12
12 24 11 24
14 11 14 10
24 9 25 9
28 17 27 17
29 22 29 23
36 36 36 37
3 22 3 23
17 33 16 33
7 28 6 28
22 9 21 9
24 2 23 2
20 2 21 2
6 37 7 37
7 22 7 23
30 35 29 35
12 20 13 20
22 16 21 16
10 15 10 16
27 12 28 12
7 12 7 11
38 9 38 10
9 2 8 2
12 30 11 30
14 27 14 28
28 2 28 1
5 4 5 5
4 8 5 8
9 4 10 4
19 14 19 15
17 13 17 12
16 9 16 10
36 35 36 36
10 38 9 38
37 10 37 9
0 3 0 2
31 36 31 37
4 34 3 34
21 2 21 1
36 34 35 34
28 26 28 27
25 1 25 0
19 2 19 1
14 10 13 10
26 4 27 4
2 23 2 24
15 27 14 27
22 37 22 38
8 9 8 10
37 32 37 33
33 25 33 24
35 6 35 7
16 36 16 37
16 0 17 0
23 7 22 7
17 32 18 32
18 15 18 16
4 5 4 6
29 11 30 11
35 27 36 27
14 31 15 31
24 35 25 35
15 30 16 30
3 38 3 37
18 34 19 34
26 31 26 30
29 15 29 16
32 17 31 17
8 20 8 21
9 26 9 25
12 8 11 8
17 1 16 1
20 34 21 34
19 31 19 32
1 23 2 23
15 11 15 10
21 16 22 16
22 7 23 7
31 24 31 23
8 21 8 22
13 18 13 17
5 26 5 25
6 36 6 35
16 1 16 0
20 26 20 27
38 17 37 17
8 7 8 6
8 0 8 1
36 14 36 13
16 16 17 16
37 33 38 33
34 34 34 35
34 12 34 13
35 34 35 35
12 26 13 26
8 19 9 19
33 1 33 2
14 27 14 26
20 22 20 23
0 10 0 9
29 25 30 25
15 34 15 35
23 3 22 3
36 36 37 36
19 32 19 31
9 19 9 20
32 24 32 23
1 14 2 14
37 11 37 10
29 12 30 12
30 5 30 4
22 3 22 2
19 34 19 35
18 1 17 1
28 25 28 26
18 2 18 3
12 3 12 2
3 8 4 8
20 1 20 2
37 15 37 16
17 35 16 35
21 23 22 23
4 38 4 37
18 31 17 31
33 33 32 33
11 23 11 22
2 13 1 13
22 34 22 33
16 37 17 37
24 38 24 37
16 11 17 11
10 4 10 3
18 35 18 36
10 28 9 28
26 11 26 12
36 13 35 13
8 33 8 32
6 2 6 1
7 23 7 24
16 31 16 32
19 15 18 15
8 15 7 15
32 33 32 32
36 21 35 21
38 19 38 20
20 0 19 0
6 28 6 29
17 31 17 32
5 37 5 36
26 30 26 31
37 17 37 18
8 1 9 1
3 5 2 5
37 23 37 24
23 32 23 31
37 16 36 16
17 12 17 13
3 11 2 11
5 16 5 15
34 2 35 2
18 27 18 28
19 1 20 1
0 13 0 12
35 7 35 6
21 8 21 7
35 17 36 17
38 20 37 20
24 37 23 37
13 26 12 26
7 7 8 7
4 37 5 37
34 5 33 5
1 8 2 8
37 18 37 19
6 1 6 0
36 11 35 11
18 15 19 15
20 1 19 1
9 5 10 5
3 21 4 21
37 21 36 21
2 8 3 8
36 27 36 28
17 11 16 11
25 4 26 4
7 33 8 33
183
27 23 28 23
27 17 30 17
30 12 31 12
16 10 16 11
7 3 10 3
6 38 9 38
31 35 32 35
34 13 34 17
5 8 11 8
13 37 17 37
11 24 17 24
10 16 10 21
13 15 13 16
29 4 29 7
6 24 7 24
17 32 17 37
5 8 5 15
8 32 9 32
32 19 32 23
12 28 14 28
13 36 13 37
22 33 22 36
4 8 5 8
11 27 11 30
10 16 13 16
7 27 8 27
13 33 14 33
21 21 21 22
11 7 13 7
32 36 35 36
21 38 22 38
15 6 24 6
7 27 7 29
14 33 16 33
37 19 37 20
26 9 27 9
37 9 37 10
25 27 27 27
31 23 32 23
21 15 21 21
4 8 4 14
13 15 17 15
33 2 33 5
13 16 13 17
21 26 21 30
0 2 0 7
9 36 13 36
29 10 29 14
24 8 24 16
14 16 14 21
5 20 5 25
13 7 13 10
2 33 8 33
34 9 34 13
29 7 34 7
31 34 31 35
22 28 22 33
30 17 31 17
31 31 35 31
27 9 27 17
1 33 2 33
17 38 21 38
2 19 5 19
29 7 29 8
21 9 21 15
20 30 21 30
32 23 32 28
5 19 5 20
35 13 38 13
29 23 29 27
34 13 35 13
17 9 18 9
5 7 8 7
2 30 2 33
31 23 31 31
14 28 14 33
35 31 35 33
9 38 17 38
16 32 16 33
18 32 18 33
34 7 34 9
12 21 14 21
10 3 10 5
15 6 15 7
27 23 27 24
17 30 17 32
0 0 5 0
27 17 27 19
27 5 27 6
34 19 35 19
27 19 27 23
24 32 26 32
19 10 19 15
10 7 11 7
21 22 21 24
8 10 13 10
19 0 21 0
34 32 34 33
2 30 5 30
30 12 30 17
7 24 7 27
0 9 0 12
7 21 10 21
8 29 8 32
8 32 8 33
5 5 8 5
24 1 24 6
8 4 8 5
14 16 15 16
18 26 21 26
34 33 34 35
31 8 33 8
17 24 17 30
28 10 29 10
2 38 6 38
24 1 26 1
20 30 20 37
34 17 34 19
37 2 37 9
28 33 34 33
13 22 21 22
11 7 11 8
27 27 28 27
8 5 10 5
17 15 19 15
2 33 2 37
25 2 27 2
29 8 29 10
13 2 13 7
8 11 16 11
8 34 8 36
36 37 36 38
13 7 15 7
2 14 4 14
0 7 0 9
8 27 11 27
34 9 37 9
7 21 7 24
22 36 22 38
24 6 24 8
2 37 2 38
14 21 21 21
24 8 29 8
31 8 31 12
0 16 2 16
27 2 27 4
27 2 29 2
35 35 35 36
8 33 8 34
33 0 33 2
32 19 34 19
0 12 0 16
5 25 5 30
5 0 5 5
28 28 28 33
17 32 18 32
25 22 25 27
18 9 21 9
27 4 27 5
28 10 28 12
21 30 21 34
31 17 31 20
0 7 5 7
27 24 27 27
29 23 31 23
8 10 8 11
2 19 2 20
32 35 34 35
17 30 20 30
0 2 3 2
1 31 1 33
29 2 33 2
21 22 25 22
7 18 7 21
16 10 19 10
10 5 10 7
17 0 19 0
28 27 28 28
2 16 2 19
8 33 13 33
11 24 11 27
35 33 35 35
22 28 28 28
