324
26 2 27 2
2 16 1 16
7 12 8 12
15 29 15 28
2 19 3 19
16 26 17 26
23 9 23 8
18 0 18 1
22 22 21 22
17 28 17 27
22 21 23 21
16 14 17 14
14 17 14 18
29 21 29 20
22 30 22 29
7 25 8 25
18 1 18 2
1 19 1 20
11 13 11 14
19 9 19 10
23 21 23 22
29 7 28 7
3 1 3 0
27 10 27 11
11 6 12 6
30 10 29 10
21 30 22 30
29 22 30 22
6 30 7 30
27 9 27 10
14 3 14 4
30 1 29 1
2 8 2 7
9 13 10 13
24 9 23 9
21 23 20 23
3 17 2 17
1 21 2 21
2 26 1 26
8 0 8 1
5 18 5 17
13 6 13 5
5 17 4 17
15 8 15 7
13 13 14 13
28 22 29 22
7 26 7 27
21 27 20 27
27 7 27 6
13 22 13 21
17 15 16 15
24 11 24 12
6 26 6 27
26 9 27 9
17 3 17 2
5 15 5 14
0 27 1 27
24 17 24 16
16 28 16 29
5 26 6 26
3 9 3 8
20 0 21 0
9 12 9 13
19 10 18 10
13 16 12 16
14 5 14 6
5 12 5 13
2 18 1 18
25 9 26 9
26 1 26 2
11 7 10 7
24 12 23 12
27 2 27 3
30 7 29 7
8 7 8 8
20 1 20 0
30 20 30 21
24 2 24 1
7 6 7 7
6 28 7 28
27 1 27 0
10 5 11 5
9 8 9 9
23 30 24 30
23 4 22 4
19 24 20 24
13 12 13 13
26 21 26 20
24 16 23 16
13 29 13 30
20 4 20 5
2 15 2 14
19 22 20 22
18 28 17 28
1 26 0 26
3 2 2 2
2 17 2 18
29 8 28 8
22 2 21 2
19 25 19 24
5 14 4 14
13 3 12 3
24 20 25 20
28 2 27 2
6 10 5 10
8 12 9 12
20 23 19 23
30 28 29 28
22 10 21 10
16 25 17 25
24 21 24 20
11 11 11 12
6 29 6 28
14 29 13 29
25 21 24 21
20 20 19 20
26 22 26 21
24 20 24 19
22 8 22 9
17 5 18 5
15 9 15 8
11 9 12 9
5 11 5 12
8 24 7 24
12 12 13 12
21 29 21 30
9 13 8 13
13 2 13 3
24 30 24 29
1 18 1 19
22 29 21 29
13 7 13 8
7 7 8 7
20 30 19 30
21 18 21 17
28 19 28 20
9 17 10 17
1 27 1 26
1 26 2 26
9 1 9 0
7 14 7 13
26 10 26 11
13 1 13 2
10 1 9 1
19 14 18 14
13 17 14 17
2 1 3 1
10 16 10 15
5 25 5 24
17 18 17 17
1 9 1 10
2 25 3 25
10 2 10 1
27 2 27 1
23 3 23 4
4 0 4 1
16 19 15 19
29 3 29 4
19 4 19 5
12 8 11 8
23 11 22 11
20 19 20 18
4 26 5 26
18 14 18 13
14 13 14 12
25 3 26 3
9 20 9 21
15 27 14 27
6 26 6 25
6 0 5 0
5 13 4 13
28 8 28 9
27 23 28 23
15 21 16 21
0 29 1 29
12 0 11 0
16 4 16 3
20 5 21 5
22 15 21 15
28 29 28 28
15 22 15 21
18 18 18 19
3 8 2 8
27 10 26 10
22 16 21 16
9 4 10 4
6 19 6 18
10 20 11 20
19 26 19 27
8 4 9 4
20 3 19 3
16 18 15 18
5 12 5 13
13 29 12 29
23 2 24 2
26 7 27 7
6 12 5 12
29 19 28 19
10 17 10 16
11 16 11 17
27 8 28 8
24 19 25 19
29 2 29 3
21 12 21 13
12 28 11 28
29 9 29 8
24 8 24 9
29 5 29 6
1 3 2 3
13 20 14 20
13 3 14 3
15 14 16 14
24 3 25 3
11 18 10 18
25 3 25 4
15 28 16 28
8 22 8 23
14 6 13 6
28 13 28 12
14 0 14 1
13 12 13 11
29 10 29 9
23 17 22 17
16 24 16 23
29 25 29 26
17 11 16 11
15 30 14 30
9 10 8 10
12 22 13 22
17 16 17 15
11 15 11 16
1 23 1 22
7 15 6 15
13 15 13 16
1 6 2 6
6 14 7 14
28 0 28 1
10 21 10 22
2 29 2 30
5 16 6 16
20 12 20 13
7 18 8 18
18 11 19 11
19 1 20 1
18 8 19 8
13 5 12 5
15 15 15 14
7 10 6 10
25 27 25 26
26 10 25 10
19 24 18 24
30 3 30 2
26 21 26 22
30 25 30 26
27 18 28 18
18 13 18 14
21 21 22 21
3 7 3 8
11 2 10 2
27 4 28 4
15 11 14 11
4 1 5 1
24 15 23 15
22 21 21 21
4 18 5 18
16 15 15 15
30 9 30 10
13 2 13 3
1 29 0 29
23 24 22 24
17 30 18 30
19 30 20 30
24 9 24 8
17 9 17 10
9 9 10 9
15 8 14 8
13 23 12 23
19 5 19 4
15 26 15 27
15 27 15 28
13 25 13 24
13 6 13 7
25 28 25 27
5 1 6 1
26 24 26 25
8 23 8 24
15 10 15 9
19 8 20 8
16 29 15 29
15 6 15 5
12 6 12 7
22 11 22 12
22 3 23 3
29 12 29 11
17 0 18 0
12 14 13 14
30 10 30 9
4 13 3 13
11 24 12 24
6 13 6 12
4 21 3 21
12 16 12 17
2 21 2 20
16 14 16 15
21 8 22 8
30 26 30 25
1 10 1 9
16 6 17 6
23 3 24 3
24 29 25 29
1 25 1 26
6 15 7 15
6 12 6 13
16 15 16 14
12 24 11 24
3 21 3 20
30 18 30 19
30 9 30 10
5 0 6 0
5 21 5 20
19 27 19 26
15 29 15 30
27 5 28 5
13 22 14 22
174
14 7 14 8
6 13 6 16
11 10 11 12
0 18 2 18
25 18 25 19
6 1 8 1
25 7 27 7
3 8 3 11
3 18 5 18
9 19 9 21
12 4 13 4
20 6 20 7
24 8 24 21
6 16 9 16
9 2 10 2
17 17 20 17
12 18 14 18
8 24 10 24
21 25 21 29
14 1 14 2
11 5 11 8
9 12 9 14
30 8 30 10
26 11 26 14
28 3 29 3
15 16 15 17
21 2 21 5
30 10 30 12
12 4 12 5
24 2 24 3
14 1 20 1
28 21 28 23
14 22 18 22
14 12 14 15
27 7 27 9
20 22 20 24
8 8 11 8
14 19 15 19
15 28 16 28
4 11 4 12
20 17 21 17
20 7 20 8
9 14 10 14
13 7 14 7
16 27 16 28
11 5 12 5
7 29 7 30
18 5 18 7
14 11 16 11
8 21 8 24
7 30 13 30
15 19 18 19
19 12 22 12
28 9 28 10
14 4 18 4
11 12 14 12
29 4 30 4
10 2 10 3
30 0 30 2
4 25 6 25
22 12 22 17
6 0 6 1
8 24 8 25
11 8 11 10
17 2 18 2
17 15 17 17
5 13 6 13
10 14 11 14
16 28 17 28
18 2 18 4
18 19 19 19
10 15 12 15
19 12 19 15
15 18 15 19
30 2 30 4
8 1 9 1
13 3 13 4
11 26 11 28
27 19 28 19
23 4 23 5
21 7 23 7
14 8 16 8
28 23 29 23
8 7 8 8
16 8 20 8
19 19 19 20
21 5 23 5
8 18 8 21
16 8 16 11
5 26 5 29
21 22 21 25
19 20 19 23
8 21 9 21
22 9 22 12
8 1 8 6
4 12 4 14
17 25 17 26
24 21 28 21
24 8 25 8
6 13 7 13
27 9 28 9
5 13 5 18
16 5 18 5
2 18 2 20
20 22 21 22
30 19 30 21
16 23 16 27
12 5 15 5
5 12 9 12
23 8 24 8
17 25 21 25
9 19 14 19
5 26 10 26
25 4 25 7
18 5 21 5
2 14 2 18
21 9 22 9
25 11 26 11
2 26 5 26
10 14 10 15
7 28 11 28
5 10 5 12
25 8 25 10
18 7 20 7
19 6 20 6
28 21 30 21
21 2 24 2
12 17 12 18
0 29 4 29
5 29 7 29
25 19 27 19
21 29 23 29
14 12 18 12
18 19 18 22
23 7 23 8
12 15 12 17
25 10 25 11
16 23 19 23
23 29 25 29
20 7 21 7
15 17 15 18
9 16 9 19
21 1 21 2
28 18 28 19
20 1 21 1
26 2 30 2
9 1 9 2
24 4 25 4
2 20 2 26
2 14 4 14
11 28 15 28
21 17 21 21
15 5 15 7
29 4 29 6
13 4 14 4
3 11 4 11
10 2 14 2
24 2 26 2
18 12 19 12
28 10 30 10
25 29 27 29
3 1 3 8
15 15 15 16
4 12 5 12
29 6 29 7
21 21 24 21
17 14 17 15
5 10 6 10
17 29 21 29
6 25 8 25
21 21 21 22
6 28 7 28
3 1 6 1
14 15 15 15
