317
14 42 14 43
15 31 14 31
8 4 9 4
19 26 19 27
8 3 8 4
14 34 15 34
20 3 20 2
3 34 2 34
28 10 29 10
18 10 18 11
19 19 20 19
4 7 3 7
35 9 35 10
44 29 43 29
15 40 14 40
10 37 11 37
24 2 25 2
0 11 0 10
3 3 3 4
4 35 4 36
31 6 31 7
41 22 40 22
6 18 6 17
1 30 1 31
29 3 28 3
9 4 10 4
18 18 18 17
15 42 14 42
25 17 24 17
42 17 41 17
37 35 38 35
16 15 17 15
11 36 11 35
19 20 19 19
44 12 43 12
15 36 14 36
8 14 7 14
14 42 14 41
17 37 16 37
18 26 19 26
19 4 19 3
19 5 19 6
2 13 2 14
4 5 4 6
25 21 25 20
14 28 14 27
21 6 20 6
6 11 5 11
20 40 21 40
12 29 13 29
32 11 31 11
21 8 21 7
37 39 38 39
34 7 34 6
23 44 23 43
42 29 41 29
10 2 10 3
21 36 22 36
37 12 38 12
21 9 20 9
10 20 10 19
30 39 29 39
3 25 2 25
21 7 20 7
20 43 19 43
7 30 7 29
4 4 4 5
42 31 41 31
25 10 26 10
21 11 20 11
4 6 4 7
16 37 15 37
19 34 19 33
13 1 12 1
0 31 0 30
11 30 12 30
0 19 1 19
32 24 33 24
26 3 26 2
27 41 28 41
25 16 25 17
14 27 14 26
7 28 6 28
43 27 42 27
25 25 25 26
2 38 3 38
10 31 9 31
6 28 6 27
33 5 32 5
39 26 38 26
19 43 19 44
5 11 4 11
0 42 0 41
33 9 33 10
32 29 31 29
12 2 13 2
4 34 3 34
43 35 43 34
42 39 41 39
20 12 19 12
12 7 13 7
11 35 10 35
28 44 29 44
36 14 36 13
31 7 32 7
4 7 5 7
26 10 26 11
5 41 5 40
1 19 2 19
22 33 22 34
44 33 44 32
5 42 5 43
25 26 26 26
20 17 20 16
37 20 38 20
22 20 22 21
26 22 27 22
41 17 40 17
15 43 15 42
40 24 39 24
29 37 28 37
43 31 44 31
20 41 20 42
17 15 18 15
21 37 22 37
14 5 13 5
38 11 37 11
13 11 13 12
14 26 13 26
3 38 3 39
9 35 9 34
20 16 21 16
23 41 22 41
39 22 38 22
20 42 20 43
20 2 21 2
21 19 21 20
38 22 37 22
27 40 28 40
16 35 17 35
38 2 39 2
37 11 36 11
31 5 31 4
17 28 16 28
3 10 4 10
42 25 42 26
0 2 1 2
17 10 17 9
36 20 35 20
26 11 26 12
14 14 13 14
39 27 39 26
23 22 24 22
18 7 17 7
15 28 14 28
0 10 1 10
42 26 43 26
19 42 19 41
39 20 39 19
8 2 7 2
4 11 4 12
29 24 29 23
13 7 12 7
4 18 3 18
16 27 15 27
25 42 25 43
44 16 43 16
18 35 18 36
39 16 40 16
0 27 0 26
27 3 27 2
40 19 41 19
19 27 20 27
38 20 38 21
23 38 23 37
33 25 33 26
23 3 22 3
18 28 18 29
12 37 12 36
22 34 23 34
5 7 6 7
12 41 11 41
29 12 29 13
25 43 26 43
22 41 22 42
19 28 19 27
2 29 2 28
44 32 44 33
4 43 4 42
43 16 43 17
21 16 20 16
12 1 12 0
29 23 28 23
15 30 15 31
26 26 27 26
43 12 43 13
35 20 34 20
28 3 28 2
11 0 11 1
29 5 29 6
12 22 13 22
18 34 17 34
19 37 20 37
14 1 13 1
33 34 32 34
40 22 40 21
1 31 2 31
43 17 43 18
2 21 1 21
38 12 39 12
41 26 42 26
8 28 7 28
35 1 36 1
6 17 7 17
41 10 41 11
44 34 44 35
8 5 9 5
40 17 40 18
29 13 29 14
34 36 34 35
17 7 18 7
36 18 37 18
40 26 41 26
36 21 36 22
3 34 3 35
12 26 12 27
36 15 36 16
12 3 12 4
15 42 15 41
43 40 42 40
44 19 44 18
1 9 1 8
1 10 1 11
28 40 28 39
0 29 0 28
1 11 2 11
21 33 21 32
1 12 0 12
39 1 40 1
41 16 41 17
41 17 42 17
11 1 10 1
29 11 29 12
2 14 2 13
17 34 17 33
36 16 36 17
25 2 25 1
22 42 21 42
18 15 18 14
1 2 1 3
39 12 39 11
19 31 18 31
0 26 0 27
8 25 8 26
28 25 29 25
31 37 30 37
28 39 28 38
34 32 33 32
32 22 31 22
40 29 40 28
30 22 30 23
0 9 1 9
12 27 12 26
19 23 20 23
24 14 25 14
14 35 14 34
6 33 7 33
16 3 16 4
41 31 41 32
3 44 3 43
43 9 42 9
39 11 39 12
14 9 13 9
21 2 21 1
25 11 24 11
25 14 25 15
44 28 44 29
15 31 15 30
1 3 2 3
20 24 20 25
18 29 18 28
19 32 18 32
8 4 7 4
18 33 18 34
44 17 44 16
25 17 25 18
38 7 38 6
29 26 30 26
31 22 30 22
14 3 14 2
7 29 6 29
1 29 0 29
22 25 22 26
7 33 8 33
0 12 1 12
10 1 11 1
40 28 40 29
20 16 21 16
32 15 32 16
2 15 2 14
18 32 17 32
33 39 33 38
33 6 32 6
18 28 18 29
33 13 34 13
44 18 44 17
40 11 39 11
5 33 5 34
0 30 0 31
42 32 42 31
14 38 14 37
39 12 39 13
7 35 6 35
32 36 31 36
16 1 17 1
42 9 43 9
6 0 7 0
181
16 30 19 30
3 35 6 35
34 31 34 34
36 35 38 35
25 13 32 13
38 21 40 21
27 18 27 22
19 3 22 3
29 12 32 12
3 12 4 12
9 5 9 6
13 22 13 26
15 27 15 30
2 14 2 19
11 39 11 41
7 27 7 28
21 16 21 20
43 14 43 18
34 14 43 14
5 43 14 43
33 26 35 26
2 25 2 28
19 27 19 29
34 34 34 35
13 26 19 26
22 26 22 36
3 35 3 39
20 44 29 44
23 16 32 16
3 12 3 13
19 6 19 7
21 26 22 26
30 22 36 22
19 30 19 33
15 10 21 10
11 29 11 37
32 5 32 6
27 26 30 26
15 37 15 41
43 26 43 29
14 43 20 43
41 18 43 18
39 11 39 13
32 9 43 9
0 31 2 31
13 28 14 28
32 9 32 12
40 29 41 29
27 22 30 22
4 5 4 10
2 13 2 14
21 20 25 20
4 10 4 12
36 17 36 22
13 1 13 2
40 1 40 3
12 7 18 7
43 13 43 14
19 33 20 33
18 7 19 7
7 14 7 17
44 31 44 33
21 5 21 10
32 7 32 9
9 31 9 34
38 35 38 39
0 41 6 41
41 39 41 43
21 12 21 16
29 6 32 6
32 12 32 13
40 16 40 18
3 39 11 39
4 10 5 10
7 17 18 17
18 19 19 19
6 29 11 29
25 18 25 20
21 39 21 40
27 22 27 24
13 2 13 5
38 35 44 35
6 34 9 34
41 1 41 4
8 20 21 20
38 24 38 26
7 27 15 27
2 14 7 14
24 22 27 22
21 39 22 39
40 13 43 13
18 17 18 19
0 27 0 28
32 13 32 16
32 12 36 12
21 20 21 26
19 26 19 27
2 28 7 28
44 29 44 31
38 26 38 35
36 22 37 22
21 10 21 12
38 39 41 39
10 3 10 4
2 3 2 11
15 30 15 34
37 3 40 3
21 32 21 39
30 26 33 26
0 31 0 41
19 26 21 26
23 10 29 10
32 16 40 16
16 30 16 36
11 41 14 41
34 35 36 35
12 4 12 7
27 26 27 42
0 8 0 13
2 28 2 31
11 37 13 37
40 21 40 29
29 42 29 44
36 11 36 12
40 1 41 1
33 24 33 26
6 7 12 7
23 16 23 19
4 5 9 5
32 6 34 6
21 42 27 42
7 28 13 28
19 3 19 6
32 7 40 7
35 26 38 26
20 43 20 44
37 21 38 21
21 40 21 42
18 34 18 36
29 39 29 42
2 31 9 31
29 6 29 10
22 3 30 3
40 3 40 7
18 31 18 34
15 0 15 6
38 21 38 24
2 24 2 25
11 37 11 39
26 12 29 12
8 1 11 1
41 0 41 1
39 13 40 13
2 11 2 13
21 10 23 10
21 16 22 16
16 36 18 36
30 3 37 3
38 26 39 26
40 18 40 21
16 28 16 30
19 12 19 19
15 6 19 6
19 6 20 6
2 3 10 3
11 1 13 1
30 18 30 22
20 33 20 37
43 18 43 26
13 12 19 12
25 18 27 18
20 37 20 43
44 33 44 35
19 29 19 30
18 14 18 17
10 4 12 4
5 10 15 10
15 34 15 37
14 41 14 43
2 19 2 24
5 34 6 34
