209
31 15 32 15
9 27 10 27
1 5 2 5
3 24 3 25
37 4 36 4
2 36 2 37
15 2 15 1
33 0 32 0
32 11 33 11
0 11 0 12
32 13 31 13
18 10 19 10
32 0 32 1
3 33 3 34
37 3 36 3
25 33 26 33
25 2 24 2
1 32 2 32
15 26 15 27
11 25 10 25
21 2 21 1
37 6 36 6
30 1 30 0
16 9 16 10
2 17 1 17
22 2 22 3
19 28 19 29
6 15 6 16
5 2 6 2
22 16 23 16
18 3 18 2
0 5 1 5
14 19 15 19
10 27 11 27
17 29 18 29
26 4 25 4
27 19 27 20
26 35 26 36
1 35 0 35
19 29 20 29
0 12 1 12
20 28 19 28
25 10 26 10
19 26 18 26
23 1 23 2
1 0 1 1
6 2 6 1
6 6 5 6
32 14 32 13
6 11 5 11
4 4 5 4
24 10 25 10
26 36 27 36
17 18 16 18
20 37 20 36
2 23 3 23
9 11 10 11
22 1 22 2
13 0 13 1
35 2 34 2
15 7 15 8
35 0 35 1
31 9 31 10
8 23 9 23
24 2 24 1
34 9 33 9
5 6 5 7
33 4 33 5
2 5 2 6
13 27 13 28
15 14 14 14
21 37 22 37
8 1 8 0
9 22 9 21
16 17 15 17
0 15 0 16
26 28 27 28
5 25 4 25
1 36 2 36
5 24 5 25
25 28 25 29
20 29 20 28
14 14 13 14
15 21 14 21
20 18 19 18
5 4 5 5
3 14 3 15
34 4 33 4
3 25 3 26
1 34 2 34
30 18 31 18
14 21 14 20
27 25 27 26
17 37 17 36
10 10 10 9
2 21 1 21
6 12 7 12
28 13 28 12
22 33 23 33
2 18 3 18
19 28 18 28
6 19 6 20
31 10 31 11
8 9 8 10
2 11 2 12
2 36 3 36
4 5 4 4
3 18 3 17
32 21 32 22
20 28 21 28
34 24 34 23
35 28 34 28
20 19 20 18
1 17 1 16
33 11 34 11
20 27 21 27
24 1 23 1
19 0 19 1
8 21 8 20
34 27 35 27
12 20 13 20
11 36 11 35
9 12 10 12
19 18 19 17
4 4 4 3
10 25 10 24
23 18 23 17
28 11 28 10
13 31 12 31
20 30 19 30
34 14 35 14
7 12 7 13
30 16 30 15
11 27 12 27
37 1 37 0
26 33 26 34
19 12 19 13
7 25 7 24
27 13 27 14
30 28 31 28
33 5 34 5
29 26 29 27
26 34 27 34
22 37 22 36
31 19 31 20
19 25 19 26
17 11 17 10
32 34 33 34
6 16 6 17
34 7 34 6
23 26 23 27
12 0 13 0
16 12 16 13
0 10 1 10
13 36 13 37
31 11 32 11
11 8 11 9
8 32 8 31
14 24 13 24
1 29 0 29
18 0 19 0
21 36 21 37
22 9 23 9
26 19 25 19
22 22 22 21
36 3 36 2
7 2 8 2
26 12 25 12
35 23 35 22
3 23 3 24
17 23 16 23
28 4 28 5
14 27 13 27
14 28 15 28
11 9 11 10
12 18 12 19
1 27 1 28
35 16 35 17
18 37 19 37
32 33 33 33
7 5 7 6
35 30 34 30
6 36 7 36
20 34 21 34
25 22 25 21
18 7 19 7
26 22 26 23
33 33 34 33
29 18 28 18
21 19 20 19
14 25 14 24
26 13 25 13
15 11 15 12
22 20 22 19
13 14 12 14
0 29 0 30
37 25 37 26
3 36 4 36
17 30 17 29
19 26 20 26
31 28 30 28
9 28 9 27
25 31 25 30
13 20 13 19
20 25 19 25
37 23 37 22
25 6 25 5
14 12 14 11
27 31 27 30
191
3 15 3 17
28 10 29 10
1 21 1 23
21 20 21 22
35 24 35 25
4 25 4 33
4 15 10 15
12 27 12 31
21 22 21 23
28 12 30 12
6 17 11 17
21 24 21 27
18 20 18 21
1 21 5 21
27 28 27 30
31 14 35 14
11 21 11 24
23 29 25 29
13 27 15 27
13 2 18 2
13 0 13 1
16 13 16 18
16 18 20 18
28 12 28 18
3 17 4 17
18 23 18 26
14 36 17 36
2 12 2 13
7 32 7 34
22 36 27 36
3 34 4 34
29 14 30 14
23 22 29 22
4 33 6 33
1 31 1 33
37 0 37 10
5 5 5 7
35 4 35 8
4 24 7 24
28 32 32 32
3 24 4 24
5 7 5 11
1 16 1 21
10 9 17 9
26 20 27 20
4 37 5 37
25 30 25 35
27 20 31 20
1 28 1 31
7 36 8 36
32 28 32 32
32 1 33 1
14 16 14 18
32 2 34 2
0 16 1 16
30 14 31 14
7 9 10 9
2 12 10 12
10 9 10 11
15 28 17 28
8 24 10 24
6 1 13 1
21 27 21 28
10 12 13 12
33 1 34 1
27 34 31 34
28 5 31 5
35 27 35 29
4 34 4 36
36 1 36 2
21 28 27 28
0 13 2 13
1 33 1 37
10 8 10 9
16 13 19 13
0 31 1 31
4 22 4 24
32 15 32 22
22 0 30 0
25 4 25 5
7 24 8 24
32 22 35 22
17 29 17 36
31 1 32 1
34 1 35 1
30 12 31 12
12 14 12 19
18 20 21 20
27 30 27 34
4 36 4 37
19 13 25 13
35 4 36 4
1 1 6 1
25 12 28 12
18 2 18 4
20 22 21 22
16 10 16 13
6 17 6 20
2 34 3 34
32 22 32 26
25 12 25 13
10 24 10 29
23 17 23 22
32 26 37 26
2 15 3 15
14 18 14 20
12 27 13 27
25 11 25 12
20 17 23 17
1 5 5 5
23 1 31 1
5 7 10 7
12 19 13 19
0 4 0 13
17 28 18 28
19 10 19 13
10 29 10 33
30 15 32 15
36 2 36 4
11 21 12 21
25 29 25 30
21 23 21 24
18 4 25 4
21 27 23 27
12 19 12 21
5 21 5 23
9 21 11 21
12 21 12 27
18 26 18 27
23 2 32 2
13 1 13 2
18 2 22 2
13 0 19 0
29 22 29 27
9 29 10 29
18 27 18 28
0 13 0 16
35 1 35 4
7 24 7 32
35 34 37 34
35 8 35 14
22 32 22 36
31 5 31 12
7 34 7 36
22 2 23 2
17 36 20 36
28 18 31 18
1 15 2 15
13 12 13 19
25 5 25 10
6 1 6 4
18 29 23 29
27 34 27 36
1 23 1 28
8 20 8 24
4 36 7 36
10 12 10 15
17 28 17 29
29 27 35 27
8 36 14 36
0 4 6 4
30 0 37 0
34 6 34 11
31 18 31 20
34 2 34 5
19 0 22 0
19 7 19 10
6 20 8 20
37 33 37 34
23 22 23 27
8 31 8 36
12 21 18 21
18 26 20 26
17 29 18 29
10 11 10 12
27 26 27 28
4 17 6 17
13 28 15 28
35 29 35 34
28 10 28 12
17 9 17 10
21 1 23 1
34 5 34 6
10 15 11 15
10 7 19 7
14 18 16 18
1 33 4 33
23 16 23 17
29 22 32 22
32 11 34 11
30 12 30 14
