136
16 12 16 11
15 12 16 12
12 2 11 2
16 1 15 1
10 13 11 13
1 13 1 12
4 6 5 6
10 14 10 13
4 14 5 14
10 0 11 0
14 9 13 9
1 14 1 13
14 12 15 12
10 15 10 14
5 6 5 7
5 5 5 6
1 1 1 0
16 0 16 1
14 8 14 9
0 14 1 14
6 5 5 5
15 16 15 15
11 15 10 15
13 12 14 12
3 12 4 12
13 11 13 12
13 8 14 8
15 17 15 16
8 4 9 4
12 3 12 2
14 11 13 11
4 15 4 14
17 0 16 0
12 4 12 3
3 13 3 12
14 0 13 0
14 10 14 11
3 15 4 15
7 5 6 5
3 16 3 15
4 12 5 12
17 1 17 0
2 9 3 9
7 4 8 4
12 15 11 15
7 6 7 5
2 13 3 13
1 2 1 1
13 9 13 8
1 13 2 13
13 10 13 9
7 7 7 6
1 9 2 9
14 9 14 10
15 0 14 0
12 5 12 4
15 1 15 0
17 2 17 1
13 5 12 5
4 13 4 12
2 16 3 16
5 6 4 6
14 17 15 17
13 15 12 15
4 14 4 13
4 15 4 14
3 1 3 0
13 16 13 15
6 7 7 7
14 16 13 16
13 17 14 17
16 2 17 2
15 15 15 14
1 12 1 13
0 12 1 12
12 17 13 17
15 2 16 2
6 6 5 6
11 17 12 17
6 8 6 7
15 3 15 2
4 16 4 15
16 1 15 1
12 10 13 10
10 1 10 0
14 3 15 3
11 16 11 17
0 9 1 9
14 15 14 16
14 2 14 3
5 16 4 16
7 8 6 8
6 7 6 6
13 15 14 15
11 15 11 16
6 16 5 16
12 9 12 10
12 15 11 15
11 4 10 4
6 15 6 16
16 2 16 1
5 7 6 7
7 7 7 8
11 9 12 9
5 6 5 7
11 10 11 9
12 14 12 15
3 2 3 1
1 16 2 16
6 14 6 15
11 14 12 14
5 14 6 14
12 10 11 10
13 16 13 15
5 13 5 14
4 2 3 2
12 11 12 10
11 11 12 11
9 1 10 1
2 5 3 5
10 14 11 14
5 12 5 13
11 10 11 11
9 0 9 1
10 15 10 14
12 10 11 10
1 15 1 16
5 11 5 12
7 5 7 4
6 11 5 11
6 12 6 11
5 12 6 12
8 7 7 7
4 12 5 12
16 15 15 15
17 15 16 15
164
1 13 2 13
15 0 15 1
8 3 8 4
5 8 6 8
17 16 17 17
9 7 10 7
11 2 11 3
16 11 17 11
12 4 13 4
8 8 9 8
15 7 15 8
2 13 2 14
2 10 3 10
6 7 6 8
15 15 16 15
0 15 2 15
13 14 13 15
5 11 5 12
3 10 4 10
11 16 12 16
6 4 6 5
0 11 1 11
11 10 11 11
4 8 5 8
9 5 9 6
1 8 1 9
9 17 10 17
14 11 14 12
8 12 9 12
10 13 11 13
10 3 10 4
3 2 5 2
11 3 12 3
12 13 13 13
15 2 17 2
0 13 0 15
0 0 0 1
7 1 8 1
16 8 16 9
5 16 6 16
11 16 11 17
5 8 5 9
14 0 15 0
3 4 4 4
8 0 10 0
2 4 2 6
4 15 5 15
15 17 16 17
7 6 7 7
3 3 3 4
6 15 7 15
1 9 2 9
12 9 13 9
5 10 5 11
1 0 2 0
16 9 17 9
9 12 9 13
8 3 9 3
15 5 15 6
6 8 7 8
1 3 2 3
7 12 7 13
14 12 14 13
7 1 7 2
3 16 3 17
9 3 10 3
13 4 13 6
12 12 12 13
2 3 2 4
10 17 11 17
2 9 2 10
6 6 7 6
9 13 10 13
12 17 13 17
14 11 15 11
5 14 5 15
6 2 6 3
3 2 3 3
15 8 16 8
2 12 2 13
16 16 17 16
14 14 14 15
14 17 15 17
7 7 9 7
15 1 15 2
16 0 17 0
1 7 1 8
3 15 4 15
13 2 13 3
12 16 14 16
13 0 13 1
2 10 2 11
2 0 3 0
14 10 14 11
8 17 9 17
12 11 12 12
0 5 0 6
1 11 2 11
2 16 2 17
1 12 1 13
6 3 6 4
5 15 6 15
10 6 11 6
9 2 9 3
11 13 12 13
17 14 17 16
15 6 15 7
13 8 13 9
10 4 12 4
9 15 11 15
13 6 13 7
3 6 3 7
4 6 6 6
8 0 8 1
2 4 3 4
14 15 15 15
9 1 9 2
0 6 1 6
2 15 3 15
2 12 3 12
11 15 11 16
4 5 4 6
17 3 17 4
3 15 3 16
17 2 17 3
12 9 12 11
0 1 1 1
1 1 1 3
1 6 1 7
13 13 13 14
4 4 4 5
9 1 10 1
14 10 15 10
8 5 9 5
13 7 13 8
7 8 8 8
14 13 14 14
10 1 12 1
7 15 8 15
14 8 15 8
12 15 12 16
13 2 15 2
14 15 14 16
5 3 6 3
1 6 2 6
16 9 16 10
0 8 0 10
8 4 8 5
5 9 5 10
9 6 9 7
13 9 15 9
0 5 1 5
15 10 16 10
3 12 5 12
0 11 0 13
6 2 7 2
14 16 14 17
13 3 13 4
10 13 10 14
14 6 15 6
8 8 8 9
9 14 9 15
0 7 0 8
10 7 10 8
