313
32 13 32 14
23 36 24 36
34 1 34 2
26 8 26 7
17 16 17 15
24 36 25 36
15 15 15 16
32 1 31 1
17 31 17 32
29 6 29 5
28 15 28 14
12 16 12 15
7 22 8 22
20 19 19 19
15 16 14 16
25 31 26 31
6 14 5 14
16 15 15 15
15 9 14 9
16 7 15 7
18 17 19 17
32 19 33 19
31 32 30 32
10 11 10 10
16 11 17 11
7 5 7 6
29 5 30 5
8 12 8 11
24 15 24 16
5 27 4 27
31 0 32 0
25 36 25 35
19 13 18 13
34 21 34 22
34 19 35 19
35 21 35 22
3 18 4 18
24 16 24 17
21 33 21 34
24 19 24 20
20 20 20 19
35 19 36 19
18 7 18 6
36 28 35 28
12 6 11 6
23 25 24 25
17 7 17 6
20 31 21 31
12 15 13 15
10 22 10 21
33 19 33 20
7 1 6 1
16 8 16 7
33 27 33 28
22 26 23 26
7 0 7 1
33 22 33 23
4 15 5 15
8 20 9 20
28 14 28 13
31 13 32 13
19 35 18 35
20 9 20 8
34 34 33 34
14 7 13 7
8 21 8 20
20 13 19 13
16 35 17 35
19 19 19 20
8 7 9 7
25 6 26 6
12 20 12 19
17 15 16 15
9 12 8 12
11 27 11 28
29 11 28 11
18 35 18 36
14 24 13 24
12 7 12 8
34 26 34 27
2 24 2 25
22 10 23 10
7 23 6 23
16 12 15 12
25 30 25 29
25 29 25 28
30 28 29 28
35 2 35 1
17 28 16 28
15 25 15 24
6 10 6 11
22 20 23 20
13 7 13 8
24 25 25 25
27 17 26 17
3 15 2 15
34 9 34 10
6 21 6 20
18 21 18 22
20 33 19 33
17 23 16 23
19 9 19 10
27 12 27 13
29 7 29 8
19 17 19 18
8 22 8 21
30 7 30 6
18 9 18 10
9 4 8 4
31 18 30 18
6 22 7 22
15 15 15 16
15 17 15 18
4 18 4 19
20 35 21 35
9 1 9 2
20 16 19 16
28 13 29 13
35 20 35 21
7 6 8 6
34 22 33 22
2 30 1 30
34 20 34 19
15 7 15 6
18 13 18 14
21 29 21 28
30 35 31 35
36 20 35 20
28 6 29 6
23 6 22 6
30 29 31 29
19 18 20 18
19 34 20 34
18 14 18 15
6 1 6 0
13 17 12 17
25 3 24 3
7 34 8 34
5 33 4 33
3 29 2 29
32 32 33 32
32 13 33 13
35 15 36 15
19 36 19 35
16 28 16 29
29 19 30 19
33 22 32 22
8 16 7 16
1 36 1 35
26 16 25 16
2 35 2 34
16 18 17 18
14 9 15 9
34 32 35 32
26 36 27 36
18 15 17 15
13 15 14 15
34 24 34 23
19 7 18 7
4 8 4 7
35 25 36 25
28 5 28 6
25 7 24 7
19 14 20 14
26 15 26 14
32 0 32 1
2 20 2 19
14 26 13 26
3 32 4 32
33 21 33 22
20 14 21 14
28 20 28 21
31 25 31 26
9 30 9 31
30 33 29 33
31 26 32 26
27 9 26 9
29 36 29 35
9 10 9 9
31 1 31 0
0 34 0 33
31 35 31 34
24 20 25 20
4 9 4 8
5 10 4 10
18 4 19 4
3 25 3 26
15 16 15 17
23 4 24 4
35 11 34 11
6 33 5 33
35 30 35 31
22 9 21 9
1 13 2 13
16 9 16 8
16 14 15 14
2 13 2 12
27 29 27 28
30 21 31 21
18 22 17 22
3 30 3 29
31 22 30 22
19 31 19 32
12 28 12 27
4 26 5 26
5 33 5 32
17 32 16 32
22 32 22 31
15 12 14 12
17 22 16 22
20 34 20 33
17 19 17 20
33 29 33 30
31 21 32 21
35 29 36 29
27 36 28 36
34 11 34 12
0 30 0 31
18 23 18 24
7 12 7 13
4 36 4 35
30 16 31 16
36 19 36 20
34 15 33 15
35 22 36 22
14 29 14 28
3 11 3 12
28 24 28 23
32 26 33 26
17 17 18 17
33 32 34 32
25 15 26 15
23 2 24 2
3 2 4 2
17 20 16 20
5 4 5 5
3 35 3 36
3 10 3 9
21 21 21 20
32 21 31 21
0 28 0 27
26 31 26 30
2 22 3 22
6 20 5 20
1 14 1 13
24 29 24 30
35 14 35 13
32 6 32 5
35 31 35 30
33 14 34 14
19 26 19 25
14 12 13 12
20 4 20 5
15 11 15 12
23 29 23 30
25 16 25 15
6 34 7 34
22 6 23 6
30 5 31 5
32 14 32 15
24 14 24 15
29 17 30 17
25 35 25 34
15 12 15 11
34 19 33 19
11 17 10 17
4 33 3 33
25 1 24 1
25 13 25 12
0 35 0 34
31 21 32 21
4 17 4 16
31 2 31 3
16 25 15 25
11 26 11 27
24 9 25 9
6 16 6 15
1 7 1 6
4 35 4 34
25 9 24 9
5 0 5 1
26 1 25 1
10 32 10 33
30 17 29 17
4 25 3 25
15 25 16 25
4 34 3 34
30 36 30 35
33 13 33 12
30 9 30 10
5 23 4 23
0 31 0 30
7 34 7 35
18 24 19 24
32 18 31 18
21 28 20 28
19 32 19 31
18 7 17 7
24 7 25 7
9 27 8 27
35 30 35 29
31 31 32 31
21 6 21 5
25 5 25 6
8 4 8 5
6 36 6 35
1 20 1 21
14 11 13 11
13 18 14 18
0 34 1 34
29 21 29 20
1 1 0 1
34 14 33 14
187
34 12 34 13
2 19 4 19
11 6 11 7
15 8 15 9
28 23 30 23
23 19 26 19
33 26 36 26
26 19 26 20
30 19 33 19
24 13 27 13
0 17 0 19
15 18 17 18
30 19 30 22
28 7 31 7
33 1 35 1
16 7 17 7
31 9 32 9
17 26 23 26
33 26 33 28
25 25 25 28
6 30 6 35
6 0 12 0
14 15 16 15
7 1 11 1
4 8 6 8
6 28 6 29
32 12 32 15
3 34 5 34
21 9 21 14
36 24 36 25
33 20 33 22
8 6 8 10
20 15 20 17
34 13 34 16
17 15 17 18
6 11 8 11
30 26 30 32
32 7 32 8
8 19 12 19
12 17 14 17
8 20 8 21
25 7 26 7
34 13 35 13
12 31 19 31
2 34 3 34
5 11 6 11
26 15 26 17
25 1 25 6
1 34 2 34
12 17 12 19
6 29 6 30
27 1 32 1
12 19 20 19
17 35 19 35
14 28 20 28
32 1 33 1
27 22 28 22
17 15 20 15
20 11 20 15
14 14 14 15
25 28 27 28
24 6 25 6
34 10 34 12
1 26 1 30
25 6 25 7
32 28 33 28
8 12 8 19
0 8 4 8
4 32 5 32
6 11 6 15
2 19 2 21
34 29 34 32
8 5 8 6
0 30 1 30
29 2 29 6
33 12 34 12
16 15 17 15
32 9 32 12
2 0 3 0
34 27 36 27
0 19 2 19
17 21 17 26
30 22 30 23
4 16 4 19
6 0 6 8
33 20 35 20
5 28 6 28
13 23 14 23
5 26 5 28
16 23 16 24
15 9 17 9
8 19 8 20
14 13 14 14
34 27 34 29
20 19 23 19
32 15 33 15
2 25 2 29
12 9 15 9
25 1 27 1
26 15 32 15
6 30 12 30
4 19 5 19
19 35 21 35
12 30 12 31
26 17 26 19
11 1 11 6
27 20 27 22
15 24 16 24
7 22 9 22
20 28 23 28
29 8 29 13
2 25 3 25
26 19 28 19
0 30 0 33
31 7 32 7
24 13 24 15
27 22 27 28
35 13 35 17
20 18 20 19
30 32 34 32
5 32 5 34
12 19 12 21
27 1 27 13
23 26 23 28
27 13 27 14
2 29 2 34
30 22 32 22
7 22 7 28
28 6 28 7
4 10 4 16
17 9 21 9
11 7 16 7
33 22 33 23
20 28 20 33
33 1 33 12
34 29 35 29
22 14 22 15
16 22 16 23
8 10 10 10
28 22 29 22
36 25 36 26
6 8 7 8
35 18 35 20
21 34 25 34
4 10 8 10
5 21 7 21
21 14 21 15
7 28 11 28
35 17 35 18
14 23 14 28
9 3 9 5
14 17 15 17
30 23 30 26
30 32 30 35
21 14 22 14
2 15 2 19
12 21 17 21
25 28 25 34
27 13 29 13
28 6 29 6
6 28 7 28
17 7 25 7
16 10 16 15
19 31 19 33
2 21 5 21
33 23 33 26
3 33 3 34
12 9 12 17
19 33 19 35
28 23 28 36
20 17 24 17
14 16 14 17
1 30 1 34
29 8 30 8
9 22 16 22
8 11 8 12
6 27 6 28
15 9 15 10
28 19 30 19
24 15 24 17
32 22 32 23
34 7 34 10
7 21 7 22
30 18 30 19
32 8 32 9
8 6 11 6
21 34 21 35
