27
1 8 0 8
6 9 6 10
2 6 2 7
7 15 7 14
8 8 7 8
15 3 15 4
15 2 15 3
14 14 14 13
15 12 15 11
4 16 5 16
5 11 6 11
3 8 3 9
5 10 5 11
8 13 9 13
5 6 5 5
15 9 14 9
8 12 8 13
1 14 1 13
16 16 16 15
7 16 7 15
14 15 15 15
10 1 10 0
3 2 3 3
6 8 6 9
2 1 1 1
15 13 15 12
2 2 2 1
173
8 11 8 13
9 5 9 6
5 3 5 4
14 2 16 2
9 11 9 13
6 14 6 15
14 2 14 3
13 14 15 14
12 4 13 4
6 9 7 9
10 9 10 10
10 2 10 4
9 10 9 11
7 0 7 1
4 8 4 9
3 12 3 13
8 15 15 15
9 14 11 14
9 13 9 14
14 4 15 4
4 11 4 12
6 15 7 15
0 3 1 3
14 11 15 11
7 10 7 11
3 16 5 16
4 14 4 15
11 8 12 8
12 11 12 12
15 15 16 15
6 13 7 13
6 5 7 5
6 12 7 12
16 8 16 13
6 1 6 2
12 10 13 10
1 9 2 9
15 14 15 15
13 12 13 13
15 0 15 1
7 1 8 1
9 9 9 10
6 0 6 1
2 8 4 8
4 2 4 3
3 9 3 10
13 11 14 11
6 3 7 3
6 7 7 7
9 13 10 13
3 10 4 10
5 14 6 14
0 5 0 6
6 13 6 14
7 6 7 7
0 9 1 9
8 2 9 2
8 3 9 3
12 7 12 8
3 11 3 12
15 8 15 10
7 3 8 3
15 5 15 6
13 0 13 1
5 9 6 9
4 11 5 11
6 11 6 12
10 0 11 0
15 11 15 12
15 7 15 8
14 10 15 10
15 8 16 8
3 5 3 6
2 5 2 7
13 1 13 2
9 8 9 9
13 11 13 12
0 14 3 14
4 6 6 6
0 10 2 10
12 12 13 12
10 11 10 13
2 9 2 10
8 9 9 9
13 13 13 14
14 0 14 1
2 10 3 10
7 14 8 14
5 5 6 5
13 5 14 5
11 13 13 13
8 1 8 2
7 15 8 15
12 8 12 10
9 4 10 4
13 9 13 10
13 1 14 1
4 7 5 7
10 0 10 2
1 4 1 5
7 11 8 11
4 3 5 3
7 5 9 5
0 6 0 8
5 4 8 4
6 2 6 3
4 3 4 6
8 7 8 9
11 3 14 3
1 2 4 2
2 15 2 16
0 2 0 3
10 10 12 10
15 6 15 7
14 3 14 4
9 6 9 7
4 6 4 7
1 5 1 6
6 16 11 16
14 6 15 6
3 6 4 6
7 2 7 3
8 4 9 4
1 7 1 9
0 2 1 2
3 10 3 11
14 12 14 13
4 10 6 10
9 2 10 2
4 8 5 8
13 4 13 5
5 0 5 1
3 13 4 13
5 14 5 16
7 9 8 9
1 6 1 7
11 0 11 3
9 5 13 5
15 0 16 0
9 7 10 7
2 15 4 15
8 14 9 14
2 3 3 3
2 7 3 7
12 0 13 0
1 4 2 4
6 9 6 10
10 7 10 9
5 1 5 3
15 4 15 5
5 11 5 14
2 7 2 8
0 10 0 11
7 7 7 8
0 4 1 4
12 10 12 11
7 5 7 6
6 10 6 11
1 3 1 4
1 1 1 2
11 6 12 6
13 8 15 8
11 6 11 7
3 13 3 14
16 0 16 2
12 0 12 2
13 9 14 9
4 13 4 14
14 13 16 13
4 0 5 0
12 6 14 6
5 8 7 8
7 13 8 13
