113
4 0 4 1
10 17 11 17
6 5 5 5
7 3 7 2
17 1 17 2
12 9 12 10
9 24 9 25
9 0 8 0
26 12 26 11
5 1 5 0
17 9 16 9
6 23 5 23
15 7 15 6
22 18 23 18
24 26 24 27
19 9 19 10
8 0 8 1
6 16 6 15
12 25 11 25
18 1 19 1
13 3 13 4
17 6 18 6
12 22 11 22
13 25 12 25
21 9 20 9
18 3 17 3
5 6 6 6
17 10 16 10
5 18 4 18
16 12 16 13
4 1 5 1
10 8 11 8
26 11 25 11
14 24 14 23
1 16 0 16
16 11 16 12
5 1 5 2
5 25 5 26
20 24 20 23
23 15 23 14
11 16 12 16
17 0 17 1
1 24 0 24
17 1 18 1
10 27 10 26
13 15 13 14
26 3 26 4
4 20 4 19
16 5 17 5
17 3 16 3
23 7 23 6
17 11 16 11
6 15 7 15
24 9 23 9
5 16 5 15
12 18 12 19
24 10 24 9
2 0 2 1
25 12 25 13
25 11 25 10
9 7 8 7
19 23 19 24
8 10 9 10
21 23 22 23
16 9 15 9
21 15 21 14
1 2 0 2
6 17 6 16
27 12 26 12
5 15 6 15
9 22 9 21
20 14 20 13
4 21 4 20
14 11 14 10
10 7 10 8
14 6 14 5
21 7 21 8
20 23 21 23
27 16 26 16
4 24 4 25
3 9 2 9
11 8 11 7
20 16 20 17
6 19 7 19
14 25 14 24
5 4 5 3
5 24 4 24
12 19 12 20
10 8 10 9
24 12 24 13
2 8 2 7
26 25 25 25
15 6 16 6
25 27 25 26
6 24 6 23
14 23 15 23
26 26 26 25
5 11 6 11
27 23 26 23
5 23 5 24
11 9 12 9
12 25 12 24
11 3 11 2
15 14 15 15
16 21 17 21
5 22 5 23
21 5 20 5
4 11 4 12
20 4 19 4
23 3 23 4
25 0 25 1
14 10 15 10
21 20 21 19
187
18 19 18 21
21 14 22 14
6 11 6 15
21 19 21 21
22 22 27 22
18 6 18 7
18 21 18 22
7 13 7 15
26 4 27 4
25 13 27 13
9 10 9 12
11 21 11 22
15 23 21 23
19 7 20 7
16 3 16 6
27 1 27 2
15 22 15 23
7 2 11 2
13 4 15 4
12 1 12 7
12 1 13 1
13 14 14 14
21 12 21 13
16 16 16 22
26 6 26 9
6 15 6 16
19 18 21 18
6 15 7 15
22 17 22 19
14 18 15 18
2 25 4 25
8 7 8 13
9 18 9 20
23 9 23 10
27 13 27 17
20 7 20 9
8 13 12 13
16 13 16 16
23 2 25 2
23 10 25 10
20 9 22 9
5 24 10 24
18 19 21 19
23 2 23 4
7 9 7 13
11 2 11 7
5 23 5 24
1 27 4 27
5 13 5 17
27 22 27 27
13 23 15 23
18 13 18 14
11 15 12 15
18 12 18 13
2 25 2 26
20 22 22 22
1 22 1 26
12 12 12 13
23 24 23 25
23 19 23 20
6 1 6 2
25 10 25 13
4 18 4 19
1 7 1 9
1 21 1 22
8 1 12 1
16 10 19 10
24 9 26 9
9 10 10 10
1 19 4 19
18 16 18 17
4 25 9 25
21 16 21 18
18 1 18 2
6 6 6 7
2 9 7 9
13 6 16 6
7 13 8 13
1 9 1 14
2 24 2 25
19 17 19 18
24 25 25 25
10 10 11 10
5 3 5 5
25 1 27 1
25 1 25 2
27 4 27 6
2 3 2 4
6 10 6 11
21 13 21 14
11 15 11 17
5 17 11 17
2 26 3 26
11 22 11 25
12 9 15 9
23 6 26 6
5 2 6 2
22 23 24 23
21 18 21 19
21 23 21 25
12 26 23 26
23 8 23 9
5 19 5 21
7 15 10 15
10 9 10 10
1 21 5 21
10 9 12 9
5 21 5 23
15 15 15 18
8 27 12 27
12 26 12 27
1 26 1 27
1 9 2 9
0 21 1 21
7 18 7 19
23 0 24 0
21 25 23 25
1 14 1 17
16 10 16 11
13 1 18 1
13 13 16 13
16 22 18 22
3 11 6 11
23 20 23 21
5 19 7 19
13 1 13 4
16 6 16 10
18 2 23 2
12 24 12 26
21 8 23 8
22 19 23 19
21 14 21 16
25 25 25 26
4 27 8 27
24 23 24 25
23 4 23 6
2 4 2 7
18 7 19 7
15 10 16 10
22 22 22 23
27 6 27 13
12 10 12 12
22 9 22 14
19 10 19 13
2 1 6 1
19 13 19 14
0 16 0 21
18 17 19 17
16 12 18 12
6 20 6 22
18 2 18 6
10 14 10 15
6 22 11 22
22 15 22 16
6 1 8 1
19 14 19 16
8 7 11 7
15 18 15 22
1 1 2 1
5 17 5 19
6 20 9 20
23 19 25 19
1 7 2 7
27 17 27 20
12 7 12 9
25 13 25 19
17 17 18 17
6 7 8 7
5 2 5 3
26 25 26 27
26 4 26 5
22 16 22 17
18 22 20 22
9 25 11 25
11 26 12 26
14 14 14 18
23 26 25 26
12 10 15 10
1 17 1 19
10 14 13 14
25 5 26 5
16 12 16 13
1 1 1 6
15 3 16 3
9 8 9 10
17 15 17 17
9 18 14 18
