107
10 12 9 12
17 24 18 24
27 20 27 21
28 19 28 20
14 8 14 7
7 0 7 1
29 22 30 22
28 13 29 13
6 15 6 14
34 8 33 8
33 21 33 22
16 5 17 5
5 32 6 32
1 6 2 6
9 5 8 5
15 28 16 28
1 5 2 5
14 14 15 14
9 6 9 5
15 4 15 5
21 32 21 31
9 1 9 0
5 22 6 22
1 14 1 15
0 29 1 29
20 33 19 33
25 20 26 20
31 10 31 11
31 29 31 28
23 24 22 24
5 10 5 11
23 33 23 32
31 8 31 7
29 24 29 25
0 18 1 18
33 10 32 10
19 7 19 6
20 15 20 16
19 33 19 32
7 11 7 12
1 15 1 16
28 15 27 15
2 5 2 4
3 6 4 6
33 14 33 13
31 5 31 4
4 6 4 5
4 15 3 15
9 10 9 11
16 8 15 8
6 26 7 26
25 6 26 6
27 22 26 22
17 32 17 31
24 24 23 24
14 16 14 15
8 5 8 6
25 1 24 1
20 18 20 19
6 14 6 13
8 1 9 1
0 3 0 2
7 12 6 12
26 13 26 12
5 15 6 15
8 0 8 1
1 26 0 26
26 17 26 16
27 30 26 30
16 3 16 2
14 30 14 29
2 11 3 11
23 5 22 5
25 30 25 29
11 9 11 8
1 16 0 16
12 17 12 16
27 15 27 14
22 5 22 6
33 22 34 22
9 1 9 2
30 30 30 29
26 3 26 4
1 10 1 11
10 4 9 4
23 11 22 11
6 1 5 1
34 12 33 12
8 10 9 10
0 21 1 21
22 6 22 7
28 1 27 1
20 6 20 5
20 11 19 11
4 5 5 5
6 34 6 33
14 28 14 27
29 32 28 32
12 14 12 15
30 29 29 29
3 27 3 26
19 32 20 32
29 6 29 5
13 28 12 28
31 30 32 30
22 23 22 22
20 20 20 21
191
1 2 1 4
5 2 8 2
34 4 34 6
14 15 16 15
12 22 12 25
18 24 22 24
29 10 32 10
22 8 24 8
32 9 32 10
5 30 5 31
25 14 27 14
17 5 17 7
21 21 22 21
30 22 34 22
4 4 4 7
24 0 24 1
11 18 23 18
19 6 21 6
26 30 32 30
27 6 27 11
9 5 13 5
6 28 12 28
7 21 7 26
5 2 5 5
21 4 23 4
14 7 17 7
31 4 33 4
23 18 23 22
26 26 29 26
9 11 9 12
11 22 12 22
22 0 24 0
1 29 2 29
32 30 32 31
21 15 23 15
26 6 27 6
26 20 26 22
14 29 16 29
29 13 29 20
3 11 5 11
6 32 20 32
9 2 9 4
11 18 11 20
18 24 18 28
24 6 26 6
30 12 33 12
27 24 30 24
33 8 33 12
17 4 17 5
5 1 5 2
20 19 20 21
8 1 8 2
26 2 26 4
14 26 16 26
18 15 19 15
0 24 4 24
26 1 26 2
23 16 23 18
26 20 28 20
30 24 31 24
24 5 24 6
16 28 16 29
9 4 17 4
0 26 0 33
6 12 6 13
2 1 5 1
26 22 26 26
29 31 32 31
22 21 22 22
18 1 18 2
5 11 8 11
29 26 29 29
9 2 13 2
30 20 30 22
3 9 3 11
25 26 26 26
13 5 13 12
33 13 34 13
26 6 26 9
24 1 26 1
27 29 29 29
20 21 21 21
27 1 27 2
7 5 9 5
5 5 7 5
23 32 28 32
11 8 11 12
11 21 13 21
31 24 31 25
20 32 23 32
5 16 5 30
2 1 2 4
34 22 34 31
11 16 11 18
8 11 9 11
13 12 13 13
0 16 0 24
6 28 6 32
1 11 3 11
29 13 33 13
16 15 18 15
12 25 12 28
24 8 24 11
19 20 19 23
28 20 29 20
18 31 21 31
27 27 27 29
22 10 22 11
22 29 23 29
23 12 26 12
19 15 21 15
30 22 30 24
17 7 20 7
22 22 22 24
33 4 33 8
4 31 5 31
18 29 18 31
16 2 18 2
15 8 15 12
23 16 26 16
5 13 5 16
13 13 13 16
17 4 21 4
33 12 33 13
32 31 34 31
23 15 23 16
23 30 26 30
23 30 23 32
13 12 15 12
26 28 26 30
6 32 6 33
16 26 16 28
0 2 1 2
7 4 9 4
8 1 11 1
18 29 22 29
22 8 22 10
10 20 11 20
6 20 6 22
9 0 12 0
34 31 34 34
16 28 18 28
1 11 1 18
23 10 23 12
25 26 25 29
6 16 11 16
5 16 6 16
23 4 26 4
3 11 3 15
31 25 31 26
26 9 26 12
26 4 31 4
15 12 15 14
27 11 27 14
23 22 23 24
1 4 1 11
5 0 9 0
11 1 15 1
8 6 8 8
26 16 26 20
6 22 6 28
8 8 8 11
1 29 1 31
6 13 13 13
0 24 0 26
1 31 4 31
5 11 5 13
12 12 13 12
11 20 19 20
12 16 13 16
2 4 4 4
12 28 16 28
33 1 33 4
10 8 11 8
29 29 33 29
22 7 22 8
15 14 25 14
11 12 12 12
12 0 22 0
21 6 24 6
29 10 29 11
23 29 25 29
11 20 11 21
15 1 18 1
7 21 11 21
20 7 22 7
6 6 8 6
0 33 6 33
28 8 33 8
22 28 22 29
27 11 29 11
