309
4 23 4 24
13 35 13 36
7 29 6 29
18 6 17 6
45 23 46 23
26 25 26 24
28 34 28 35
3 25 2 25
10 35 10 36
15 25 15 24
34 4 35 4
17 5 16 5
9 33 9 34
7 25 6 25
24 1 24 0
28 26 29 26
17 24 18 24
16 7 17 7
15 31 16 31
34 43 34 42
20 32 21 32
27 6 27 5
27 1 27 0
18 1 19 1
2 3 2 2
34 11 34 12
25 27 26 27
3 29 3 28
6 20 6 21
13 36 14 36
7 2 7 1
3 35 4 35
22 18 23 18
2 21 3 21
19 15 19 16
35 16 36 16
46 42 45 42
16 21 17 21
35 25 36 25
14 23 14 22
20 17 20 18
29 26 29 25
18 17 19 17
13 9 13 8
28 35 29 35
10 24 10 23
14 38 14 37
15 24 15 23
16 37 16 38
5 29 5 30
22 19 22 20
20 41 21 41
26 24 27 24
7 39 8 39
5 2 5 3
1 6 1 7
2 33 1 33
8 2 8 3
19 6 18 6
25 5 25 6
19 9 19 10
25 3 24 3
43 6 42 6
24 32 24 31
1 7 2 7
7 31 8 31
28 27 29 27
11 41 10 41
27 12 27 13
4 29 5 29
5 33 6 33
27 39 26 39
8 32 8 33
18 5 19 5
46 8 46 7
18 9 18 10
14 22 14 21
17 9 18 9
21 17 22 17
2 16 3 16
19 10 20 10
41 11 40 11
29 27 29 26
5 16 6 16
43 30 43 31
27 5 28 5
10 41 10 40
36 16 36 15
26 27 26 26
2 27 3 27
43 31 44 31
26 39 26 40
23 16 23 17
44 11 43 11
46 33 45 33
20 2 19 2
6 28 5 28
32 6 31 6
45 42 45 43
38 29 38 30
9 24 9 23
19 7 19 8
27 13 27 14
31 36 31 37
24 31 25 31
46 18 45 18
45 43 44 43
24 42 25 42
45 33 44 33
36 24 36 23
3 38 2 38
46 22 45 22
39 29 39 30
25 17 24 17
7 12 6 12
6 33 7 33
29 22 29 23
32 19 33 19
18 27 17 27
18 9 19 9
33 25 33 24
12 11 12 12
15 21 15 22
2 41 3 41
15 22 14 22
39 30 40 30
4 2 3 2
43 22 44 22
37 31 38 31
6 12 6 13
31 12 30 12
21 32 21 33
24 36 23 36
36 10 36 9
24 37 24 38
9 3 9 2
21 12 21 13
19 16 18 16
0 2 1 2
37 22 37 23
35 42 35 41
32 44 33 44
8 33 9 33
37 5 38 5
36 5 35 5
38 31 39 31
42 10 42 11
45 9 44 9
15 19 14 19
25 24 25 23
37 8 37 7
37 34 38 34
19 2 18 2
38 14 38 15
36 9 35 9
7 27 7 28
12 17 13 17
38 21 38 20
38 30 39 30
21 41 21 42
20 35 20 34
41 9 42 9
39 31 40 31
17 6 17 5
5 34 5 35
4 15 4 16
19 5 19 6
42 6 41 6
26 26 25 26
13 6 12 6
13 8 12 8
46 21 46 20
44 43 44 44
9 15 9 14
33 19 33 18
42 3 42 2
40 4 40 3
39 36 39 35
39 7 38 7
6 8 7 8
42 25 41 25
2 13 3 13
34 17 35 17
18 33 19 33
43 26 43 27
12 12 11 12
7 1 7 2
11 13 11 14
43 14 44 14
46 7 45 7
10 40 10 39
12 10 12 11
34 2 34 1
2 2 2 1
10 6 10 7
24 38 24 39
45 18 45 19
41 12 40 12
43 2 43 3
12 6 12 5
18 11 17 11
5 6 5 5
19 19 18 19
43 27 42 27
3 42 2 42
3 34 3 35
16 31 17 31
16 38 15 38
19 25 19 26
1 2 1 3
9 34 10 34
8 35 7 35
3 35 3 34
38 41 39 41
8 39 8 38
34 0 35 0
2 38 2 37
8 3 7 3
13 24 12 24
0 8 0 7
9 2 9 1
15 38 14 38
7 2 7 1
39 32 39 31
36 41 37 41
8 26 8 27
12 30 12 29
7 9 8 9
36 40 37 40
43 5 43 6
33 44 34 44
37 29 37 28
29 4 30 4
24 12 24 13
43 41 42 41
26 12 26 11
21 0 20 0
6 29 6 30
8 13 8 14
28 10 29 10
35 9 35 8
23 17 23 16
13 40 14 40
25 19 25 18
43 6 43 7
37 7 37 8
7 26 7 27
33 24 34 24
10 5 10 4
19 37 18 37
30 45 30 46
36 43 36 42
42 2 41 2
42 11 42 12
12 2 12 1
14 22 15 22
43 3 42 3
15 30 15 29
13 44 13 43
41 18 41 19
29 21 29 20
45 34 45 35
25 6 24 6
6 38 6 39
9 4 8 4
36 17 36 16
11 14 10 14
36 15 35 15
44 6 45 6
40 41 40 42
41 2 40 2
3 24 3 23
20 0 20 1
42 9 42 10
39 30 39 29
35 8 35 7
14 24 15 24
39 41 39 40
15 43 14 43
18 29 19 29
28 1 28 2
20 36 20 37
33 11 32 11
7 35 7 36
14 19 14 20
30 14 29 14
22 6 23 6
12 1 12 2
38 15 39 15
25 32 24 32
26 34 25 34
20 38 19 38
12 39 13 39
20 8 20 9
33 0 32 0
6 25 6 24
10 23 11 23
11 1 11 0
29 6 28 6
11 40 12 40
20 37 20 36
7 27 7 26
13 43 13 42
39 29 39 30
39 21 38 21
38 9 39 9
0 41 1 41
3 9 3 10
29 5 29 4
188
40 39 40 40
44 39 44 44
2 7 7 7
19 9 19 17
31 9 31 11
21 38 21 39
21 13 24 13
7 7 10 7
17 5 17 7
6 35 6 37
12 14 13 14
21 11 21 13
10 36 10 39
35 4 35 5
44 33 44 37
31 30 31 37
30 5 30 10
19 6 19 8
38 5 38 7
30 12 34 12
14 21 17 21
37 23 39 23
39 15 39 20
24 24 27 24
25 26 25 31
10 7 17 7
40 39 44 39
35 5 38 5
29 26 32 26
4 16 6 16
7 3 11 3
35 15 39 15
9 33 9 37
14 38 14 40
20 10 20 16
8 1 9 1
25 42 34 42
11 0 11 3
6 13 7 13
6 16 6 19
24 17 24 24
31 0 31 6
7 8 7 13
7 41 7 44
31 11 32 11
7 28 7 33
42 10 43 10
32 11 40 11
10 9 10 14
7 33 9 33
22 17 24 17
27 14 29 14
18 0 24 0
14 40 14 41
14 37 18 37
14 31 17 31
33 15 33 18
29 23 29 25
9 23 9 33
19 33 21 33
30 10 30 12
44 20 46 20
22 26 25 26
24 13 24 17
22 1 22 5
1 41 3 41
6 13 6 16
5 28 7 28
5 24 5 27
21 42 25 42
14 38 19 38
14 36 16 36
36 23 37 23
37 41 41 41
29 26 29 35
5 35 6 35
40 2 40 3
15 20 22 20
34 44 44 44
6 21 14 21
1 3 5 3
18 37 31 37
39 20 44 20
5 29 5 30
43 10 43 11
32 26 32 38
20 10 29 10
31 9 37 9
10 9 19 9
41 40 41 41
19 17 19 18
25 26 29 26
30 15 33 15
5 30 5 35
21 38 32 38
32 23 36 23
28 5 30 5
5 3 7 3
14 36 14 37
28 4 28 5
14 31 14 36
43 7 43 10
31 6 31 9
22 17 22 20
44 22 44 31
38 7 43 7
7 41 12 41
39 20 39 23
4 24 5 24
44 37 44 39
19 17 22 17
2 7 2 25
24 0 27 0
7 36 7 41
40 3 42 3
14 20 14 21
2 25 2 37
6 19 6 21
17 5 22 5
11 23 11 35
10 36 14 36
46 5 46 20
24 0 24 3
21 33 21 35
5 27 5 28
10 14 12 14
26 44 34 44
4 34 4 35
17 21 17 27
27 14 27 24
40 23 42 23
2 37 6 37
3 30 4 30
18 0 18 2
37 28 37 40
46 20 46 23
9 23 11 23
12 11 12 14
11 23 15 23
21 33 26 33
17 27 21 27
3 41 7 41
39 23 39 30
22 20 22 26
34 42 34 44
39 23 40 23
4 35 5 35
12 2 12 5
44 31 44 33
38 5 46 5
0 7 0 13
39 30 39 31
7 3 7 7
33 15 35 15
17 27 17 31
21 27 21 33
19 8 26 8
40 31 40 39
7 7 7 8
12 40 12 41
26 40 37 40
37 40 37 41
24 25 29 25
22 5 28 5
19 8 19 9
21 39 21 42
19 9 20 9
37 23 37 28
42 46 43 46
42 23 42 27
40 10 40 11
8 18 19 18
19 38 21 38
31 0 32 0
35 5 35 7
12 40 14 40
39 31 39 35
30 12 30 15
42 27 42 37
27 0 31 0
36 23 36 25
12 2 18 2
29 25 36 25
4 22 4 24
29 10 30 10
4 24 4 30
6 21 6 24
7 33 7 36
