118
4 4 4 3
3 29 3 30
27 17 27 16
11 25 11 24
26 17 25 17
10 30 10 31
31 7 31 8
25 35 25 34
11 31 11 30
34 32 33 32
29 20 29 19
33 15 33 16
24 34 24 33
6 13 7 13
11 14 11 13
32 7 33 7
28 24 27 24
25 17 25 16
12 21 11 21
1 35 2 35
7 22 8 22
27 13 28 13
13 10 13 9
34 35 34 34
10 27 11 27
11 30 10 30
34 5 34 6
7 14 6 14
10 7 10 6
28 13 28 12
0 18 0 17
32 5 32 4
3 30 2 30
27 5 26 5
20 23 21 23
9 7 10 7
9 35 10 35
35 32 34 32
26 6 27 6
2 29 2 28
29 1 29 2
24 14 23 14
31 15 31 16
10 23 11 23
2 35 2 34
29 5 29 6
17 26 17 27
11 11 10 11
27 3 27 4
26 12 27 12
22 23 23 23
11 1 11 0
0 27 1 27
33 28 34 28
15 2 14 2
4 8 4 9
16 19 16 20
35 15 34 15
7 1 7 0
5 29 4 29
3 17 3 18
24 6 24 7
13 30 13 31
11 27 11 28
10 16 11 16
25 25 26 25
5 28 5 29
26 18 27 18
3 13 4 13
9 8 10 8
27 9 26 9
27 19 26 19
32 2 32 1
24 15 25 15
13 14 13 15
33 32 33 31
14 1 14 0
15 11 15 12
32 26 33 26
26 28 26 29
5 29 5 30
1 4 0 4
23 10 23 9
30 10 30 9
13 20 13 21
21 28 20 28
33 16 34 16
20 20 20 21
34 2 34 1
20 27 19 27
13 21 13 22
3 1 2 1
33 7 33 6
34 16 35 16
3 8 4 8
29 6 29 7
26 20 26 21
6 34 5 34
34 6 35 6
6 14 6 13
13 9 14 9
20 9 20 10
20 22 21 22
4 34 3 34
29 19 28 19
16 13 17 13
4 29 3 29
35 11 35 12
27 0 28 0
34 23 35 23
31 13 31 14
3 4 2 4
25 23 25 24
12 30 13 30
6 13 6 12
21 7 21 6
32 18 32 19
20 31 21 31
182
17 13 17 14
32 4 35 4
15 27 15 28
32 4 32 6
4 12 4 13
22 4 22 7
5 30 5 34
26 21 26 22
28 21 28 26
5 3 7 3
21 23 21 29
32 27 35 27
19 23 19 25
11 16 11 17
1 33 1 34
11 17 12 17
32 28 34 28
32 16 32 19
27 21 27 24
12 17 18 17
25 31 29 31
5 24 7 24
4 16 4 17
10 8 10 11
2 3 4 3
4 12 6 12
18 30 18 34
4 31 4 33
13 22 15 22
15 13 15 16
34 15 34 26
34 32 34 34
23 14 23 15
23 9 26 9
3 34 5 34
4 28 4 31
7 16 7 24
35 6 35 12
0 13 4 13
14 4 14 8
4 28 9 28
26 7 29 7
7 6 10 6
4 7 4 8
0 28 2 28
4 7 8 7
7 24 11 24
23 16 23 21
11 21 11 23
16 20 21 20
10 6 10 7
15 1 15 8
26 19 28 19
26 21 27 21
27 4 27 6
32 1 32 4
7 0 7 3
26 5 26 7
7 3 7 6
10 8 14 8
15 28 20 28
2 1 2 3
18 17 18 19
20 10 22 10
22 4 27 4
14 8 14 9
27 24 27 29
19 25 20 25
23 16 25 16
27 29 32 29
11 24 11 26
20 25 20 28
25 14 25 15
11 16 15 16
27 1 27 4
32 6 33 6
10 11 12 11
0 26 0 28
19 22 19 23
32 19 32 23
25 15 25 16
17 9 17 13
10 7 13 7
2 28 2 30
14 9 17 9
5 30 10 30
20 15 20 19
28 19 30 19
21 17 21 19
26 23 26 25
26 29 27 29
34 14 34 15
32 28 32 29
13 30 18 30
7 0 11 0
17 13 20 13
30 12 35 12
15 12 15 13
9 28 11 28
29 31 33 31
34 28 34 32
18 34 19 34
10 30 13 30
16 22 19 22
22 7 24 7
28 19 28 21
9 19 13 19
27 1 30 1
26 9 30 9
29 2 31 2
15 27 17 27
32 15 34 15
25 34 34 34
0 0 7 0
11 23 11 24
20 13 20 15
10 34 10 35
30 19 32 19
23 28 25 28
1 29 1 33
35 12 35 16
13 19 18 19
23 23 26 23
28 12 28 16
11 23 19 23
21 19 21 20
20 2 20 4
2 34 3 34
11 29 21 29
32 15 32 16
13 19 13 22
3 33 4 33
22 7 22 10
20 19 21 19
28 16 31 16
16 20 16 22
7 13 7 16
19 34 25 34
23 23 23 25
10 31 10 34
27 16 28 16
33 6 35 6
10 29 10 30
6 12 15 12
11 28 11 29
25 16 25 19
30 1 32 1
30 19 30 22
26 7 26 9
0 4 2 4
25 7 26 7
4 3 4 5
11 0 14 0
13 25 19 25
4 9 4 12
29 7 34 7
32 23 32 27
4 6 4 7
0 17 4 17
9 4 14 4
0 26 11 26
25 28 25 31
0 0 0 4
0 4 0 13
20 10 20 13
14 8 15 8
7 13 11 13
21 23 23 23
10 35 14 35
23 21 23 23
35 24 35 27
28 12 30 12
29 2 29 7
4 5 4 6
2 30 2 34
25 19 26 19
26 9 26 19
4 8 10 8
23 25 23 28
4 16 7 16
20 15 23 15
22 10 22 11
