211
17 3 17 4
9 22 9 23
0 1 1 1
1 18 2 18
1 21 0 21
1 17 1 18
14 13 13 13
23 22 23 23
17 16 18 16
19 20 19 21
24 13 25 13
16 9 17 9
6 14 7 14
3 17 3 18
11 6 11 5
5 7 4 7
14 5 13 5
1 19 1 20
18 22 17 22
15 13 14 13
13 0 13 1
12 11 13 11
7 2 8 2
9 19 10 19
2 0 3 0
8 0 9 0
18 21 18 20
4 17 5 17
18 18 17 18
8 19 9 19
3 16 2 16
18 19 18 18
16 23 16 24
22 12 21 12
17 11 17 12
24 18 24 19
18 23 18 22
8 17 8 16
15 23 16 23
12 7 11 7
0 7 0 8
21 4 20 4
6 7 5 7
6 15 6 14
2 17 3 17
23 15 23 16
8 14 8 15
7 19 8 19
18 0 18 1
19 2 19 3
2 12 2 13
16 23 16 22
7 17 6 17
20 17 20 18
9 12 9 11
16 8 16 9
4 24 5 24
5 22 5 23
3 12 2 12
20 23 20 24
17 18 17 17
20 2 20 3
6 8 6 7
16 20 17 20
1 0 2 0
24 20 24 21
0 21 0 22
2 22 2 21
4 7 4 6
8 8 8 7
18 7 18 8
3 15 3 16
23 19 23 18
20 11 19 11
5 15 6 15
0 2 0 1
17 8 17 7
11 24 12 24
10 24 10 25
23 9 23 8
17 15 17 16
4 22 5 22
0 17 1 17
10 0 11 0
13 23 13 22
5 19 4 19
5 7 4 7
13 2 13 3
24 11 24 12
18 1 18 2
16 7 16 8
0 6 0 7
10 23 10 24
3 22 3 21
3 23 3 22
2 4 2 5
24 22 23 22
4 12 3 12
24 19 23 19
12 6 11 6
15 8 15 7
25 6 25 7
2 5 1 5
7 18 7 19
19 14 20 14
17 1 17 0
9 15 10 15
8 23 8 22
19 12 19 13
1 4 2 4
5 8 5 7
11 0 12 0
8 1 8 0
4 6 4 5
8 18 7 18
25 18 24 18
17 6 18 6
24 18 24 19
14 4 14 3
14 14 15 14
24 1 24 2
0 19 1 19
5 9 5 8
6 17 6 18
3 13 3 14
22 20 22 19
0 7 1 7
12 24 12 25
1 1 1 0
22 7 22 6
2 7 3 7
3 22 4 22
7 0 7 1
16 8 17 8
11 16 10 16
19 8 19 9
7 16 7 17
7 15 7 16
2 6 2 7
7 17 8 17
1 2 0 2
18 22 18 21
12 16 12 15
1 20 1 21
22 18 21 18
1 24 1 25
14 1 15 1
4 9 5 9
21 7 21 6
24 0 24 1
21 12 20 12
1 6 2 6
5 18 5 19
16 11 15 11
23 18 22 18
25 11 24 11
1 9 2 9
0 3 0 4
25 12 25 11
21 10 22 10
4 23 4 24
3 18 4 18
0 16 0 17
17 10 18 10
11 11 11 12
23 22 22 22
25 8 24 8
2 1 1 1
9 1 10 1
6 3 5 3
22 23 21 23
25 9 25 8
12 19 13 19
0 24 1 24
24 6 25 6
16 10 16 11
12 13 11 13
11 20 11 21
12 8 12 7
3 17 3 18
20 0 20 1
3 1 2 1
22 9 23 9
17 23 16 23
24 4 24 3
6 12 6 11
16 24 17 24
23 17 23 18
13 15 13 16
5 12 5 11
19 6 19 5
9 5 9 6
9 6 9 5
2 25 2 24
1 10 1 9
4 16 4 17
6 4 5 4
3 25 3 24
13 22 12 22
7 12 6 12
2 2 3 2
22 6 22 7
15 12 15 13
11 1 11 0
11 21 11 20
23 9 22 9
1 15 1 14
12 15 11 15
22 2 22 3
5 23 4 23
4 22 3 22
188
15 11 15 13
3 8 4 8
10 11 10 12
12 21 12 22
17 12 20 12
21 15 24 15
15 10 15 11
5 7 6 7
11 10 12 10
17 16 18 16
3 8 3 11
12 10 12 14
8 22 10 22
20 4 22 4
2 19 2 20
10 20 10 22
5 8 5 9
15 14 15 21
0 13 2 13
2 21 3 21
19 21 20 21
8 5 9 5
17 4 20 4
6 19 7 19
4 8 4 13
22 19 23 19
3 22 5 22
24 21 25 21
2 12 3 12
0 20 0 22
4 8 5 8
8 21 8 22
0 22 3 22
7 19 7 21
15 13 18 13
16 2 16 3
6 9 6 11
6 5 6 7
8 12 10 12
5 17 8 17
13 1 13 3
23 11 24 11
20 19 21 19
18 8 20 8
10 14 11 14
0 13 0 17
18 21 18 24
20 3 20 4
7 24 8 24
22 7 22 8
20 4 20 6
1 3 1 5
13 11 13 13
7 1 10 1
22 19 22 22
20 12 24 12
24 12 24 14
14 8 17 8
2 13 4 13
0 1 0 2
16 21 18 21
25 16 25 19
23 21 24 21
21 15 21 17
24 3 24 5
11 5 12 5
14 6 14 8
10 22 12 22
13 10 15 10
8 17 8 19
18 24 19 24
0 20 2 20
7 22 7 24
24 5 25 5
5 4 5 5
12 0 14 0
10 24 14 24
8 24 8 25
14 0 17 0
0 17 0 18
12 9 12 10
24 5 24 8
23 18 23 19
11 14 12 14
18 18 19 18
13 13 13 16
20 9 20 12
19 13 19 16
12 22 16 22
10 5 10 7
18 5 18 6
7 1 7 3
19 18 19 21
1 18 2 18
12 0 12 3
13 3 14 3
5 9 6 9
18 2 21 2
5 22 7 22
1 8 3 8
9 8 10 8
6 5 8 5
23 8 23 11
15 14 18 14
8 24 10 24
10 9 12 9
5 17 5 19
15 1 15 2
23 0 23 7
8 12 8 15
21 2 21 3
5 8 9 8
18 17 18 18
0 8 1 8
13 1 15 1
0 0 1 0
3 22 3 24
2 14 2 15
18 13 19 13
0 18 0 20
1 1 1 3
4 7 4 8
24 21 24 23
24 16 24 17
15 13 15 14
12 7 12 9
19 23 21 23
0 22 0 25
7 21 8 21
5 3 5 4
10 18 10 19
17 8 18 8
2 16 2 18
1 0 1 1
23 7 23 8
4 5 5 5
1 17 1 18
21 19 22 19
5 5 6 5
18 21 19 21
1 5 4 5
5 19 5 22
12 10 13 10
25 19 25 21
22 8 23 8
0 4 0 8
18 17 21 17
15 2 16 2
2 15 6 15
16 18 18 18
12 3 12 5
25 5 25 6
14 11 14 12
21 19 21 23
14 11 15 11
10 16 13 16
1 21 2 21
2 15 2 16
16 2 18 2
10 7 11 7
8 15 10 15
0 2 0 4
10 16 10 18
7 3 12 3
18 6 20 6
22 4 22 7
6 15 8 15
12 5 12 7
15 3 15 4
12 5 13 5
16 21 16 22
20 15 21 15
1 5 1 7
10 15 10 16
24 16 25 16
10 8 10 9
24 15 24 16
18 16 18 17
14 3 14 6
17 0 23 0
9 5 10 5
10 19 10 20
12 7 13 7
15 4 17 4
20 8 20 9
23 8 24 8
24 14 24 15
13 4 13 5
