322
22 17 23 17
13 8 12 8
18 6 19 6
11 1 10 1
18 3 17 3
18 5 17 5
4 6 3 6
3 16 3 15
17 12 18 12
2 10 1 10
3 19 3 18
19 5 18 5
23 9 24 9
24 2 24 3
10 21 11 21
1 7 1 6
7 1 7 2
14 2 15 2
6 15 7 15
17 17 16 17
23 2 24 2
14 20 14 21
6 14 7 14
24 5 24 6
21 1 22 1
17 19 18 19
14 19 14 18
9 24 10 24
10 2 9 2
0 13 0 14
11 7 12 7
21 9 21 8
11 25 10 25
7 11 7 10
13 7 13 8
22 13 22 12
18 5 18 6
4 16 4 17
14 9 14 10
1 1 2 1
1 18 2 18
2 16 3 16
12 9 13 9
24 13 24 14
4 19 3 19
4 14 4 13
23 13 24 13
4 23 4 22
11 2 11 1
23 5 24 5
12 3 13 3
24 16 23 16
11 8 11 7
6 22 5 22
5 18 6 18
13 9 14 9
19 3 18 3
20 12 21 12
2 9 2 10
4 10 5 10
19 2 19 3
18 2 19 2
16 19 17 19
10 24 11 24
15 2 15 1
23 24 23 25
6 4 6 5
1 16 2 16
23 4 23 5
11 3 11 2
16 2 15 2
22 0 23 0
19 7 18 7
9 21 9 20
5 16 4 16
10 12 9 12
22 18 22 17
2 11 1 11
22 1 22 0
19 14 18 14
1 13 0 13
6 21 6 22
7 25 8 25
10 25 10 24
4 24 3 24
20 22 19 22
17 9 16 9
10 17 9 17
18 8 18 9
16 17 15 17
12 7 13 7
23 10 23 9
5 23 4 23
1 3 1 2
9 23 9 24
20 1 21 1
2 12 2 11
23 11 23 10
1 8 1 7
8 13 9 13
14 10 14 11
7 21 6 21
18 21 19 21
1 17 1 16
24 8 24 7
16 1 16 2
1 19 1 18
23 0 23 1
17 11 17 12
4 8 5 8
11 5 11 6
22 9 21 9
21 10 21 11
10 3 10 2
19 6 19 5
6 11 6 10
22 14 22 15
2 8 2 9
14 7 15 7
1 12 2 12
11 4 11 3
20 6 19 6
11 21 11 20
18 9 17 9
10 23 9 23
10 11 10 12
16 24 15 24
24 11 23 11
12 2 12 3
13 20 14 20
6 13 6 14
1 20 1 19
22 8 22 7
5 19 5 18
1 6 0 6
10 4 11 4
3 8 2 8
3 14 4 14
13 18 12 18
6 14 6 15
24 5 25 5
10 20 10 21
19 5 18 5
7 4 6 4
17 18 17 17
5 25 4 25
17 6 17 7
13 10 13 9
16 9 16 8
19 11 20 11
3 15 4 15
23 9 22 9
17 2 18 2
4 23 4 24
13 7 14 7
7 24 7 25
9 4 10 4
23 18 23 19
5 20 5 19
2 12 2 13
7 16 8 16
14 18 13 18
23 5 24 5
8 12 8 13
11 15 10 15
18 7 18 8
1 9 1 8
5 22 5 23
20 2 20 1
7 23 7 24
5 11 4 11
7 2 6 2
17 15 17 16
7 3 7 4
15 9 16 9
17 1 16 1
23 14 23 15
18 18 17 18
10 16 10 17
12 10 13 10
1 5 1 6
4 18 4 19
5 13 6 13
23 1 23 2
18 2 18 1
24 14 23 14
25 12 25 13
4 25 5 25
13 19 14 19
21 15 21 14
13 1 13 0
17 22 16 22
13 0 13 1
9 3 9 4
2 11 2 12
16 16 16 17
0 5 1 5
25 8 24 8
11 11 10 11
12 12 13 12
10 11 9 11
18 6 18 7
2 23 2 22
20 11 20 12
13 3 13 4
21 22 20 22
16 6 16 5
22 9 22 8
19 8 19 7
0 4 0 5
4 20 5 20
24 10 24 11
9 24 9 25
9 10 10 10
24 13 24 14
3 20 4 20
25 16 24 16
6 13 6 14
22 10 22 9
21 21 21 22
17 24 16 24
21 18 22 18
21 11 20 11
0 23 0 22
3 19 3 20
5 15 5 16
21 20 21 19
5 8 4 8
3 5 3 4
2 1 2 2
25 23 25 24
16 18 16 19
9 1 9 0
0 24 0 23
11 16 11 15
1 23 1 24
20 7 20 6
18 11 19 11
16 19 16 18
4 7 5 7
17 23 17 22
18 20 18 21
9 9 8 9
15 10 14 10
21 14 22 14
25 14 25 15
19 23 18 23
22 14 22 13
20 8 19 8
7 6 8 6
6 23 7 23
18 25 18 24
15 18 14 18
9 11 9 10
23 17 23 18
18 10 18 11
15 21 15 22
1 16 1 15
1 4 0 4
14 3 14 2
20 23 19 23
0 23 1 23
21 7 20 7
19 6 19 5
14 15 14 14
22 7 21 7
25 3 25 2
7 25 6 25
20 15 20 16
20 13 19 13
4 13 5 13
13 1 13 0
15 17 14 17
17 0 17 1
1 24 0 24
12 15 13 15
7 15 8 15
17 1 17 0
15 16 14 16
15 11 15 10
0 4 1 4
22 21 22 22
20 22 20 23
15 3 14 3
8 18 8 17
25 2 25 3
22 8 22 7
13 0 13 1
7 18 7 17
22 17 22 16
0 9 1 9
23 14 22 14
3 9 3 8
22 14 23 14
0 24 0 23
4 8 5 8
14 7 13 7
1 4 0 4
21 17 22 17
16 18 16 19
19 13 20 13
20 16 21 16
0 23 0 24
2 3 3 3
22 15 21 15
0 24 1 24
20 17 21 17
20 7 20 8
14 1 14 0
22 24 23 24
1 23 2 23
22 16 22 15
21 9 21 10
14 3 13 3
7 12 8 12
14 14 14 15
15 14 14 14
21 19 21 20
22 13 23 13
21 20 21 21
22 19 21 19
20 8 20 7
171
12 14 13 14
6 15 6 16
15 6 20 6
20 5 20 6
24 17 25 17
4 21 5 21
8 16 8 17
7 0 9 0
19 0 19 2
16 2 16 3
13 7 13 8
0 22 0 25
25 5 25 6
9 14 9 15
13 18 13 21
9 13 10 13
21 10 21 12
18 13 18 14
21 2 21 3
12 16 12 17
23 8 23 10
16 0 16 1
13 18 14 18
4 16 4 17
14 18 17 18
20 23 21 23
20 6 21 6
5 20 6 20
10 21 13 21
1 5 4 5
22 6 22 7
20 12 21 12
6 20 6 21
21 15 21 16
22 18 23 18
10 6 11 6
19 2 21 2
12 0 12 3
8 23 9 23
1 9 1 10
8 11 12 11
21 1 24 1
4 15 6 15
7 13 8 13
22 2 23 2
19 15 21 15
18 8 18 11
17 20 17 22
23 14 23 15
17 14 18 14
4 5 4 9
18 11 18 12
16 2 19 2
4 14 4 15
4 9 4 11
8 2 8 3
11 14 12 14
23 3 24 3
23 18 24 18
12 11 14 11
12 3 13 3
19 21 19 22
12 17 14 17
17 14 17 16
18 8 19 8
6 16 8 16
12 4 12 8
13 6 13 7
5 21 5 23
23 15 24 15
19 22 21 22
21 1 21 2
2 25 5 25
10 14 11 14
23 15 23 16
5 23 7 23
20 0 20 1
9 23 9 25
3 23 3 24
17 16 17 17
2 23 3 23
1 10 1 11
9 0 9 2
25 6 25 10
8 16 12 16
21 3 22 3
21 12 21 13
15 6 15 7
9 25 12 25
14 17 14 18
2 13 3 13
10 21 10 22
3 13 3 16
21 6 22 6
12 8 12 11
1 2 2 2
15 7 15 10
11 3 12 3
24 17 24 18
19 12 19 15
11 0 12 0
0 14 0 15
18 7 18 8
2 12 2 13
17 3 17 4
3 16 4 16
13 9 13 10
12 3 12 4
20 18 22 18
12 11 12 14
4 19 4 20
1 19 2 19
23 2 23 3
1 15 1 18
21 8 23 8
19 22 19 23
8 13 9 13
23 10 25 10
22 22 22 25
17 22 17 25
7 4 8 4
10 8 12 8
13 3 16 3
8 3 11 3
1 2 1 5
9 2 10 2
3 13 5 13
14 11 18 11
9 15 10 15
17 19 17 20
21 16 23 16
17 7 18 7
13 8 13 9
17 22 19 22
2 19 4 19
3 23 5 23
2 9 4 9
25 13 25 15
22 20 22 22
1 9 2 9
23 3 23 6
0 15 1 15
1 11 1 15
5 13 7 13
10 22 10 24
14 16 17 16
6 21 10 21
4 20 4 21
2 0 2 2
13 7 15 7
22 6 23 6
16 1 18 1
7 0 7 4
7 23 8 23
23 13 25 13
4 11 8 11
21 22 22 22
13 14 13 15
25 15 25 17
21 13 23 13
21 21 21 22
9 13 9 14
12 14 12 16
22 15 23 15
23 6 24 6
17 18 17 19
8 15 9 15
18 12 19 12
4 17 4 19
13 16 14 16
19 8 21 8
