111
19 4 19 3
13 5 14 5
22 16 22 17
20 16 20 17
10 18 9 18
0 26 0 27
4 1 4 2
22 17 23 17
10 21 10 22
26 1 26 2
10 4 11 4
13 17 13 16
11 2 11 1
27 1 27 2
13 7 13 8
4 19 4 18
16 0 17 0
30 2 29 2
27 13 27 14
16 11 16 10
12 2 11 2
10 22 11 22
9 18 8 18
12 27 11 27
3 23 4 23
16 7 16 6
5 0 4 0
17 20 17 19
2 2 3 2
4 4 3 4
19 9 19 8
8 12 8 13
1 27 1 28
24 26 24 27
22 1 21 1
9 1 9 2
16 23 17 23
9 21 10 21
11 18 10 18
21 3 21 2
26 30 26 29
10 1 9 1
23 27 23 26
31 25 30 25
16 25 16 26
29 18 28 18
20 26 19 26
8 3 7 3
27 11 27 12
24 31 24 30
16 1 16 0
8 9 8 10
19 10 19 9
3 2 3 3
15 0 15 1
30 12 31 12
6 3 5 3
30 30 30 29
24 7 24 8
13 24 13 23
11 2 11 3
11 1 11 2
29 22 29 23
20 29 20 30
18 18 17 18
7 25 6 25
31 21 31 20
16 26 15 26
27 14 26 14
13 26 12 26
7 3 7 4
1 2 0 2
20 1 20 2
9 2 9 3
12 18 11 18
9 3 10 3
1 10 2 10
10 0 10 1
19 28 18 28
10 25 11 25
15 26 14 26
0 18 1 18
2 31 2 30
8 18 8 19
17 0 17 1
8 8 8 9
21 1 20 1
22 23 21 23
14 24 14 23
11 9 11 8
3 13 3 14
22 4 21 4
17 16 17 15
6 18 6 19
21 11 22 11
2 30 3 30
6 16 7 16
8 14 9 14
9 6 9 7
27 22 27 23
23 23 22 23
10 11 10 12
0 17 1 17
28 13 27 13
4 25 3 25
0 8 0 7
22 31 22 30
8 4 8 5
1 30 2 30
16 10 15 10
28 0 29 0
189
15 12 15 13
28 29 30 29
10 2 10 3
3 30 4 30
26 29 28 29
13 13 15 13
14 10 15 10
12 28 12 31
11 17 11 18
14 8 14 10
25 17 26 17
3 10 3 12
11 3 11 4
29 15 29 20
0 2 4 2
29 20 31 20
6 19 8 19
15 27 19 27
15 4 21 4
17 15 17 17
12 20 12 26
17 8 17 10
19 27 19 30
27 15 27 16
27 6 28 6
21 23 22 23
24 30 25 30
4 10 4 13
19 30 20 30
11 6 11 8
18 26 19 26
11 24 11 25
5 8 9 8
9 4 11 4
5 4 7 4
1 28 1 29
4 22 8 22
17 10 21 10
17 17 17 18
14 19 17 19
24 8 24 9
11 6 12 6
4 14 4 17
9 14 11 14
3 4 3 7
14 12 15 12
3 12 3 14
15 13 17 13
27 15 29 15
15 30 19 30
11 4 15 4
13 8 14 8
0 27 2 27
1 28 6 28
11 17 15 17
28 23 29 23
8 19 8 22
12 26 12 28
29 21 29 23
8 22 11 22
24 1 30 1
20 30 20 31
20 1 20 2
25 6 27 6
5 3 10 3
14 26 18 26
4 22 4 23
24 2 24 8
21 21 21 23
6 28 6 30
7 24 11 24
3 7 3 8
14 5 14 6
21 2 21 4
23 17 23 18
27 13 29 13
22 30 24 30
15 17 17 17
11 31 12 31
31 20 31 23
7 4 7 7
17 19 23 19
18 23 21 23
16 6 17 6
31 27 31 28
17 10 17 13
3 8 3 10
24 28 24 30
11 20 12 20
2 23 2 27
11 14 15 14
8 16 8 19
8 16 13 16
23 17 25 17
17 13 17 15
5 3 5 4
3 19 6 19
27 13 27 15
4 0 11 0
6 15 6 19
6 25 11 25
20 1 24 1
8 10 14 10
0 2 0 7
2 10 3 10
24 28 27 28
11 25 11 27
17 6 17 8
10 2 11 2
24 24 29 24
11 8 13 8
26 2 27 2
30 27 31 27
14 15 17 15
27 12 27 13
14 0 16 0
15 13 15 14
28 18 28 23
11 0 14 0
3 14 3 19
0 7 3 7
22 27 24 27
24 8 25 8
10 18 10 21
17 8 19 8
18 2 20 2
14 6 16 6
4 14 9 14
10 12 14 12
4 29 4 30
7 23 7 24
27 2 29 2
27 3 30 3
2 23 4 23
25 6 25 8
18 23 18 26
29 13 30 13
21 10 25 10
14 23 14 26
12 26 14 26
6 25 6 28
17 19 17 23
31 28 31 31
16 0 29 0
13 31 15 31
4 0 4 2
26 14 26 17
24 27 30 27
11 4 11 6
14 23 15 23
6 30 9 30
22 2 22 5
17 13 18 13
3 10 4 10
3 3 5 3
22 23 27 23
11 2 18 2
24 2 26 2
4 30 6 30
29 13 29 14
30 1 30 3
25 10 26 10
11 20 11 22
8 10 8 13
21 2 22 2
24 12 27 12
9 7 9 8
29 23 29 24
1 18 1 20
30 27 30 29
18 17 20 17
27 23 28 23
21 13 27 13
20 30 22 30
17 18 17 19
13 16 16 16
22 2 24 2
30 3 30 13
5 8 5 11
10 18 11 18
23 31 31 31
20 17 23 17
15 23 15 24
21 10 21 13
7 7 9 7
4 13 8 13
23 18 28 18
31 23 31 27
19 26 19 27
