41 3
03000300000200000000020002000020300000000
00000000001000000000002000000030000000000
10003300000000000000000000300301000003023
00300000000000000200000000000000000000000
00000000100000300000000000020000010000030
00310202100000100000000100000000010002000
00100000000000020100000000010001000021200
20000300030000003000000000000000200020200
00131000033000000120000300030020000100000
00302000001001000030000000000000000000000
03020000000030001032000033200000000200000
00002000000000000001002000002000000000000
00000300000030000200000000003020002200010
03000000000023000010300000200000230000000
00200023000000001200000000000010000100000
00000000010000001000000300000020000010000
01020000202020001000000000000330000000000
00000000010000100201000110002010002000001
03000002000000000110003013011000000010002
00030000100002000100000030020002000000000
00000001000000000003000130000012000000000
00030200000000330000010100010000000000000
00000110000000003000000001000000000011000
00002000000103000001000000000000300000003
01000000000000000000000001020000000003000
03010100000100130020000030000000200000000
00300200100200013030000000000103003030200
00000030000000030020030000011300300020200
00000002020320020000020000000000300000020
00000000000020000000000003000002100001000
30000000000002000200001000000000000020300
00000000000000000303200000000200001020000
00000200000000000001302000000000003000001
00000003000000000000000000300000002000000
00002000000000102022300010100000020000000
00000001000200103020000000000000000000303
00000100000010000100003000100300000000003
10030000000020020020000013300001000000000
03000102300202002001000000300000003000300
00000002000000220000100103000300000200001
10000000000100003300200000003102010001000
