36 3
000000000000321000002131130000030130
020010200000000002100100010000000030
003000300030000000200002010000000203
000200000030330033002030000000033202
000000000000002102000101222101030300
002020300000000000000010000101003001
010010000020120330002010003000020010
000000033000000000012000100000000100
000030000001000300000002000000001000
030130000000200010000000100010000300
100000100000033000000102000000001000
000000020000000002000000200002000000
022021000032100000010201002013020030
000000000000000300020003000000030003
300000023000000000200000310020000000
020022000000001300100000000001003003
220103003000110000003330000023000300
010000000000000010020031010000000301
002000000012000031020000300002000000
000030020100000000030201000100003010
000002000033000000020003000200300201
020010000002030000000002022000000000
023003003000000000003100000001120000
000000030000031020000000000020200000
221000000013000100210002000100200000
300000000030200001000001012010000022
000023001000010000002000000003000000
000001100000100100000301300002012000
100000000020000022000002002003000010
000100000300000003030003200000033100
000300010000001100000002001010200000
003000003020000000010000000000000100
000030230000020000000003000000000000
100300000000000000000210000030300002
000000000000010000203100020000000030
000000000000100010020022030000300003
