40 3
0010003000030002200000000000000000020000
0030001000000000000000000000020000001300
0000000003000000030020200001000000000000
0000003000000300000003003300000020000030
0030000000220000000300000300000000000000
0000000100300000100000000002000000001000
0010000300000000300000020300000000200020
0200000000000030100030010300033030000000
0000100000300000100020010000000000000000
1000000010200200020000100000020000000000
0010003000000200002000300000000010100030
0000000100030301000001000230000310203000
0020200021000010300002000000000300000000
0332010000000002000000000000002000000303
0020020030000000000003001001102010000000
0003000000000003000020010000000010300000
0030000023000010020002000000030000000001
2303120000200000020000000000000000020003
0000000301300000000000003000000000100010
0000000020000000010000000000000000000000
0302000300000000001000002020000000000000
0001300010020003000000001301010000002000
0000110000110000100000000000001000000000
0220200000200000000000000000020002002000
1000000000001000100001100300000300001300
3000000023003200000000110030000002310002
0003030000020200000002300000000101002000
0030000000010000030003000000303000000000
0000032010000131000001000101030001001000
0000012200000000000302000020000000010000
0000200000001000000000000000000020002200
1020000000000200001002000000020020000000
0000002000030300100100103200200000020000
0000000000202032000000000200020200300020
0020001000000101000000000000200030103000
0010000100100020000000000000000020000000
1000000001300000000000000030000000000103
0220000300000130003003010000000010000000
0313000200100100000213000010000010020000
3030200010000000000200200030000000003001
