37 3
0010102200010000000001300200000002000
0000000031030200100220010231000001200
0003200003000003300000020000012200110
0000002000303002220002000000032001203
0300000000000000000000000000000000123
0000000010200000000000001000003000030
0000000000000031020002000130000000000
0000000000100001000110002000030000000
0000000001200000000330030100003000020
0003000000002200230023310000000303002
0003000330010000000010000000000001010
0000000021000000020100311000000000000
0000000000300002000000300000000003000
0100020000330000020000003002000002010
0000030020020032000003000320100002300
3200020000000020030030000120030000000
0032000000000000230000203130000032000
0000100100000010000010000000000003010
0000000000000300100000000010030010010
0000000122003200000000003000000223000
1100002001020000100002002100201020000
3000010000020002000300000000000300102
0000000030201000000003000002000300300
0300130000000000301030002230002000000
0300010300000031030303003301200000100
0000000003001000000032000023010002000
0000000020000001000000200101010000000
0000000000002000030000000030000030000
0000000300000000001000001100001000200
0000002000001001100200000003000003031
0001000000000000002000000000003001000
0003000300000000000201000030200030000
0020020200000002030000000100000000301
0000000100200000000200000210020012000
1000000010002020001300001000000110000
3000010000000000002020020000000003001
1100000010100000000000230001000100021
