36 3
002230003020110303000000000000000000
000300000203000203000020000000310311
003000000120030000010000000000000002
100222010220000120003000200300000000
000000020000010000300000303000000000
000001000000002000210020000100002013
001201000001010000000030000000001000
003022000000200030030100000000000030
000000010000000000110013200032101020
100020020010000020000200010030000100
000000110000200032000030300200000200
002000100002030000000002200020200300
000200000000200000103000000030000000
000013000300000000000000000000003300
330000000000100210300000000030020000
100000100300030000013001000002101300
332000000110010000000000000000001000
300000000320000000013000010103000000
003002003000000000003000001202000000
002000000001000000203000300010000000
000000002000003132000000020301302000
100000130020000130000220002030000020
203000000011000000000110200010020000
030001230000000000002000001000000022
100000000000000000000000001001330000
000000100000020213000003000021030000
011000000100130003100000033000000033
200000000020000200000002000000020000
001001002003000002300101200000200000
001000003000000200020001000010002000
030230000200100003000000000030300010
000320000000000201003000333003000203
220000020000002002100000010003000011
200010113000200000003000020000030000
000000030000000000003000000100030030
002001000311000010000000000100220000
