39 3
003000210000302000100303100030000000000
000000100002000000000000010302203000300
000000000010002030000201000000200000000
000020000000010000020000020200000200010
000020000000200000030000000000000300100
232030020000000110100000013001010000000
000010030000000000130002030000000001220
000001003200020100010000000000310300300
000002000000000003110000000000010300000
030200200000002000000000000000000133000
001020000300000230000000021002000100022
000100000132003020000300000000000000111
000200000000033100001200000230002000100
100000001303220010000020001010000000000
000000020000003001200000003100020300000
101000020300000000010003000100000203000
000200001000000020000000200300000000000
000003000030000000012000000000000000300
002000010100030000000010000300030000000
300000000020000010200000000002000000320
020000000000101032010300230000000000000
010000000000000010000000000000030030000
120000032000002000000030002000002300010
100000012000000000000100020000000100000
000000002020001000202000001000020000200
220002000000000003000000000300030300000
303000000000230000000000000010000030001
000000030030000000000030010000030000000
000000302000000000003020000000000032000
000100030000000000000001000020010030201
010012000000001000003000000000000200000
103010002100000002000000003300300002030
000001000023000000030000000000023000000
200002000031033000000000200010010330000
000000000020000010010000010130000100000
100000000002000022300000000021103000310
100002003033000000001000000000010000000
000000000000000200000000301000000001000
000000000313020000000000000000000000200
