39 3
020103000000000000000002000030000000303
003100000000013103000002000020000030200
000000003000000020000310000000000000002
000330002000000000020030000000300301002
030200100000200000000001000000002003000
000000200000010101000000012000020200000
020000302003030000000000000000000300203
000000030010000000000021000000000023303
000000000000000003000000021003002020000
000033130000000302100000030001000000000
002210000100000000100000000100000302000
020000000000020020000230000200022320000
000000200000000001100200002031200332000
300000003300000003003000000030000000000
000030002001010000000300032000021020011
003000020020000300000000011000002000000
000030000000200000003000100002000000300
030000000000000002000003000010000300002
030000000000000110002000000000200000000
000000000000000100000000000000110002010
033100000000000000000310000000000003001
000000001031010001001000020000000000010
020000002020000000000000112000000000030
000200110300010000000000200002000000000
120000003001033231000001000000000000001
000000010000030000020300300000000000002
002001000000001100000030000100030000013
000102032000000000200100100010200320000
000030003000030030002000000020200002001
000300003020000030000002100010010000000
200000200000000020000000100012001200000
200000000010000030000000000330000000000
001010000202001000000003200000000203000
000000000101000000001000020030000300000
020320030001100110000100000000000000001
000000000000000000000000000001000000000
000000000120000033000000000010002000000
300031321010000300000000000123001000000
000001200003200021000000000000000001000
