36 3
100000100000000000010110230020123000
130000200000001000320000000000300000
000300013000000000010000000020000030
000002200002100000230200300000000101
300000000010100030000300002210000100
020003031002023010000000000000000000
001200000000020200030000010020000030
003100012000000200020030203100000000
002010000000003003000000000001010000
000000000003000030002301020000010001
000100020000000200003030000000000301
030001001000000000000200000000020100
000000001000031000000023000000303002
003000100000001000000000000003000100
030003020003012003003202300001010000
300000000000303002000001002200100300
000000100000300300300000000002001300
010020010000000302000103200000000000
030012030300000000300010010000103000
000200000100001100101100033020001000
200000321100122200000000000000000000
320033000300013002000033000001102030
000021130020101000000003000000000300
000300000000000000200010000002300000
003002000000000001022201122000000000
000000000202001020003101000032020020
132020100000200200000002000000000000
000010200002000032000000000300001100
001020000331200000203110000000300000
003000001002000000000200200002000000
210000000000001000000001000100000000
310000031000301003000000003000002330
000001000000003032000000000000000000
000000000000002000032020000000000000
122200200030002000000010030000000000
000100000001200300020000300000300203
