40 3
3000000200101030300001000000000010001000
0000200002000010200002003000000020000100
0000000001000300020000000000020002000000
0001201000000200320010000000000000000000
0000000030000300030103012000000020000200
1300000020000000000000010020000000000000
0020000030130020000000000100000100001001
0100000000200000000010000000001020300000
0000000000202012000000200010000000000300
0000000020003010000010000100000200000200
2001101030101000003002000000000000000000
0002000000010300010000000000010000000000
0002030000000030000300000000000000100000
0003000000000000002000000000000003000000
0000000000002000010000023200020000300000
0020000002000000000000100000000000000000
2000302000010010000001000003000300001000
0000000000200300010000000300200000200003
0000000000000000000020000000000000000000
0000000301000003002030000000020000001000
0000020002000000123003000300000213000110
0000010000003000000000000100030010300200
0000000000210003000000110021000000100020
0003000201010000102000000000331000000000
0000030300000000000000100000003300000000
0000102000002002000001200000300000000020
0000002000000010000113030013000000002003
0031001030000000000000201300000000000000
0000000100000000000130110000000000000000
0010000020000300030000022210020233110001
0000032000000001020003200300000001000030
0200000000010000000002000200000100020300
0000003020130000031300300000000300203000
0002033020003000000000030012000200000000
0132221000000030020000010000000201002000
2000300000010000000030200030033000000000
1000002000000000011003020000000000030000
0300000100300030003000000000000000000003
1000010000000000000000001000000022000300
0002320000003030000300000003002230000000
