40 3
0000022010000000000100000030000000200100
0100010200000002000100000000003000002000
0000002200000000300000002000000000100300
0022100000200000000033000000000201000000
0000000100100003000000020300000000000002
0100000000000000000000000200000130003020
0300003302000010000000000000000000003000
0000000000000120010030312200000000000001
0001001200000000010000100013000000000000
3001000003100001000000000000200030000110
0000100000001300020000010000100220310000
0000022000030001000003000002200000000020
0002000000230100100010000000202300030000
2000000000000000000000020000001000000000
0320003001000000000000000300000010000200
1233000303303000010100000000000000000002
0000000000010000000000000300000000100003
2001000001000000000003003000100000023210
0030000201000000200000000000000000002000
1100200000020000000000000001000000000000
2020001000023000000130000003000010000103
0000000000000000001000200000000000100200
0033020000000200000200003000100000000000
0300000000000000000000200200001000000000
0000000000003020302002100000020301202000
0021300000222210300002000000033000000110
0001002000000000100300000000000200000300
0000000000000000000003000003000000003202
3010200000000020000300001000000300010031
0013000030000100000000000000000000303200
0000010000000001000000000100000021200003
0000000100000200000300003000000003000002
0000001000301300030000000002000000003100
0000101101000000030030000300002000103000
0000000203102000000000000001000131020000
3000020000010201000000200002000000200001
0100010233000000000022300001300003000300
0200000000000000000030003300000001000231
0000000000000000000000030000000000000003
3000000000020030000000000002000000300020
