41 3
02002000000000000310000002000000012000030
30000000000200302001000000003000010130000
00303011000000000000200200000000000021100
00030102000000000000000000000000000000000
10000000000002030200000000000001031000000
02000000000000000110030000200000000000233
00000100000310000000000002000200000000000
00000000000000010000000030000330000001003
00000000000030000000000000001000100120030
00022003003000030030011002020010000000000
00000030000000000000000000030300020000000
00000000200100000000030203100000000000300
00000000000000000000000200000200203200031
00000000010300002020010032000303000202000
03001000001000000030003300020000010000030
00000000000100102002100030300000100210000
20100000003000102100030000000000000000200
00000200000003000200000000020002001000030
00000000001120100000000000000000002001000
00100000000232000030010023020000001000030
00000000020000020000300000000300003000000
10210001000000000000030303000000000003010
00000000002000000000000203033003300000200
01000000000000000000000300200200000000000
00000000230200003000000002000000000000000
00000000301023000000100010000030300001000
00000220000011000003000000300000002000000
00020000000130100000000000000000000000002
10000220000100002000100000000000000000030
00000000000200000000100201010000300003000
00100200000001000010000000020020002000020
00130010030000000000000100000300001000200
00000000001200300010000300330000321000000
30030230000000000001100000003000000000000
20002030020100320000000000202000000200231
00000000000000000000000000000000030012100
00000000100000033000000020001000000001002
00000000000000000000000000000000002000010
01003001000000000000000000001020000000030
00001001000300000000000100000310000000100
00200020200000030100000002010002100000100
