37 3
0000000130031000001003100022000000000
0000303000003000000000022000000300032
0010003000100300010000001200001000200
0013000301000020010000100002000000000
2303000020000000000320000030300003300
3000000000000030000000031020000201000
0000012010000010000200002000020030000
2000010010002001020000002003000002320
0320020000000000000000000310030001210
1000020000030000020300100003201000001
0010012000300002000000001000000203000
0000000002020000000000030030000010003
0000033000000000020011002000010020002
0113231300200003000013000000000000210
0000000003330000230310000000000001000
0001000200000000000000202001003000200
3000000210300100002000000003100000030
0100200000001000000000000021000000000
1301000030030000000200000003203002000
0002000032000030200000002010000010030
0003003000100303000001000000001100000
0000000000100000000000000010020000000
0010000020200000000310030000000310000
0000200000000000030000002030100003030
0310000200001000300010000000000000200
0000030000010000000103000000000001000
0001000000000000000302200002000010023
0000000001000000000010000000001220020
0000000000020300000000300000010030012
0000000020002001100000000131000300030
2000000000033012201020030000300000002
0000000000002001001030002030000030000
0000020020000100000020000000000000001
0001000000300010011002000003000000000
0220100020000200000000000000210012002
2000000100003000030300032000011000010
0000000000030203000200000321210000000
