41 3
00000000002001200303000000001000000002000
00000000002320000010003000200000000000310
30030000100000200001000000000000000010200
00000000300000100210200300103000020000000
00000000000003020001000000302000030000000
03300000000002202010000000000000000000000
00000032001100010020210100000010002003000
03003300023000000120000002030000000002000
10000000003002000000000000300000000000000
00000000000000000000000010000103000000000
01000000001001020030000030000003000300330
00000000101000100000030030000002000000000
00000000000000000030112200000000000030003
00000000000032000000003000020000000230000
10203001100000000300000000000112002000000
03000031000000001010000201002000000000000
00000000000210030200200000000000100000110
00200000000000000320000020000000100000200
00000000000000100000000000000002001002020
00200000003000020002000000000010010000300
00023000000020000000030000000000000000000
00330000000000000000100000000000000000000
00000002000000000000000000001000020300000
00000020000010000003000100000100001200001
00200000003000002000003001002000100010000
00000300000000000000000000000001000020000
00000000302000100300000000230000000000020
00000001000000101000000000303000030010200
00000000020000030010020000001110000000030
00000020000300012020100000000000301000000
00000000100300000230201000000003011020000
30000000000000000030100330002000020000000
00000000100001002010013000100003000010002
30303010000020000000000000000300220000310
00000000100000003012020010000003000000020
00030002033000300100000320030002000200001
00000000000000000000012000000000000000020
03100000100010100000000000000000010000313
20000002000020000000200000030000000000000
00000000221003000003020200030000030100001
03300000000300000000000032012002000002000
