36 3
000000002103103002000003003100000302
000002000000000000000032000300102002
000003000000000000130000220000010020
000000000000120001020000022002000000
030000000000000000001200003000000020
001021020103000200003313003002030000
000000000030000000000010001003000003
030000000000000000030010000301000000
001000230000200301000000000000010000
000000000000320031000000003100000200
031000210000000002100200000101120000
000220000001000011013000011313000001
100020000230002002330000110000010200
020000100023220000020000002000003030
003030000020110200103000020030000220
030000000000000000000000000000330000
000010000030000001000202000001010000
000000000001031200200010000000003000
230200000000000000000000300010000000
000000200000000000010000000300000000
320000020001000100000001000000200100
000000232000000000000200101003020000
000003000201000103000300003003000302
300201000000000000030203000003300002
010030210000000030003200000000000300
310320300020000203200000200022020000
003030000003010000000020000003000001
000000002000020100101000010000020030
310030030301000003030100003000000010
003301001121001000000311000000000100
000200130000011001100000000030002000
200000100000220000003021203030002000
000020020020000000000000003200010002
000130023000000120000000000000000000
000300000010000020031000110000000000
030000000100002302000000200000011000
