39 3
000301000000000000000001010220000000000
000130020000000002002000000000000010003
000000000000000300000000033330000000230
000330001000000000000200000300020010000
003010300000000030200300000111101000000
000100000100000223002000000000000000000
000002000231100000000000000300000000020
000000000000001300000300000200030000000
000000001320000000030000003020020120000
000202000010000220100003000100320000000
001303200300000000000000000000000000000
000010000030000300000003000000000001020
000010000002300000200000000000100000000
000002200300001000000030010001000000020
000030010000000000003000021300000000000
100000000010000020001000000000002001000
200000000000003300103201010000002011000
000000000010000010001310002000100100300
000000002010003001200330233001000000000
003031100020000000000000033000001000000
031000300020000000200200000000000000100
000000300000010020000000000200020200001
100000000003000000000010000000020000000
300020000200000200000030000000200000000
003200000000200000001000012010001002302
031000000000000000000000000000100002000
300001000000003100000000330001020000021
000000001300300000000000000300000002020
000000000000000300103003000000000002200
020011000000000000303030000001000100010
003000000000020000000300000000000000000
020220020030200300010000000000000000030
200010220221000000020000000001000003000
000002001032120300010020000030001300002
000002000000200030000000331010003000030
000001000000133100020001100000022000100
200200000000000000000010000000000013000
002010000000330002000010020001300001002
232000000100200000030000300032000000000
