37 3
1010000000030100000030030000002310000
0000000000000020300030100110000203000
0322000020002000203000200010000000100
0202000100202300000003000002000030220
1010000000000000001330132200000002131
0000200030000010000000000001000000022
3000200000000002000000000002000000200
0000000100000001000000000300330302000
0000200000000000001033100001000001000
0000000001000020023002002010120000000
0000102000300020030010020000100000200
3200000003000200030100110300000300020
0000010000020230310300030000000100101
0000103010100000100000010100030000000
0300030112001000000000020000030000000
0100000020000100301000000200000000200
0011020001001200020000100002000000000
3000000000000001301020000001200000000
0020010030002200202000200000000200200
3100000001000030020010130000010000000
0000003300000001000000000000030001101
0300303000000000300303020100022302002
1000100020010000000000200030020000000
0020000000000203000030000000100003002
0020002300000000301000000000202100000
0000000010010002300010031000000000030
0000000200000000000110010020033000000
0000003000000000000000000000000010001
0000000002000200000032000010000000012
0000000010000000000000020000300000000
0300030000023300000000202020003003002
0300300000002000000000100100010030012
3033300300103000000000130000300000000
0000020003000030000000002100020000003
3030000300000000020003000010300000000
0002000000000000000003031100003000000
0000020000001000000002100000000200010
