36 3
030000000000000030000100030000031100
030033100121020000100030030000000303
000100000000000000000000000003000032
100001020311000100200100022100300002
000000000000000301000000003000330000
010200000002000300000000031000000200
002033030320100010000010002001000100
002000000001002002020020201000303000
000000223300000100301020030000020000
000000012003000000000030022000000002
002000000103001001000000010000000000
203300100010000000200000011002030001
300000001000000102322010113000030000
300022010000200000000000000001000020
020003000000200300000000002000023000
000213020300300001000002000000000001
202000020000000100010030200000000022
000000100003020000003330000000300000
000202010000000101030013001001030100
102000100300000300000000000300000001
100200003030030002000000020030020000
000001003000000000011000000020000100
300200000100002100230200000003000330
000120000000000000000002020200000033
000303030220030001100000020000020000
000200003000200020000000000020000000
002010030003000001000000000000003020
000000023101000003000000001300200000
300000000000000101001010022020002100
300301000010130202000000000000000010
002000100000301000300000002000100200
000300020200000000302000300000001000
000000000000120000000002000003210020
000020000000010010030003000000003300
000000000000030010031103000100000000
000000010001000000020211000000000000
