36 3
000130000100000011002000002030000000
000000000000001000001030030000000000
000000003000000000000000000010300000
000300000000000100000002200203003000
023000130000000000000023003000001003
002200002002000003200300110000000002
000202002003000013103100300103000301
000000000202110000120000000000000002
000210100000002000000000000000000200
010000000000000000002000002030001100
300000002300000010000000303002000000
000230020030020000032100300003300003
000000000031000002000000200130000300
001303003300200000300000020021200100
200000000100013000202000000301200000
000010001000020202003101030003200010
000030100000000003100003000300000000
000103003100000300030000030000012000
000010002112000030021300020020000000
100110000000010010322000002000000130
010001020110000000030100002011000003
003000020000000200001030021100001100
000000100202000000000030102030020000
002003000300100000023000000100013201
100000000203000001000000000000000000
200000000000000030200302130000020100
100002000000002000000023000300033000
000003000020003032000001000011003010
000003000001000000000300000020003000
000000000000210300020000010000000000
003003000000012011000000200020200020
000222000000020020010203300020130031
000000000310000101000100010000000020
000230000000000000020022100000000000
000010020000030030000003020020003000
000300002000000001000010000003000000
