39 3
000000000000002300303103000001002001000
100000100300003000000000012002012000000
000000300000000000031001000300000000100
003000000000000220000000030003001000000
030000030001000020000300300001300003120
001000200002300000300000210000031020000
020010200020000100300010200000000310020
000000300000000210020000000002000000300
000000000000100003010100000200300200000
000020100000000201000000100020000001000
003100000002000000000001000000210010000
002000000110000000100230013000000000001
000030000000303002002000313020103003000
000001200000000222000000003200000000000
030100003000003001000300000020300002000
000000000010000000000300000000002020000
003000300301100013000003000002020000000
200300000000000000000000010100002000000
000000000030000000000301000000000000000
000000030100000300000210003000100000020
213200002000000000000000000000000300010
030020001000000000000000000000001000210
000000003010003000000000000002002000020
010003000030000000002000000000000000010
002022100003000000030000010000301000202
300000000020000000000001003010000000000
000000000000002000202000200100030100001
020100002000000000320000100302000000013
200020200030000001020230000200003000002
003000001001300000200000300000000000300
000000100000020030010100030000200002000
003020000000000000000003312000002000000
000000000000000000000001003000000000000
300000000000003030000000000133020023003
000000000000003310000001002000000000200
002200000010003000000200001000030000000
000010000030100012000300022000000200000
010230310000000200000020000001002000010
000000001000000000010101000300001010011
