40 3
0000030000021000000330002000100000000030
0110000000003000001000000000200300302000
0000000000010100010130002030000000000000
0003000000100001003000300002001000000000
3000000000000002000000000010100000200000
0000000000032000003002030000000000000002
0000010000000200000020030000200030000000
0000000000003000100002000000200000010000
3020000000030000000300100200001100001200
0010001000020110000303010000002010203003
0000000101000230300000000000001021000000
0000020000020000300100000002000000000000
0000000000000120100022031000000000000020
0010002000000100200300102000300000000000
2000100032000010030000000001000030000300
0010000020001132013030001000003110020100
0000000031001002000000000100300000002200
0000203020000000000000100000000002000003
1020200020000000002000020002010000000000
1020001000300000000200302100000002020000
0122000002000003000002200000000200000010
0200000000002200000003000020000000001000
0000000100000003300000000000030100000000
0000301000000000000000030300000000000020
0000000003000003000000000200030002100000
0100002200300000030200030000000000330200
0000200001000022023030230010100000003000
0000000000000000000002000000330000200000
0010000000002000200030000002000003000001
0000030200200000000000001300000200010000
0300000000000000000000001300000200300000
0000010200000022000300001000000000010010
0000002000300001100000000200000000100002
0200000000000000000001000003000000000300
0000313001003000000000000031001300000000
0003000000000000010020010010000000000100
0000001000000020000000030033000001301030
0000000000200000000000030030130210000000
0000000003300000000010000010000030000000
3300022000001000000031000010000300000000
