38 3
00300002201000002010100000300000200000
00000000000000000000001000100300000000
02000003000001200010000000200100000020
00110000000010000000000000300032000000
03030300001000000302000003000000020021
00010020100000200200200000000000000000
10030100000000000300001000000300020030
03001300100200000200030010020301000003
03001000000000000010000000002110300000
00000101000002100020000000200030000000
00000022000000000020020000101100302101
00020000012000130000000000003010000300
20000000020000001200000000010000300031
00300003000000030000000200002002200001
00001002000020200000000000000000000000
00002000000020000000003020003000000300
20000021000020000030102000000101001000
00010001000000000000000000000200020103
00200000031000002020020000000000300003
30000000000021000000000000303000200100
02020000100000131000200103000000303100
00020000000200000010001000000000020320
00103002000300000000000003000010000110
00000200000000000000300000000030000020
00000000000010000330011000000002000003
00000320000000000010000200200000000000
00000000000100000000000000300300020000
00000030000000003000000030000000230300
20000033100103000000000201000121000031
00303100000000013000001030100000020000
00001200021001103121300010202100000003
02000102200333000010000300002000000101
10300330032300000200002002030000000020
00120020030000300000000000001000201003
00000000200000000000000003002030002000
00300203000000000000000000000030000000
00002010000000000000000300000300001000
00032000000001000000200300001003313000
