41 3
00000010000000030001100100002030000000000
00020000002212001000000001002001101000000
10000000000002000000000000000000000010000
00000000000033030003002101001030230030000
02000000000300000000000000010000000301003
00003000000000000000000001000023000100000
32000300000000100010010000002000200300132
00000300003000000000000000030000000000200
30300000000000000000303010000000300010000
00200000020000000310000000100032100000000
00000003010001000030000103000300000230000
00010010000003100330000033002020000030000
00000030300000000000002002200003100000202
00000000210000300000003000000000000000010
00000000000000030000000000100000000000003
00000000000000000103000200000000003000000
20001000000023000000100330003000000000200
00000000030000003000000000000210000000000
00002300020201002000000000000010030030000
00000000020100000010003020000020000002000
03000000000200000020002000000000003010000
00000030032000000003300000000000000000000
02201000000003000000200202303000010000000
30001000000010000000000301000001000001000
00000001100200000000000000000000000101000
00003200000000010000200300000100000003000
01000001310130013000000002000200000000032
23000000000003001000210000000000000100000
00202020000000000023000200000000200000002
00000002000000000100000200000003001203021
30000001000003000000200000000011020000000
00000100000300000000300000200020100010000
10300000000200000010002100000010000200000
00000000000000000000000000003102000000100
00000000000003000030001030100000200300000
00000030002002000003012000201020000003000
10111000320000202000000000000000200000000
00020000100000000000000130320020000000000
02001000000200100000002000000000000000000
00020000000200100230000002000010002000202
00000000300000000001000030000100001000000
