38 3
00000333100010200000003200200030000100
02000000000001000010001002000000000233
00020220301300300010000000000000100000
02000000002000010030000000000000100000
00000000020000100030000103000000030000
00200200020000002000003000002020000000
03030000003000000000200002000310010000
00000030030000000000001000000300000003
00000000102000000000000002010000030100
00300300000030010010001000003300000002
30200000013200100320000000000000001001
00003000001020030200000000202203000300
00000000200000020310000000000021000000
00020010010000000002003001001000000010
00000000000000000001030001000000100000
00203220001300000020000100020030000000
30000003000000022120100000001000002000
01100000100001000000000000301030000003
00000000000020000320220000003001000002
00000000030000000000000000000000000220
31003002000001000130200032302002000003
02002030300010001000003000000100030022
00001000200200000001210002000003000002
03000010101000000001000213001002200000
00100001000003000003000000000300120000
01000010000000013002000300000000000000
10000000000000030000030100000002030021
10001003000001000000000010001000000000
00300001000003000000000000020000200000
00000020000002010020003000300000030000
00000300300010000000002010020000010300
00000000010000021000200100100001020000
00000012020000200001003000000000000032
00200200000200000000002030010000000003
20233000000000030001000000000010001030
02003000030030200100202000100000001030
00003200030030030001020001000300000000
10000000002000000000300010300000300000
