38 3
01000003010000022000000300000000001000
00001000020000011000000102002000000000
02001000113000100000000000000000032020
01001100000320100030200000000200300102
00000003302330000000010000130000001202
02000000000000200000000000000000000130
00202102033000002000000000001000200000
00000311030000020000100000001000030030
02000200000000000200020012100031000000
00000000000000002000000230030000000330
00100000033100100020030000200030002000
00010000000031102120000020220000000000
03300003020002000001000020020000000020
02000010000000000020000300000000200000
03000010000030021310000000000000100000
00000000000001320000300000000000000013
00000000002002000000000000310300003100
31000000100002000020031300000000300000
02201012000030000000000030000000300023
00302000303000100020000100000000001000
00100100001002000000000000000200000000
10301000000100000000001030000000100002
00103030000003000030000010000000100000
00100001000000000000033000000000010000
01000000000300200303000000000100000000
03310000030020003020200000000200000200
30200100010000000300300000030000000001
00003200000300000000000001000000000000
00000003001010020300002000000000000000
00100001000000130000000200000203000002
03030000000003000003010000022000301230
00000200000002020200003031002000000003
10002000020100020100000100000000000031
00000000000000230000000200300200000003
20003010003120010000000001000000000000
00000100020002221000000010000320000000
00010030000003022020030000000320130000
30010000100000000000010200000000000000
