39 3
212231000201000000202303120000200000023
010300000000000000020013030101000011323
033002000020000001030000110030003030020
010020000000300000100003300000000000000
001301200200000011030002000010000000002
000000012000000000000003000002000000300
300320000030000210000000003000000000000
000000000101100000000000000200002000002
000000000000000000001000100000000000100
300022000000030000020003000000022020000
000011000000000200100000300010000000000
003013000003001000003000320000000030300
003000200020000000000020130002020200210
000001003000000200000000000200000003020
000010301010100100003003000020000000000
000010100203000000000000000000300001002
003200000002003010000000030030302000003
000000000030000300000002000000000000000
000201200100010030000200230000000000000
030000000000010000021000000010000000000
001000200002002030000020000030000302000
000013000001001000000000020020000000002
000001000300030000000000000000000210000
000002020001000031000000000000000000030
000000100000000000000020000000000032000
120303010001100012000100030000010100300
000002000000320000030000000100000000000
031300001200000030000000000300000000001
100312000000000002300001000002101000001
000000000020000000000300000010002000000
300100300000003000200200030103300020000
000000000000000000000003000000000020000
130002000000000000000100000000000300001
001100010000320000000000001000000100030
000000222000003100000000000010020010200
000000100000003003000000000010010200002
000000100000000330000000300000002000003
000030000000002000000020000000000000000
000012002000030301000200002010000200000
