38 3
00003000000003030300000130100200000000
00200000020000010100001030000300000003
20000000000000010020020000021000130000
01000000000011302010000000020000303202
31000310002003002000030100000000000000
00200000000030000000000000132100020020
00003000030000000000010020000000000210
10000030100000000003000000002030003000
00301000020001010000000000000011300030
00030000000000000000000000303000000000
30000033000000110100000121000023000030
20000200000000100010000000000002021010
00000200000001000000000021010300200001
10000000000000100000000101000310000020
00000030320000000000030020020201003000
20003100000000000100000000000000010000
00000000030020030000000000021030000000
00020001000000000100003302000021000000
10020020100000030000000000000000000030
00030000030000300000020010023100300000
00310003000000002302000002300000300000
20000102001000001002000100023310002020
30003000030003000000000100220202000000
00000023000001003000000000330030000001
00003310000020000000000000000002000001
00001000300220000000001001000001012030
00003102000210000200000001000000000000
02010020000000023000100000000000300020
03001000000032000300010200000000000000
00020202000010030020100203010030000000
00002000302300000000100200000000300000
00000000002003000000000300000220000000
00020200300001000000000020000010003000
10000000030000300001302000100000000000
33000330100000020200003020000000130000
00000000003001000200020000200000000000
00120100000021012000000000000000000020
00100000020020100010001001000000000000
