39 3
000201000003020000000000022000000000303
000030100002000000000320001000300003001
003002000000000000000010000020000001000
000030100000000300300000200103010300020
000020003000000000010000002000011000003
000002030031000000000000000020000000000
000020020100100102000322000001001001002
000000000000000002000020000100000100000
000000110001030110000000201100000000100
000000302030020000020000030000000000000
100001000010000000200033000000000300000
000300100000000003300000003000000000000
000020000000000030001000010200000000010
030010200000000100201300000030000000000
003000002000200000000021000200000000100
000300002200001000200030000000000002002
000000310000303000000100300001030000000
000003000002000213000003000000000000000
000020010000000002000000000010000000000
300010000000000030000300000300000000020
001000000000020000000000000301000202000
000000300000100030000000000000030010000
200000000000000000000000030022010211022
001011000000000200100003000030100020000
010010000002300100030000010000000000000
200000000001000100030000200300000000000
000002010000210203000000010003001000000
300100002002000000000132220000020022200
020000030100002000000000010000330020000
100000013020000011000000000002000200330
002312000000030002030000300000000100000
030100000000010000000001301000203000200
300000000000010000000000000000020200000
000000002002000000021000220003000000100
000331103000020000000300010000200030100
010000020000000003310000000000000003030
300000003003030300000000002003000003101
000020000000200000010000000023001000000
000003000300003010000302020022310000000
