36 3
001010002100010032000000000300000000
000000300000200000002300003000000000
020000000100000000010000013000000001
000310110003001010000010300300002100
000010201000010000010000000000000030
000000020000000200003000000030010003
020200002202020010010300000000000000
100000000000020000300000302000000000
030000000002000010000000030002000002
000300003303003000002000000012220000
000000001000000021100033000002030200
000020000030000000000030000000100021
000000120001000000000000000023100010
000200002201000000000100210202010020
012000000300002200200020030030310000
200010000000000000000033000200200000
200030031011100003200003000200000202
300000210000000100001031030000000110
000102003300000020010000033310002022
000000000000010030002000010000003010
300033000002000030202020030000031000
000110020000033003020002000000200000
010000100001000200003300100000230000
000000000100001003010032210002000030
003200000100030200000030000000022000
030000000000001000000000000000000200
000003030000302220001000310000000000
003000000300032100100000000000000100
200110000000303100000000000000001000
000000000023000001200000300000030003
000003000000000100020200332021000023
000010000300000000000000100000000200
003000000000003003012302100300001000
003001020002100000000000000003010031
020000001000000100000021320000002210
000101300003000001100003100300020002
