36 3
020010030010120200000300000302032003
200010000000030000000000000010000020
000112113030000000000000000021000020
100030030002000200100000010000010003
000010003000010300300000002000100000
000210302300012000033000001002010000
013300300300001000002000000000000200
030100021000000023030000030002200000
020002302100012001300002220012000010
000000300210000000000100100200000000
330000020000002000000003020002300023
000100030200200020232000100000020020
000030100010000000000000000000000022
100030000330000000000000002032000030
000000000100000100031000000002000000
010031301000000003000000300000000200
000001230030003300000000303003000000
000000003002000000000100000020030101
000100000000013001001000000000003000
000000010000020100220000000000000321
100001100000031000022010001000002000
000001000030000300002230002000000000
000200000300022000000001000030000000
000000000000000000020002310000000000
000010000300003002120001000002200000
021000000000130000001000220000012000
000010000000010000000200300000000001
203000020003000020200100023001030010
030000100000000300000020000300000020
002000000000000102000000100301000000
000210001003020300000003000003000110
001001000001002000000000000000300000
100023000000300000000100030100030331
000000100022020032023000000000130000
000000000000000000003000001000022000
002100100003123000030033000300000113
