213
12 10 13 10
12 12 12 13
8 4 7 4
16 28 17 28
6 12 6 11
18 2 19 2
5 20 6 20
5 28 6 28
21 19 21 18
18 1 18 2
24 27 24 28
18 15 18 16
20 27 20 26
24 16 23 16
2 6 2 7
17 14 17 13
9 19 9 20
10 17 10 16
26 1 26 2
2 5 2 6
22 15 22 16
21 26 21 27
20 10 20 9
10 16 11 16
18 0 18 1
22 19 23 19
7 20 8 20
15 12 15 11
19 27 19 28
10 14 10 13
17 4 17 3
8 8 8 9
18 26 19 26
25 1 26 1
28 15 28 16
4 16 5 16
5 5 5 6
22 27 22 28
24 14 23 14
23 15 22 15
17 21 17 20
28 21 28 22
17 22 17 23
18 10 17 10
21 20 20 20
16 25 15 25
1 4 0 4
13 10 13 11
17 27 17 26
17 13 16 13
6 4 6 5
1 15 0 15
4 25 3 25
10 23 11 23
1 22 1 23
9 12 10 12
25 0 25 1
28 14 27 14
5 27 5 28
20 19 21 19
23 4 24 4
25 10 26 10
12 26 12 25
23 16 23 15
15 26 14 26
13 12 13 13
2 3 3 3
6 20 6 19
21 25 22 25
6 19 7 19
11 11 11 10
6 23 7 23
1 20 1 21
5 28 4 28
3 5 2 5
6 5 6 6
2 9 2 8
17 28 17 27
7 23 7 24
10 26 10 25
2 4 3 4
19 19 20 19
6 25 6 24
5 25 4 25
16 21 17 21
14 12 14 13
16 22 16 21
9 7 9 8
17 26 18 26
1 14 2 14
26 2 27 2
14 3 15 3
13 6 14 6
13 14 12 14
27 16 27 17
3 19 3 20
9 1 9 2
8 14 8 15
3 18 2 18
12 23 12 22
27 22 26 22
6 24 6 23
1 5 1 4
14 15 14 16
14 1 14 0
28 16 27 16
11 26 11 25
1 11 1 10
7 27 7 28
5 11 5 10
14 27 13 27
22 0 21 0
9 16 8 16
22 16 23 16
5 16 5 15
15 20 14 20
13 27 13 28
8 3 8 4
10 3 9 3
16 10 16 9
13 20 13 19
23 18 22 18
25 11 26 11
11 7 11 8
22 26 22 27
26 13 25 13
3 25 3 26
17 12 17 11
28 22 27 22
21 24 21 23
8 15 7 15
22 23 23 23
8 16 7 16
27 26 27 25
24 11 25 11
3 27 4 27
18 22 17 22
19 4 18 4
5 0 6 0
10 7 9 7
6 21 5 21
7 4 6 4
19 2 19 3
26 26 26 27
11 15 11 14
24 4 25 4
18 11 18 10
3 26 3 27
6 4 5 4
22 6 21 6
16 7 17 7
26 15 26 14
7 26 7 25
27 7 26 7
7 3 6 3
10 25 10 24
2 11 1 11
27 6 28 6
10 1 11 1
17 1 17 0
0 11 0 10
4 27 5 27
20 15 19 15
28 26 27 26
9 9 9 10
9 5 10 5
28 20 28 21
0 23 0 24
28 2 28 3
3 1 2 1
2 27 2 28
23 6 23 7
21 23 22 23
20 20 20 21
23 3 24 3
18 23 18 22
3 22 3 23
1 13 1 14
22 27 23 27
9 3 10 3
23 10 24 10
13 17 13 18
11 19 11 20
6 13 6 14
11 14 11 15
0 0 1 0
24 1 23 1
13 3 13 2
16 15 17 15
1 26 0 26
21 8 21 9
25 5 26 5
2 17 1 17
15 25 15 26
22 4 23 4
18 8 18 9
27 2 28 2
20 19 20 18
17 15 18 15
5 4 5 3
9 28 9 27
4 17 4 16
16 18 16 19
26 16 26 17
22 13 22 12
9 22 9 23
16 9 16 8
21 3 20 3
4 1 3 1
10 28 10 27
20 23 20 22
11 8 12 8
10 24 10 23
187
22 22 22 23
15 27 15 28
2 8 2 12
4 2 4 3
18 22 20 22
11 16 13 16
3 16 3 20
14 13 14 14
4 0 4 2
15 7 15 8
25 15 25 16
14 0 14 5
26 22 26 23
24 18 24 20
17 27 18 27
9 8 10 8
13 23 13 24
8 2 9 2
28 11 28 13
1 3 1 4
14 20 17 20
26 12 26 14
23 16 25 16
6 26 8 26
26 17 26 22
5 23 6 23
11 23 13 23
17 21 20 21
12 27 15 27
14 16 14 20
9 10 11 10
8 26 13 26
21 22 22 22
18 16 20 16
20 13 20 16
11 27 12 27
23 14 23 15
26 4 26 5
7 15 7 16
1 16 3 16
7 8 9 8
6 9 6 11
16 3 17 3
26 24 26 25
22 23 23 23
21 27 23 27
6 11 7 11
5 21 5 23
22 7 23 7
4 8 5 8
25 4 26 4
23 27 25 27
23 23 23 24
14 5 14 6
19 3 19 6
11 3 11 5
5 14 5 15
21 0 24 0
26 4 28 4
13 0 14 0
6 15 7 15
19 3 20 3
17 24 17 27
16 13 19 13
23 14 26 14
17 3 17 7
1 8 1 9
9 8 9 10
28 17 28 18
17 7 17 10
8 26 8 27
14 22 17 22
14 14 18 14
25 2 25 4
13 16 14 16
0 5 2 5
1 7 1 8
9 2 10 2
7 11 7 13
13 25 13 26
9 7 9 8
28 13 28 17
14 8 15 8
2 5 4 5
14 6 14 8
25 7 25 9
8 10 9 10
23 16 23 17
15 26 15 27
9 7 12 7
27 17 28 17
19 6 21 6
28 21 28 27
11 3 12 3
17 0 21 0
18 27 21 27
18 22 18 25
4 24 4 25
17 21 17 22
19 7 19 13
2 12 2 13
14 0 17 0
22 17 23 17
10 12 16 12
7 16 7 17
5 12 5 14
7 13 7 14
0 12 0 14
26 23 26 24
16 12 16 13
1 1 1 3
19 13 20 13
12 14 12 15
6 6 6 9
11 13 11 15
28 18 28 21
7 19 7 24
7 13 10 13
8 2 8 4
0 20 0 24
4 25 4 28
4 12 5 12
21 4 21 6
17 22 18 22
26 5 27 5
5 15 5 18
8 7 9 7
2 12 4 12
0 12 2 12
18 25 18 26
2 8 4 8
21 22 21 27
7 24 8 24
19 6 19 7
17 10 17 11
14 14 14 16
4 5 8 5
19 7 22 7
0 24 0 26
11 5 14 5
24 17 24 18
0 20 3 20
13 25 14 25
23 17 24 17
5 27 8 27
10 13 10 19
1 6 1 7
13 24 17 24
11 15 12 15
17 3 18 3
25 4 25 7
0 24 4 24
10 13 11 13
6 23 6 26
26 14 27 14
2 2 2 5
25 9 25 11
23 4 25 4
10 12 10 13
4 11 6 11
22 18 22 22
20 16 20 18
24 0 26 0
27 15 27 16
26 22 27 22
11 20 14 20
22 2 25 2
20 16 23 16
26 14 26 17
5 15 6 15
1 14 1 16
7 19 10 19
11 10 17 10
25 1 25 2
5 18 5 21
20 18 20 21
8 4 8 5
21 0 21 4
4 5 4 8
4 3 5 3
27 5 27 14
13 24 13 25
11 20 11 23
27 14 27 15
10 5 11 5
8 5 8 7
23 24 26 24
