209
28 20 29 20
4 17 5 17
13 22 14 22
4 18 5 18
16 13 15 13
16 11 16 10
15 13 15 14
3 7 3 8
21 16 20 16
10 23 10 24
5 28 4 28
7 14 6 14
5 3 5 2
32 13 31 13
11 14 11 13
10 5 10 6
4 1 3 1
8 28 8 29
8 4 8 3
11 10 11 9
28 17 29 17
4 20 5 20
14 29 13 29
29 6 29 5
23 13 22 13
5 4 5 3
26 10 25 10
15 28 14 28
5 24 4 24
29 0 29 1
21 31 20 31
30 17 31 17
32 15 31 15
17 32 17 31
29 26 30 26
10 31 10 32
12 2 11 2
29 10 29 11
17 2 17 1
28 14 29 14
10 6 9 6
10 1 10 0
21 17 20 17
11 1 10 1
30 21 30 22
31 23 30 23
26 3 25 3
21 9 20 9
20 2 21 2
15 24 16 24
16 26 16 25
27 23 27 22
28 21 29 21
5 16 6 16
26 11 27 11
12 9 12 10
5 27 5 28
18 4 18 3
19 8 20 8
1 26 2 26
4 21 5 21
28 16 27 16
4 29 4 30
12 18 12 19
9 26 9 27
10 15 10 16
4 31 3 31
8 32 9 32
25 11 25 12
25 12 26 12
26 7 27 7
3 1 3 2
15 10 15 11
32 6 32 7
21 2 21 3
25 27 25 26
13 15 12 15
22 24 22 25
24 6 23 6
6 14 6 15
1 22 1 21
11 17 10 17
25 9 24 9
8 15 8 16
20 27 19 27
2 2 2 3
3 28 3 29
16 6 16 5
27 4 26 4
27 7 27 6
2 25 3 25
9 32 9 31
1 31 1 30
21 13 20 13
12 15 12 14
23 18 24 18
14 28 14 27
30 13 29 13
20 32 21 32
15 9 16 9
24 9 24 8
2 26 2 27
7 12 7 11
3 15 2 15
4 6 3 6
15 2 16 2
24 27 25 27
1 21 0 21
1 32 1 31
13 6 12 6
17 23 18 23
16 9 17 9
20 9 19 9
31 9 31 8
2 18 2 17
1 11 1 12
14 23 13 23
1 9 0 9
1 5 2 5
4 11 3 11
31 13 31 12
0 14 1 14
32 3 31 3
24 15 23 15
30 10 30 11
17 13 16 13
13 2 13 3
9 31 9 30
4 5 4 4
27 12 27 13
19 9 19 8
6 9 6 8
31 28 31 29
0 11 1 11
18 13 18 14
0 6 0 5
21 10 21 9
14 25 15 25
16 20 15 20
22 17 21 17
31 21 31 22
21 17 21 16
22 25 21 25
26 12 26 11
13 27 12 27
24 20 23 20
27 28 27 29
1 12 2 12
25 10 25 11
23 4 24 4
5 19 6 19
30 4 31 4
26 26 26 27
31 29 31 28
4 19 4 20
30 16 29 16
0 12 1 12
6 28 6 27
21 18 22 18
12 12 12 11
10 17 10 18
27 6 28 6
27 16 27 15
7 9 8 9
31 1 32 1
6 18 7 18
29 28 28 28
12 1 13 1
31 8 30 8
1 14 1 15
2 27 3 27
27 24 27 23
32 9 32 10
16 21 16 20
7 4 7 5
5 32 6 32
1 31 0 31
30 14 30 15
30 2 31 2
13 9 14 9
26 11 26 10
26 25 26 24
13 29 12 29
11 28 11 29
8 9 8 10
24 18 24 19
17 21 17 22
14 32 15 32
26 6 27 6
18 18 19 18
14 7 15 7
31 2 31 1
17 9 18 9
15 31 16 31
12 0 13 0
20 31 19 31
29 29 29 28
20 28 20 27
31 0 32 0
31 4 32 4
23 8 23 9
8 12 8 13
19 27 19 26
10 26 11 26
22 10 21 10
30 11 30 12
27 32 26 32
4 20 4 21
21 27 21 26
189
26 1 29 1
13 21 13 23
2 12 2 15
11 2 16 2
3 29 3 31
4 15 6 15
15 20 16 20
16 5 19 5
0 9 0 18
29 20 29 21
26 1 26 4
24 8 26 8
8 18 9 18
29 17 29 20
24 5 24 8
31 7 31 10
21 26 21 29
2 12 4 12
20 13 22 13
25 16 25 19
12 19 14 19
16 29 16 31
16 2 16 5
11 19 12 19
30 27 30 29
18 32 21 32
32 21 32 23
10 19 11 19
12 14 15 14
10 13 11 13
16 5 16 10
6 2 8 2
2 15 4 15
3 2 3 3
26 10 31 10
11 13 16 13
21 16 21 23
25 7 31 7
3 3 5 3
18 9 18 11
4 24 4 27
31 12 31 15
25 32 26 32
4 27 6 27
12 14 12 17
11 11 12 11
9 25 9 27
16 18 19 18
16 25 17 25
16 18 16 20
9 27 9 30
29 11 29 13
9 6 9 10
12 21 13 21
22 8 24 8
16 13 20 13
8 23 9 23
4 15 4 21
19 5 22 5
3 3 3 6
20 25 20 27
3 29 8 29
4 12 4 13
30 23 32 23
24 5 28 5
0 18 0 20
9 30 14 30
21 23 21 25
25 20 25 26
3 8 6 8
11 0 11 2
3 16 3 18
9 23 13 23
2 21 2 22
24 4 24 5
9 25 10 25
13 24 13 25
9 13 10 13
12 17 12 19
1 2 3 2
1 18 1 20
23 16 23 20
22 8 22 13
14 27 17 27
0 27 0 31
29 1 29 4
29 13 29 14
29 17 31 17
5 3 8 3
31 7 32 7
7 5 7 11
28 29 30 29
6 10 6 15
17 25 17 27
16 12 16 13
20 25 21 25
6 15 9 15
27 15 27 17
9 18 10 18
29 22 30 22
22 13 27 13
27 22 29 22
16 13 16 18
17 27 17 31
0 27 1 27
17 31 18 31
31 10 31 12
16 31 16 32
25 26 30 26
13 18 16 18
17 22 17 25
8 2 9 2
3 6 3 8
0 20 1 20
6 8 6 10
27 19 27 22
11 11 11 13
12 11 15 11
13 23 13 24
25 19 27 19
15 11 18 11
11 15 11 19
30 23 30 26
21 16 23 16
22 13 22 14
21 4 24 4
18 3 21 3
1 23 1 27
13 31 16 31
24 25 24 31
1 18 3 18
29 4 32 4
9 10 12 10
4 10 4 12
2 8 3 8
14 19 14 22
1 12 2 12
28 3 28 5
0 31 3 31
25 31 25 32
29 21 32 21
2 21 4 21
24 2 24 4
27 13 27 15
12 10 16 10
14 27 14 30
8 3 9 3
21 29 21 32
6 15 6 16
27 29 28 29
2 22 2 28
0 5 0 9
0 5 2 5
6 27 9 27
16 32 18 32
31 15 31 17
9 3 9 6
28 5 29 5
13 25 15 25
2 4 2 5
32 4 32 7
3 31 13 31
32 1 32 4
9 15 11 15
23 20 25 20
16 2 19 2
21 3 21 4
27 13 29 13
23 15 27 15
6 19 9 19
9 19 9 23
24 31 25 31
27 17 27 19
17 25 20 25
21 14 21 16
6 23 8 23
20 8 20 13
19 5 19 8
20 13 20 16
23 16 24 16
7 11 11 11
15 20 15 25
0 9 5 9
21 25 24 25
4 21 4 24
9 18 9 19
3 0 3 2
5 2 6 2
1 20 1 23
