210
13 23 12 23
18 14 17 14
18 30 18 29
12 22 13 22
3 18 3 17
20 19 19 19
7 8 7 9
12 16 13 16
25 20 24 20
23 10 23 11
25 1 25 0
3 22 4 22
25 29 25 30
24 26 23 26
9 26 9 25
9 22 9 21
19 11 20 11
28 23 28 24
14 28 14 27
20 16 20 15
2 20 1 20
19 13 19 12
3 17 4 17
19 12 20 12
24 4 24 3
17 14 17 15
10 16 10 15
1 29 1 30
15 12 15 13
21 24 22 24
31 22 30 22
13 27 13 28
7 15 7 16
10 15 11 15
8 10 9 10
20 26 20 25
25 3 25 4
0 18 1 18
6 9 6 10
30 3 29 3
24 28 23 28
2 9 3 9
19 29 19 30
28 30 29 30
7 26 7 25
19 15 19 16
15 29 15 30
24 20 24 19
27 2 26 2
28 4 27 4
20 17 20 16
20 25 21 25
24 16 25 16
18 28 18 27
20 16 21 16
29 27 28 27
12 26 12 25
6 5 7 5
21 5 21 4
23 11 23 12
31 14 31 13
9 10 9 11
17 6 16 6
9 25 10 25
12 30 12 31
22 5 21 5
11 31 11 30
26 19 27 19
10 26 11 26
11 24 11 25
26 30 26 29
21 4 22 4
17 13 18 13
26 29 25 29
24 3 25 3
12 21 11 21
16 14 16 13
9 15 9 16
21 21 21 20
2 7 2 6
11 1 11 2
1 18 2 18
25 10 25 9
14 23 13 23
18 31 18 30
27 3 27 2
13 6 14 6
1 12 1 11
5 21 4 21
25 5 25 6
21 10 20 10
27 23 26 23
25 8 26 8
3 3 3 2
7 2 7 1
27 8 27 7
12 20 11 20
29 3 28 3
28 8 29 8
17 28 18 28
11 15 12 15
30 23 31 23
6 1 5 1
2 18 3 18
26 20 25 20
13 12 13 13
5 22 5 21
7 27 7 28
4 7 4 8
25 4 25 5
24 23 24 24
17 15 16 15
13 7 13 8
11 7 11 6
18 9 19 9
20 10 19 10
25 19 26 19
25 29 24 29
24 6 24 7
20 8 19 8
3 25 4 25
1 6 1 7
5 23 5 22
19 26 19 27
25 9 25 8
15 7 15 8
16 5 16 4
17 2 18 2
9 4 10 4
28 12 28 13
14 12 14 13
31 20 30 20
3 2 3 1
16 21 16 20
1 7 0 7
9 17 8 17
20 9 20 8
28 6 28 5
1 16 1 15
14 5 15 5
20 21 20 20
4 27 4 26
13 13 12 13
6 27 7 27
23 9 23 10
10 1 10 2
15 11 15 12
30 29 30 30
16 13 17 13
7 5 8 5
0 12 1 12
13 24 13 25
26 17 26 18
29 6 30 6
29 18 30 18
23 4 24 4
15 4 14 4
6 26 5 26
17 17 17 18
30 14 31 14
5 20 6 20
12 25 12 24
3 26 2 26
11 29 12 29
10 5 10 6
14 25 15 25
11 3 11 4
2 27 1 27
27 19 28 19
17 3 16 3
6 15 7 15
3 20 2 20
19 9 20 9
28 19 27 19
9 28 8 28
27 11 26 11
22 4 23 4
5 14 5 15
5 6 4 6
13 22 13 21
8 23 8 24
25 8 25 7
21 25 21 24
15 16 16 16
3 27 3 26
16 7 15 7
29 1 30 1
26 9 25 9
11 25 12 25
15 25 16 25
15 12 15 11
5 11 5 12
15 26 15 27
12 4 12 5
21 8 21 7
29 0 29 1
15 28 16 28
22 3 23 3
24 11 24 10
29 14 29 15
29 17 28 17
16 9 15 9
6 10 5 10
21 5 21 6
23 13 22 13
3 4 3 5
3 19 4 19
3 1 4 1
20 24 20 25
23 3 24 3
189
10 25 10 29
9 29 10 29
5 18 7 18
2 23 3 23
26 1 29 1
6 2 6 6
31 21 31 23
20 15 20 20
22 21 22 24
30 30 31 30
15 30 17 30
26 3 28 3
31 23 31 26
3 14 3 18
17 1 17 4
12 7 14 7
3 9 7 9
25 7 27 7
12 13 12 15
12 25 13 25
7 18 7 19
7 16 9 16
6 16 7 16
13 21 13 23
15 11 15 13
10 9 11 9
19 27 19 30
1 9 1 10
0 24 0 28
16 20 18 20
15 2 15 5
24 9 25 9
16 23 16 25
25 20 25 21
1 1 4 1
22 2 22 8
18 2 22 2
8 28 8 29
0 1 1 1
31 19 31 21
14 7 15 7
15 0 15 2
3 29 4 29
17 30 18 30
19 27 21 27
28 24 28 26
12 15 14 15
8 29 8 30
25 6 25 7
11 2 13 2
10 2 10 4
20 20 21 20
2 23 2 25
9 13 12 13
7 9 7 12
19 10 19 16
5 0 13 0
20 11 20 12
18 30 19 30
0 7 0 8
29 30 30 30
13 2 15 2
28 26 29 26
4 30 4 31
19 30 25 30
15 5 17 5
31 11 31 13
7 15 12 15
7 16 7 18
11 6 11 9
13 28 16 28
9 21 11 21
5 1 5 7
11 4 11 6
28 24 30 24
12 5 15 5
5 7 5 8
15 5 15 6
4 23 12 23
17 1 18 1
17 4 20 4
24 7 25 7
24 19 26 19
3 8 3 9
24 19 24 24
23 4 24 4
2 14 3 14
20 9 20 11
24 10 24 17
3 18 5 18
26 19 26 21
18 16 18 19
29 26 29 30
24 10 27 10
4 26 4 29
7 27 7 28
22 8 22 9
12 7 12 13
7 12 8 12
25 3 26 3
7 14 7 15
10 9 10 10
17 10 17 13
18 28 18 29
10 25 12 25
15 20 16 20
20 12 23 12
25 30 25 31
4 21 4 22
12 15 12 23
24 4 24 7
10 2 11 2
0 8 0 13
2 25 4 25
0 28 3 28
17 5 17 10
24 4 26 4
17 4 17 5
10 10 10 11
26 21 26 23
11 2 11 4
16 15 16 16
22 0 25 0
0 29 3 29
4 25 4 26
3 9 3 14
10 29 12 29
9 16 9 21
13 25 13 28
28 5 28 10
1 9 3 9
18 16 19 16
4 22 4 23
17 10 19 10
7 28 8 28
13 23 13 25
7 9 10 9
15 13 17 13
24 9 24 10
28 13 29 13
4 25 7 25
26 18 30 18
16 28 18 28
16 16 16 20
19 20 20 20
6 2 10 2
12 23 12 24
3 18 3 23
21 24 21 27
8 24 12 24
14 6 14 7
16 20 16 23
30 17 30 18
9 29 9 30
5 1 7 1
24 24 24 29
4 1 5 1
14 15 16 15
7 25 10 25
28 3 28 5
19 8 19 10
27 10 28 10
30 13 31 13
25 0 25 3
5 0 5 1
8 11 9 11
22 24 24 24
20 9 22 9
9 11 9 13
20 12 20 15
1 10 1 11
25 26 28 26
11 30 15 30
26 23 31 23
22 2 23 2
23 2 23 4
24 17 24 19
25 30 29 30
29 13 30 13
11 20 11 21
15 0 22 0
0 7 5 7
26 2 26 3
4 30 8 30
25 21 25 26
18 20 19 20
30 13 30 17
24 17 28 17
21 20 21 24
