23
14 9 13 9
9 10 8 10
3 1 2 1
13 13 13 14
9 16 9 15
17 13 17 12
17 19 17 20
11 4 11 3
10 13 11 13
17 15 17 16
11 13 11 14
19 20 20 20
8 13 9 13
16 11 16 12
5 2 5 1
6 5 6 4
16 10 16 11
16 17 16 16
16 18 17 18
1 3 2 3
13 4 13 5
13 12 13 13
13 7 13 6
177
15 12 16 12
19 2 19 5
2 14 2 15
6 11 6 14
17 11 18 11
3 14 4 14
18 18 19 18
2 15 3 15
2 1 5 1
19 10 20 10
5 10 5 11
10 0 10 1
19 6 19 10
10 10 11 10
3 6 3 8
4 9 6 9
17 18 17 20
13 13 13 14
16 12 17 12
14 2 16 2
0 2 0 3
14 11 14 12
4 18 5 18
14 11 16 11
11 16 11 17
10 5 10 6
6 3 6 4
10 8 10 10
13 18 14 18
1 2 1 4
18 3 18 4
8 18 11 18
18 10 19 10
2 12 2 14
20 4 20 10
18 1 19 1
9 5 10 5
9 2 9 3
18 16 20 16
4 7 4 9
15 1 18 1
17 2 19 2
19 5 19 6
10 7 10 8
5 11 5 12
4 9 4 10
3 6 7 6
11 19 14 19
1 4 1 5
17 16 17 18
13 5 13 6
8 19 11 19
0 15 0 16
14 17 14 18
3 15 5 15
13 14 14 14
9 5 9 13
14 19 15 19
3 11 3 12
8 19 8 20
14 8 17 8
6 19 8 19
13 6 18 6
12 6 12 7
14 2 14 3
1 5 1 13
15 0 19 0
16 11 17 11
17 10 18 10
1 2 2 2
15 15 20 15
10 6 12 6
3 9 4 9
7 11 7 14
10 6 10 7
13 16 14 16
13 6 13 9
17 8 17 10
7 16 11 16
14 18 17 18
15 13 15 15
11 12 14 12
9 17 11 17
9 3 11 3
8 5 8 10
20 10 20 14
9 2 10 2
7 8 7 10
13 15 13 16
15 15 15 16
16 2 17 2
7 10 7 11
11 17 11 18
19 17 19 18
3 12 3 13
5 11 6 11
3 14 3 15
7 15 9 15
11 12 11 14
15 12 15 13
20 17 20 20
16 20 17 20
14 7 17 7
8 4 8 5
14 12 14 13
8 10 8 12
1 4 6 4
0 18 0 20
7 14 11 14
0 3 0 7
18 16 18 18
1 18 1 20
20 0 20 4
0 15 1 15
4 14 6 14
1 18 4 18
2 20 4 20
6 4 7 4
6 16 7 16
11 14 12 14
12 1 14 1
19 1 19 2
6 14 6 16
11 18 12 18
9 15 13 15
7 14 7 15
14 14 14 15
9 3 9 4
1 20 2 20
20 15 20 16
7 4 8 4
3 8 3 9
8 20 11 20
14 1 14 2
11 3 14 3
14 7 14 8
17 14 20 14
14 17 15 17
4 10 4 12
0 16 0 18
6 17 6 19
14 15 15 15
10 1 11 1
13 9 15 9
13 16 13 18
7 6 7 8
11 5 13 5
11 7 12 7
15 16 16 16
2 1 2 2
20 14 20 15
18 11 19 11
13 11 14 11
14 3 15 3
17 20 20 20
2 10 4 10
1 13 1 15
18 4 18 6
11 9 13 9
13 9 13 11
10 0 15 0
10 4 18 4
9 4 9 5
10 10 10 12
3 12 4 12
14 10 17 10
16 13 19 13
0 2 1 2
6 17 8 17
8 1 10 1
7 10 8 10
14 18 14 19
3 17 6 17
8 1 8 4
6 0 10 0
0 20 1 20
19 11 19 13
