137
11 0 11 1
7 13 8 13
13 8 13 7
2 13 3 13
10 0 11 0
4 1 3 1
8 15 7 15
1 7 0 7
11 3 11 2
14 10 13 10
16 4 16 3
16 5 15 5
8 14 8 15
15 15 15 16
14 3 15 3
14 4 14 3
1 13 2 13
15 4 16 4
3 15 4 15
1 4 0 4
5 1 4 1
8 13 8 14
13 9 13 8
9 5 9 6
15 10 14 10
15 14 15 15
5 16 5 17
9 0 10 0
5 5 5 6
1 6 1 7
11 4 11 3
14 5 14 4
6 5 5 5
11 11 11 10
2 6 1 6
10 5 9 5
15 11 15 10
7 5 6 5
9 1 9 0
16 6 16 5
8 12 8 13
7 4 7 5
14 11 15 11
6 16 5 16
14 12 14 11
15 13 15 14
8 1 9 1
6 4 7 4
11 12 11 11
2 7 2 6
8 0 8 1
3 7 2 7
1 5 1 4
16 13 15 13
6 5 6 4
16 12 16 13
6 6 6 5
13 12 14 12
13 10 13 9
0 5 1 5
15 6 16 6
8 16 7 16
8 15 8 16
6 15 6 16
13 13 13 12
0 4 0 5
15 16 16 16
9 0 8 0
2 15 3 15
4 7 3 7
5 2 5 1
16 11 16 12
15 7 15 6
1 4 0 4
11 13 11 12
12 13 13 13
10 4 10 5
4 8 4 7
9 15 8 15
5 6 6 6
15 8 15 7
10 3 10 4
11 3 10 3
1 5 1 4
11 14 11 13
13 11 13 10
6 14 6 15
12 12 12 13
0 13 1 13
10 14 11 14
6 13 7 13
11 5 11 4
14 8 15 8
14 9 14 8
5 5 5 6
16 10 16 11
9 16 9 15
15 17 15 16
12 3 11 3
1 15 2 15
13 3 12 3
8 16 9 16
13 9 14 9
5 13 6 13
0 15 1 15
11 12 12 12
9 12 8 12
12 6 11 6
4 9 4 8
5 4 5 5
12 9 13 9
4 4 5 4
10 12 11 12
12 8 12 9
9 14 10 14
11 8 12 8
5 12 5 13
11 9 11 8
13 2 13 3
8 14 9 14
9 11 9 12
9 10 9 11
0 16 0 15
9 1 9 0
10 9 11 9
4 12 5 12
4 5 4 4
16 17 15 17
4 11 4 12
16 16 16 17
5 11 4 11
16 15 16 16
5 12 5 11
4 12 5 12
4 11 4 12
17 10 16 10
17 11 17 10
162
7 13 8 13
5 15 6 15
14 1 14 2
8 6 8 7
12 1 13 1
8 9 8 10
8 12 9 12
15 15 17 15
4 14 4 15
5 13 6 13
10 5 12 5
6 11 7 11
11 1 11 2
4 16 4 17
11 9 12 9
3 9 5 9
4 1 4 2
12 11 14 11
5 5 5 6
15 15 15 16
13 5 15 5
3 5 5 5
0 9 0 10
0 4 1 4
9 14 10 14
7 2 7 3
8 1 10 1
7 10 7 11
5 13 5 14
16 6 16 7
14 2 14 3
15 3 16 3
8 13 8 15
3 11 3 12
6 9 6 10
8 3 9 3
12 5 12 7
9 4 9 5
2 12 3 12
6 2 6 3
0 7 0 8
10 13 11 13
7 1 7 2
0 5 0 6
5 12 5 13
1 7 2 7
13 14 13 15
14 0 14 1
11 16 12 16
3 11 5 11
2 14 2 15
6 3 6 4
1 9 1 10
4 2 6 2
7 1 8 1
1 15 2 15
1 7 1 8
3 14 4 14
11 2 12 2
1 10 1 11
7 9 8 9
14 15 15 15
15 14 15 15
11 10 11 11
9 11 10 11
1 4 2 4
7 15 7 16
9 5 9 6
10 7 10 8
10 13 10 14
2 16 3 16
4 15 5 15
17 9 17 10
15 8 15 9
13 0 13 1
11 15 11 16
6 4 6 5
11 9 11 10
12 7 12 8
5 4 6 4
8 8 8 9
10 1 11 1
4 0 4 1
15 10 15 11
0 3 0 4
6 8 7 8
5 11 6 11
6 13 7 13
1 3 1 4
9 3 9 4
3 13 4 13
8 10 8 11
16 1 16 2
6 15 7 15
1 16 2 16
11 16 11 17
8 2 8 3
6 3 7 3
9 6 9 7
5 15 5 16
5 10 5 11
4 17 5 17
5 6 6 6
10 11 10 13
6 9 7 9
2 5 3 5
13 13 13 14
6 6 6 7
1 11 1 12
16 7 16 8
12 8 12 9
1 12 1 13
3 4 3 5
9 7 10 7
12 2 14 2
15 5 15 6
7 11 7 12
5 17 6 17
5 8 6 8
7 2 8 2
11 13 12 13
15 10 16 10
16 2 16 3
14 9 15 9
10 6 10 7
9 9 11 9
12 5 13 5
3 9 3 10
0 15 1 15
0 6 0 7
2 14 3 14
15 9 15 10
17 1 17 2
12 13 13 13
17 0 17 1
2 12 2 13
1 10 2 10
6 17 8 17
15 13 15 14
1 6 2 6
1 8 1 9
8 11 8 12
11 11 12 11
2 13 2 14
16 7 17 7
8 12 8 13
8 9 9 9
5 9 6 9
3 16 4 16
4 13 5 13
13 15 14 15
0 7 1 7
0 5 2 5
14 11 15 11
2 10 3 10
1 16 1 17
16 2 17 2
0 17 1 17
15 3 15 5
8 7 8 8
8 15 8 17
4 0 5 0
