112
3 8 3 9
34 26 33 26
3 31 4 31
21 8 22 8
3 23 4 23
16 1 16 0
7 35 6 35
11 33 11 32
27 0 28 0
9 24 9 23
11 8 11 7
15 33 14 33
15 22 14 22
28 15 27 15
8 33 8 32
7 34 6 34
15 24 15 25
14 29 15 29
25 32 26 32
17 20 16 20
16 9 15 9
27 18 27 17
9 18 10 18
27 1 27 2
10 31 11 31
34 18 35 18
13 25 12 25
31 16 31 17
9 14 9 15
31 25 31 26
29 13 28 13
29 15 28 15
14 7 13 7
10 2 9 2
10 34 10 33
11 35 11 34
12 25 12 24
29 31 29 30
5 13 4 13
12 20 13 20
25 24 26 24
31 15 31 16
10 13 10 14
19 17 20 17
19 4 20 4
19 32 19 31
32 16 32 15
24 8 24 7
9 15 9 16
30 10 31 10
28 6 28 5
34 23 33 23
22 1 22 2
13 7 13 6
2 24 2 25
19 26 20 26
22 27 22 26
20 11 19 11
14 33 14 32
4 23 4 24
2 32 1 32
20 33 19 33
35 26 34 26
4 13 4 14
6 20 6 21
22 10 23 10
21 19 20 19
1 23 0 23
16 21 16 22
7 24 6 24
10 30 9 30
35 6 34 6
22 25 22 24
22 2 22 3
3 6 3 7
21 20 22 20
17 30 17 31
34 26 34 25
20 27 19 27
35 32 35 33
19 3 19 4
34 6 34 5
24 28 25 28
32 28 31 28
33 26 34 26
33 7 33 6
13 1 12 1
22 14 22 13
0 10 0 11
9 13 9 12
32 15 31 15
18 0 18 1
13 0 13 1
31 28 30 28
25 8 24 8
31 15 30 15
18 15 17 15
11 34 11 33
20 26 20 27
25 21 24 21
18 3 19 3
25 4 24 4
13 19 14 19
13 20 13 19
1 0 1 1
5 5 5 4
32 35 31 35
8 6 8 5
11 7 10 7
31 17 32 17
8 5 8 4
28 13 28 14
187
3 9 6 9
21 3 22 3
30 29 30 32
20 19 20 22
14 19 16 19
17 13 22 13
34 33 35 33
16 12 16 19
0 11 4 11
22 11 22 13
10 24 12 24
5 16 5 18
30 6 30 15
33 29 34 29
26 30 26 32
4 24 6 24
25 28 25 31
34 8 34 13
21 2 21 3
6 35 20 35
26 32 30 32
22 20 22 21
6 24 10 24
26 26 26 28
4 31 4 35
3 0 3 2
34 5 34 8
19 5 19 11
31 8 31 10
14 22 14 31
12 1 13 1
28 15 28 16
3 2 3 7
7 32 7 33
34 13 34 14
31 7 31 8
26 2 26 4
5 4 5 7
26 25 26 26
20 4 22 4
26 8 26 10
4 17 4 19
26 10 26 16
12 6 13 6
16 19 17 19
4 35 6 35
6 24 6 28
6 9 6 16
10 11 16 11
14 31 14 32
20 31 25 31
13 8 15 8
34 19 34 25
22 4 22 5
12 5 19 5
35 28 35 29
20 22 20 25
13 6 13 8
7 33 10 33
23 20 23 24
9 16 9 23
10 8 13 8
1 14 3 14
6 34 19 34
34 14 34 19
13 22 13 26
8 10 8 16
34 33 34 34
26 24 28 24
17 13 17 15
27 19 34 19
5 16 6 16
24 4 26 4
4 14 4 17
24 9 24 16
16 20 16 22
28 14 28 15
20 17 20 19
0 0 0 11
3 14 4 14
34 29 35 29
10 33 11 33
6 28 6 34
27 17 32 17
26 18 26 24
7 30 7 32
29 25 34 25
17 19 17 21
19 31 19 33
21 0 21 2
21 0 28 0
34 26 34 29
31 8 34 8
1 26 1 28
6 34 6 35
26 2 27 2
17 31 19 31
22 8 22 11
27 19 27 22
1 14 1 21
19 3 21 3
16 0 21 0
21 2 25 2
4 22 4 24
31 26 34 26
4 22 8 22
0 26 1 26
22 3 22 4
17 19 20 19
17 15 17 19
20 27 20 31
22 20 23 20
3 7 5 7
20 25 20 27
13 22 14 22
6 9 15 9
15 8 17 8
26 26 31 26
12 5 12 6
15 8 15 9
1 2 3 2
27 17 27 19
19 4 19 5
24 8 24 9
1 21 1 25
0 0 3 0
5 7 10 7
30 28 30 29
19 31 20 31
8 2 8 4
30 6 33 6
23 24 26 24
8 16 8 22
6 16 8 16
21 34 26 34
1 2 1 4
35 21 35 28
20 25 23 25
30 29 33 29
12 24 12 31
26 16 26 18
8 10 9 10
9 16 11 16
26 24 26 25
26 4 26 8
10 14 12 14
1 25 2 25
10 0 16 0
5 4 8 4
10 27 10 33
28 15 30 15
18 4 19 4
10 3 10 7
22 17 22 20
19 34 21 34
22 8 24 8
22 26 26 26
16 11 16 12
12 18 12 24
13 3 19 3
11 33 12 33
22 16 22 17
28 0 28 5
12 33 19 33
20 27 23 27
25 10 26 10
30 33 34 33
10 0 10 3
14 32 17 32
29 5 34 5
22 5 22 8
9 12 16 12
14 22 16 22
5 0 6 0
12 14 12 18
28 5 29 5
9 12 9 16
26 16 28 16
12 1 12 5
4 11 4 14
15 25 20 25
1 21 6 21
1 28 6 28
12 31 14 31
0 23 0 26
26 32 26 34
26 30 29 30
