47
34 31 34 30
31 10 31 11
23 24 24 24
19 27 19 26
36 22 35 22
32 31 33 31
20 30 19 30
29 36 29 37
22 22 22 21
12 15 12 16
21 28 22 28
25 31 25 30
24 24 24 23
20 22 19 22
34 26 35 26
1 12 0 12
30 31 29 31
10 29 9 29
27 33 26 33
37 10 37 11
30 22 31 22
5 34 5 33
13 10 13 11
32 21 32 22
16 36 16 35
14 7 14 8
16 37 16 36
5 37 5 36
11 36 11 37
26 12 26 11
2 0 1 0
36 8 36 9
14 15 14 16
3 37 4 37
17 37 17 36
11 31 12 31
14 36 14 35
3 9 3 8
37 18 37 17
7 6 7 5
31 3 30 3
5 20 5 19
20 17 20 16
7 16 7 15
8 20 8 19
15 26 15 25
29 15 29 14
153
22 24 26 24
4 32 4 37
22 28 30 28
30 5 30 8
27 5 30 5
31 22 32 22
3 29 9 29
23 36 26 36
35 1 37 1
5 36 16 36
7 15 9 15
4 37 11 37
37 31 37 35
16 33 16 35
25 29 25 30
22 21 22 24
7 31 12 31
35 1 35 8
11 37 25 37
17 26 17 33
35 22 35 26
21 15 21 16
18 8 18 9
1 15 5 15
26 36 27 36
9 3 9 7
30 3 30 4
21 16 21 20
5 15 5 19
9 13 9 15
17 17 17 19
36 9 37 9
30 11 31 11
7 11 13 11
14 6 26 6
5 12 5 15
17 33 25 33
5 35 5 36
7 11 7 15
26 6 26 11
20 21 20 29
33 19 33 31
7 32 7 33
9 26 17 26
20 11 20 13
14 32 14 35
9 1 35 1
13 11 16 11
24 16 27 16
29 4 30 4
20 11 26 11
5 15 7 15
37 15 37 17
18 9 19 9
17 19 17 26
5 19 8 19
18 2 22 2
14 16 14 20
8 3 9 3
7 32 14 32
12 8 14 8
1 2 1 15
20 16 20 21
1 26 9 26
9 3 22 3
2 37 4 37
30 8 35 8
1 15 1 26
9 26 9 29
27 10 33 10
9 13 20 13
12 14 12 16
24 16 24 23
35 17 35 22
29 31 29 35
6 5 7 5
4 32 7 32
25 29 27 29
17 36 21 36
21 30 25 30
0 25 0 29
8 0 8 2
1 0 1 2
23 27 30 27
17 26 19 26
20 21 22 21
7 20 14 20
16 33 17 33
20 13 21 13
6 11 7 11
7 5 7 11
25 37 29 37
14 16 20 16
30 27 30 28
16 35 20 35
3 8 5 8
27 5 27 10
31 22 31 29
12 16 14 16
27 29 31 29
26 0 29 0
31 11 37 11
16 36 17 36
33 9 36 9
16 9 16 11
6 35 13 35
33 31 37 31
21 16 24 16
25 33 26 33
19 22 19 26
26 30 26 31
37 9 37 11
1 2 8 2
22 20 22 21
30 3 34 3
21 36 23 36
25 30 26 30
24 23 30 23
19 26 19 30
31 31 31 33
8 0 26 0
21 15 37 15
29 35 29 37
7 31 7 32
8 2 18 2
21 13 21 15
8 19 11 19
27 29 27 36
27 4 27 5
12 28 12 31
32 22 32 37
5 8 5 12
22 24 22 28
22 3 30 3
26 4 26 6
31 29 31 31
16 9 18 9
25 17 35 17
30 4 30 5
5 33 7 33
29 9 33 9
20 29 25 29
0 29 3 29
36 5 36 9
6 9 6 11
14 35 16 35
26 11 30 11
14 6 14 8
30 19 30 23
30 19 33 19
35 17 37 17
33 31 33 37
5 35 6 35
