108
10 8 10 9
1 2 1 3
10 21 10 22
16 4 16 5
14 2 15 2
5 18 6 18
0 11 0 10
9 16 10 16
4 12 3 12
19 15 19 16
17 14 17 13
4 16 3 16
13 0 14 0
19 12 18 12
8 9 8 8
2 2 2 3
19 8 20 8
5 14 5 13
14 14 15 14
4 10 4 11
12 0 13 0
14 13 14 14
11 20 10 20
9 2 9 1
13 2 12 2
15 10 14 10
14 0 14 1
3 6 2 6
1 22 1 23
23 10 22 10
18 14 17 14
21 18 21 19
11 12 10 12
22 21 22 22
19 18 19 17
15 11 15 10
20 18 21 18
18 15 19 15
21 4 20 4
7 9 8 9
22 6 21 6
14 7 13 7
0 2 1 2
22 10 21 10
17 7 18 7
11 13 11 12
7 16 6 16
15 10 16 10
17 1 18 1
4 14 5 14
11 4 11 3
16 3 16 4
10 17 11 17
13 0 13 1
6 23 6 22
1 1 2 1
3 14 2 14
3 8 2 8
10 16 11 16
13 3 13 2
2 21 1 21
2 1 2 2
19 21 18 21
17 12 17 11
13 11 12 11
17 20 18 20
22 15 23 15
9 3 9 4
18 16 18 17
15 18 16 18
19 7 20 7
5 6 5 7
15 23 14 23
5 2 5 3
13 21 14 21
4 23 5 23
8 23 8 22
7 5 8 5
0 18 0 19
19 9 19 8
14 21 14 20
13 20 13 21
1 9 2 9
9 12 9 13
11 8 11 7
14 23 14 22
0 19 1 19
1 19 1 20
22 4 22 5
2 22 2 21
6 14 6 13
5 5 5 6
22 18 22 19
20 11 21 11
5 20 5 21
6 1 7 1
4 9 4 10
23 15 23 16
23 2 22 2
8 22 8 23
12 14 11 14
6 15 5 15
23 21 23 20
23 14 22 14
23 16 23 15
8 5 9 5
6 5 6 4
21 2 21 3
192
23 5 23 7
2 20 2 21
8 13 8 14
22 19 22 20
5 16 6 16
20 5 20 6
4 20 4 21
8 8 9 8
5 23 7 23
20 8 23 8
15 14 15 16
19 20 20 20
12 5 13 5
0 6 1 6
0 1 0 3
11 15 13 15
15 0 16 0
21 20 22 20
20 4 20 5
1 3 2 3
15 14 17 14
18 12 18 13
11 15 11 16
3 12 3 15
14 17 15 17
12 3 14 3
13 6 13 7
17 13 18 13
1 20 2 20
1 18 1 20
12 21 13 21
17 10 18 10
1 23 5 23
21 6 21 7
0 6 0 7
21 3 21 5
13 6 15 6
3 11 4 11
9 13 13 13
9 6 13 6
13 18 14 18
5 8 6 8
2 8 2 9
18 3 19 3
20 19 21 19
22 22 23 22
15 9 16 9
12 18 13 18
16 10 17 10
5 3 5 4
18 12 20 12
14 16 14 17
18 13 18 17
22 17 22 19
10 5 11 5
7 0 15 0
18 20 18 21
0 3 0 5
21 9 21 10
17 10 17 11
10 18 12 18
0 10 1 10
21 17 22 17
2 9 3 9
7 6 7 8
13 15 14 15
19 2 19 3
18 1 18 3
14 3 14 4
10 18 10 20
19 16 19 17
4 11 4 17
18 0 18 1
23 1 23 5
1 6 2 6
21 12 21 14
7 1 9 1
11 14 14 14
8 18 8 19
7 10 7 11
20 23 22 23
6 8 7 8
20 7 20 8
2 2 2 3
11 5 12 5
7 2 8 2
18 17 18 20
17 11 21 11
5 8 5 10
5 16 5 17
16 20 18 20
0 1 7 1
6 9 6 13
13 7 18 7
13 8 17 8
20 14 21 14
13 18 13 19
2 3 5 3
20 12 20 13
19 3 21 3
1 2 1 3
15 16 15 17
16 9 16 10
9 4 12 4
20 19 20 20
17 8 18 8
21 11 23 11
16 19 16 20
14 1 14 3
19 17 19 19
18 7 20 7
5 4 6 4
5 21 6 21
21 5 21 6
2 8 5 8
20 20 20 22
16 0 16 1
23 11 23 12
5 17 5 21
9 1 9 4
2 2 7 2
6 16 11 16
15 22 20 22
8 14 9 14
20 7 21 7
2 21 4 21
20 0 23 0
20 22 20 23
20 14 20 19
8 9 9 9
3 9 3 11
7 0 7 1
14 17 14 18
19 10 21 10
13 16 14 16
22 5 23 5
12 4 12 5
13 8 13 13
16 18 16 19
7 8 8 8
14 14 15 14
4 17 5 17
23 8 23 11
1 21 1 23
13 22 14 22
5 21 5 23
15 17 17 17
21 11 21 12
11 16 11 17
14 3 18 3
5 15 5 16
11 3 12 3
2 3 2 6
12 21 12 23
11 17 13 17
13 5 14 5
7 4 9 4
0 7 0 10
8 12 8 13
13 21 13 22
12 8 13 8
17 9 21 9
4 6 5 6
14 1 15 1
8 9 8 10
6 8 6 9
2 6 2 7
6 0 7 0
12 4 13 4
1 10 1 12
21 14 22 14
13 21 18 21
7 8 7 10
18 0 20 0
14 5 16 5
17 8 17 9
5 14 8 14
16 5 20 5
9 8 12 8
5 6 7 6
8 10 8 12
7 4 7 6
6 18 8 18
6 21 12 21
1 12 3 12
5 13 5 14
18 6 18 7
15 9 15 14
18 17 19 17
22 22 22 23
9 14 11 14
6 18 6 21
