208
21 36 20 36
3 41 3 40
8 40 8 41
34 12 34 13
34 6 34 7
16 1 16 0
15 19 15 20
24 38 23 38
13 18 14 18
27 24 28 24
32 23 32 24
20 27 19 27
14 0 13 0
30 37 30 38
14 25 14 26
17 24 17 23
28 15 29 15
18 16 17 16
17 40 17 39
25 9 26 9
31 15 31 14
32 17 33 17
17 5 18 5
28 39 28 40
33 17 33 16
20 14 20 13
41 26 40 26
23 32 24 32
37 31 37 30
8 15 7 15
27 36 27 37
33 5 34 5
23 0 23 1
26 14 27 14
27 37 26 37
5 35 6 35
38 2 37 2
24 39 24 38
27 25 27 26
27 22 26 22
32 33 31 33
35 31 35 30
9 24 8 24
29 35 29 34
25 40 25 39
23 39 22 39
34 30 34 31
35 1 35 2
39 39 39 38
39 38 38 38
11 9 12 9
31 29 31 30
13 0 13 1
34 38 34 37
12 28 12 29
1 24 1 25
20 21 20 22
4 39 5 39
28 22 29 22
37 5 37 4
12 9 12 10
24 18 23 18
4 25 4 26
1 25 0 25
8 13 8 14
29 9 30 9
38 11 37 11
22 30 22 29
24 31 23 31
34 7 33 7
5 30 4 30
29 14 29 13
17 16 16 16
26 8 25 8
33 12 34 12
6 32 6 31
32 9 31 9
1 7 1 6
23 18 22 18
0 7 1 7
8 28 8 29
17 6 16 6
12 5 12 6
24 11 24 12
12 29 11 29
7 20 8 20
15 34 16 34
3 6 3 5
26 33 27 33
5 10 5 9
7 16 6 16
18 9 17 9
27 11 27 10
12 1 12 0
6 16 5 16
40 26 39 26
22 18 21 18
17 39 17 38
13 36 13 37
17 17 17 18
29 29 29 28
24 12 24 13
16 3 16 4
22 29 22 28
35 12 36 12
31 33 31 34
38 12 37 12
21 16 22 16
23 38 23 39
40 38 40 37
30 18 29 18
16 4 16 5
8 24 8 25
5 39 6 39
37 2 37 1
15 2 15 1
11 29 10 29
38 29 38 28
28 14 28 13
16 34 16 33
6 39 6 38
19 6 19 5
39 30 40 30
8 0 9 0
34 27 34 28
27 10 28 10
41 8 41 9
24 10 24 9
0 36 0 35
22 8 22 9
33 4 32 4
21 8 20 8
41 13 41 12
11 28 12 28
15 38 16 38
3 5 3 4
29 28 30 28
6 3 7 3
23 23 23 22
23 7 23 8
10 17 10 18
25 30 25 31
6 31 6 30
23 31 22 31
17 11 17 12
28 2 28 3
25 38 25 37
32 10 31 10
9 18 9 19
2 39 1 39
30 6 29 6
39 31 38 31
21 32 21 33
6 4 5 4
13 29 13 30
40 10 39 10
17 12 18 12
22 6 23 6
35 17 36 17
22 31 22 32
34 28 34 27
2 31 2 32
23 5 23 4
28 29 27 29
35 2 35 3
2 33 1 33
0 11 1 11
11 27 11 26
38 33 37 33
33 16 34 16
22 32 21 32
22 12 22 13
30 32 29 32
29 13 30 13
40 17 41 17
37 8 37 9
18 31 17 31
14 33 13 33
37 32 36 32
14 21 14 22
35 11 36 11
5 21 5 20
31 41 30 41
33 33 33 34
6 20 7 20
26 13 26 12
20 22 20 23
34 27 33 27
5 31 5 32
10 36 10 37
31 26 32 26
19 13 18 13
1 26 1 27
23 4 24 4
36 17 36 16
33 28 33 29
34 9 35 9
9 34 8 34
21 21 21 22
34 29 34 28
17 18 18 18
5 8 4 8
32 4 31 4
37 33 37 34
0 35 0 36
33 3 33 4
2 32 2 33
4 11 4 12
192
41 3 41 9
19 38 24 38
34 14 34 16
18 13 20 13
23 39 23 40
28 1 30 1
27 14 31 14
31 14 32 14
33 4 33 6
27 14 27 26
16 6 16 9
23 1 28 1
34 31 34 35
22 28 24 28
7 3 7 6
30 1 37 1
12 20 12 21
9 10 12 10
5 0 7 0
38 9 41 9
24 40 28 40
23 8 25 8
37 1 37 4
34 28 35 28
7 1 7 3
28 38 30 38
26 37 32 37
32 37 33 37
3 7 3 13
16 33 18 33
34 5 35 5
32 24 32 26
34 31 38 31
35 16 35 18
30 7 33 7
23 40 24 40
6 35 10 35
5 2 5 3
24 13 24 28
10 29 10 31
17 23 17 26
1 3 1 5
12 28 12 31
33 37 34 37
30 7 30 9
29 34 31 34
19 5 19 7
24 28 30 28
14 22 14 23
20 23 20 36
29 18 29 22
12 0 16 0
12 6 16 6
18 5 18 12
14 13 14 18
33 34 33 37
14 26 16 26
30 38 38 38
17 23 20 23
20 13 20 20
8 20 12 20
15 1 23 1
20 8 20 11
4 10 9 10
16 38 17 38
4 30 6 30
37 28 38 28
20 6 23 6
7 38 16 38
14 7 14 10
1 5 5 5
15 20 20 20
40 12 40 16
21 18 21 22
14 22 21 22
35 5 36 5
12 31 13 31
12 37 13 37
13 30 14 30
18 5 19 5
16 40 23 40
23 1 23 6
13 31 13 33
38 39 40 39
26 37 26 39
7 6 12 6
5 20 5 28
14 23 17 23
4 7 14 7
13 22 14 22
5 3 7 3
18 12 18 13
16 26 16 33
31 30 32 30
18 33 18 35
4 14 8 14
35 30 37 30
30 1 30 7
32 26 32 30
26 32 26 37
16 33 16 38
34 37 40 37
16 11 16 16
16 5 18 5
28 38 28 40
8 14 8 20
35 7 35 9
14 10 14 13
29 15 29 18
13 30 13 31
36 4 37 4
33 7 33 10
35 3 35 5
7 20 7 27
8 29 10 29
6 35 6 38
13 19 13 22
38 31 38 34
39 26 39 35
34 16 35 16
1 7 1 11
22 13 24 13
22 13 22 16
8 25 8 29
20 5 20 6
35 28 35 29
3 7 4 7
13 1 13 5
32 16 34 16
35 5 35 7
4 30 4 40
18 13 18 18
7 27 7 29
17 38 19 38
20 8 23 8
12 10 12 17
1 11 1 27
35 9 35 16
12 21 12 28
24 32 24 38
35 9 37 9
1 6 7 6
24 32 26 32
37 9 38 9
7 1 8 1
13 1 15 1
32 30 35 30
4 27 4 30
34 35 34 37
34 35 39 35
40 12 41 12
24 13 28 13
13 33 13 37
31 14 31 16
4 26 4 27
7 29 8 29
21 12 26 12
38 38 38 39
20 13 22 13
36 5 39 5
32 14 33 14
38 9 38 28
27 26 32 26
26 31 26 32
34 5 34 12
35 28 37 28
12 17 12 20
29 18 35 18
7 15 7 20
31 30 31 34
16 9 16 11
14 18 18 18
1 27 4 27
23 6 23 8
25 8 25 11
6 38 7 38
32 24 33 24
8 1 13 1
25 11 28 11
38 28 38 31
4 14 4 26
4 40 16 40
5 20 7 20
24 28 24 32
10 31 10 35
13 22 13 30
34 22 34 28
33 10 33 14
3 40 4 40
1 6 1 7
18 12 21 12
33 6 33 7
