319
20 11 20 12
21 6 21 5
17 3 17 4
17 6 17 5
9 22 9 23
21 12 21 11
1 30 1 29
16 14 17 14
7 1 7 2
18 17 18 18
29 11 29 10
3 17 4 17
29 12 28 12
27 5 27 4
28 9 28 10
18 10 17 10
17 8 17 7
25 26 25 25
29 14 30 14
13 11 14 11
18 3 18 2
16 10 16 9
15 9 15 10
15 10 15 11
28 16 29 16
2 12 2 13
9 17 9 18
23 3 23 2
15 17 15 18
21 21 21 22
16 6 15 6
6 11 7 11
9 21 10 21
26 11 25 11
15 5 14 5
24 1 25 1
6 19 7 19
19 29 20 29
23 18 22 18
13 9 13 10
10 10 9 10
24 20 23 20
31 28 31 29
11 22 12 22
22 18 22 17
21 29 22 29
24 4 25 4
10 21 11 21
21 30 21 29
21 31 22 31
6 12 6 11
11 4 11 5
2 26 3 26
26 16 26 15
17 12 18 12
23 19 23 18
13 1 13 2
4 1 3 1
21 11 20 11
28 5 29 5
7 11 7 12
17 16 18 16
4 29 4 30
9 30 9 31
13 6 13 7
30 27 29 27
8 12 8 13
2 2 3 2
25 28 25 27
26 3 25 3
24 17 23 17
9 1 8 1
5 21 5 20
13 2 14 2
26 12 25 12
19 21 18 21
25 16 26 16
15 6 15 5
9 23 10 23
10 22 11 22
8 22 8 21
18 9 18 10
19 19 20 19
25 3 24 3
30 11 29 11
12 25 11 25
10 12 10 13
23 20 23 19
27 16 28 16
27 15 27 16
7 19 7 20
31 27 30 27
21 18 21 19
11 19 10 19
27 17 28 17
12 6 13 6
15 4 14 4
11 26 11 27
17 15 18 15
14 2 14 3
19 17 18 17
22 14 21 14
24 23 24 24
31 22 31 23
2 27 3 27
21 10 22 10
21 14 21 13
24 30 24 29
24 24 24 25
18 17 17 17
22 13 22 14
28 15 28 14
23 16 23 15
15 3 15 4
24 27 24 26
7 8 7 9
17 9 17 8
30 13 31 13
20 0 20 1
3 12 3 11
7 2 6 2
27 21 28 21
8 1 7 1
4 22 5 22
8 25 7 25
30 15 29 15
21 15 20 15
13 8 13 9
16 5 16 6
1 25 0 25
7 5 7 4
19 1 19 0
1 17 2 17
31 21 31 20
23 27 23 28
29 27 29 26
25 18 25 19
1 15 1 16
7 28 6 28
30 14 31 14
25 17 24 17
27 27 28 27
6 8 6 9
27 24 28 24
25 7 24 7
1 22 0 22
31 16 31 15
9 9 10 9
23 30 23 29
7 22 8 22
2 5 1 5
31 0 31 1
24 12 23 12
1 13 0 13
31 23 30 23
25 11 25 10
26 6 26 7
13 12 13 11
5 28 4 28
22 7 23 7
6 30 6 29
25 23 24 23
2 1 2 2
22 5 23 5
31 10 31 11
19 22 19 21
31 15 30 15
8 6 7 6
14 26 13 26
24 19 24 20
10 26 11 26
27 13 26 13
1 1 0 1
31 9 31 10
4 7 5 7
26 24 27 24
24 13 24 12
1 14 1 15
5 29 5 28
30 9 31 9
30 12 30 11
21 0 21 1
24 15 24 16
28 27 28 28
7 4 7 3
28 31 27 31
0 22 0 21
0 7 0 6
6 31 7 31
13 25 14 25
30 21 29 21
17 26 17 27
30 16 31 16
25 12 25 11
21 17 21 18
27 28 27 27
25 8 26 8
6 2 5 2
16 23 15 23
26 15 25 15
3 22 4 22
3 18 3 17
1 11 1 12
29 9 30 9
12 20 13 20
0 31 1 31
16 26 17 26
29 28 29 29
28 24 28 23
28 28 28 29
13 22 14 22
14 28 14 29
3 9 2 9
22 2 21 2
18 12 19 12
27 4 27 3
17 14 17 13
24 28 25 28
1 27 0 27
5 22 5 23
14 31 15 31
31 29 30 29
13 15 12 15
11 26 12 26
13 18 12 18
3 26 4 26
18 18 17 18
0 25 0 24
28 8 27 8
26 7 25 7
13 3 13 2
4 8 5 8
15 11 15 12
19 3 18 3
23 9 23 10
27 27 28 27
29 17 29 18
11 2 12 2
22 6 22 7
13 2 13 1
5 8 4 8
29 0 30 0
15 31 14 31
12 2 11 2
20 20 21 20
1 26 0 26
5 5 5 6
28 14 28 13
27 3 26 3
13 16 13 15
26 23 26 24
23 2 23 1
8 28 7 28
16 13 16 14
18 28 18 27
16 25 16 24
18 2 19 2
11 23 12 23
21 22 20 22
2 22 3 22
9 29 9 30
2 28 2 27
9 31 10 31
4 17 4 16
2 25 2 26
10 1 11 1
28 13 28 14
0 12 0 11
19 14 18 14
30 6 31 6
2 29 3 29
4 19 3 19
29 22 28 22
19 4 20 4
16 9 17 9
0 14 1 14
20 4 19 4
26 3 26 4
2 20 2 19
12 21 13 21
28 12 27 12
2 4 3 4
14 12 13 12
14 18 14 19
2 7 1 7
10 9 10 10
4 9 3 9
21 5 21 4
24 6 25 6
26 24 26 23
2 8 3 8
22 21 21 21
23 26 23 25
0 11 0 12
6 4 5 4
23 25 23 26
0 24 0 25
4 5 4 4
18 13 18 12
6 5 6 4
18 4 18 5
30 15 30 14
29 23 29 24
28 19 28 20
22 0 23 0
28 29 27 29
19 0 20 0
11 20 11 19
16 20 17 20
25 6 26 6
9 16 8 16
21 4 20 4
15 30 15 29
9 28 9 29
20 17 19 17
16 18 16 19
8 8 8 7
15 15 15 16
30 4 31 4
181
25 10 25 11
3 27 3 28
25 28 30 28
11 5 12 5
9 30 12 30
7 17 7 20
7 3 7 6
0 21 0 25
16 6 18 6
26 9 30 9
4 26 9 26
14 3 14 4
7 9 8 9
26 16 27 16
13 6 16 6
23 18 24 18
22 7 22 9
22 30 22 31
10 11 13 11
12 5 14 5
22 19 23 19
27 22 27 24
13 7 13 9
19 7 22 7
17 9 19 9
8 18 9 18
14 1 20 1
30 11 30 14
29 11 29 13
10 27 11 27
2 19 2 21
3 17 7 17
23 15 25 15
23 0 24 0
23 14 23 15
21 18 23 18
19 6 19 7
19 9 19 10
4 22 4 26
17 10 17 13
2 19 3 19
7 20 7 25
20 27 20 28
11 22 11 24
2 2 3 2
5 3 7 3
27 22 28 22
21 13 21 18
16 22 16 24
29 15 29 16
9 13 10 13
13 9 14 9
11 24 12 24
2 21 4 21
2 17 2 19
23 19 23 22
19 9 20 9
14 10 17 10
16 6 16 7
4 22 6 22
7 12 9 12
4 30 7 30
10 23 10 27
17 13 17 17
0 30 4 30
1 4 1 5
26 29 26 30
26 10 26 13
25 29 25 30
12 22 14 22
30 10 31 10
0 21 2 21
19 18 21 18
4 21 4 22
7 9 7 10
22 9 22 10
0 15 1 15
12 26 12 30
24 5 29 5
27 16 27 22
30 20 31 20
23 13 26 13
29 5 29 6
6 22 6 24
10 8 10 10
10 10 10 11
10 13 13 13
0 13 2 13
0 4 1 4
14 19 14 22
10 17 10 19
7 17 10 17
29 31 30 31
11 5 11 6
5 20 7 20
19 6 26 6
19 18 19 21
2 13 6 13
13 10 13 11
3 1 7 1
25 25 27 25
26 6 26 8
14 24 16 24
22 30 25 30
11 9 13 9
30 14 30 20
11 8 11 9
3 14 3 15
20 29 21 29
23 15 23 17
31 26 31 30
3 0 3 1
14 17 17 17
0 1 0 4
30 10 30 11
4 26 4 28
16 22 20 22
24 3 24 5
28 22 30 22
25 15 25 19
6 9 7 9
30 9 30 10
4 28 4 30
12 24 12 26
7 30 9 30
0 13 0 15
10 13 10 17
18 6 19 6
16 24 16 31
21 9 21 13
25 28 25 29
25 19 25 25
9 12 9 13
24 0 24 3
14 3 18 3
25 25 25 27
11 22 12 22
7 6 11 6
10 19 10 23
14 4 14 5
31 20 31 26
26 8 27 8
26 30 31 30
7 1 7 3
6 15 6 16
25 27 28 27
9 18 9 26
14 22 14 24
20 28 20 29
25 15 29 15
23 10 25 10
11 1 13 1
13 1 14 1
20 22 23 22
21 13 23 13
25 30 26 30
14 17 14 19
14 9 17 9
13 7 14 7
6 13 6 15
3 28 4 28
7 6 7 9
18 3 24 3
20 9 21 9
29 6 31 6
0 1 3 1
29 13 29 15
18 6 18 8
2 13 2 17
3 15 5 15
1 12 7 12
28 27 30 27
26 9 26 10
30 20 30 22
7 10 7 12
23 19 25 19
13 10 14 10
3 15 3 17
22 10 23 10
20 27 25 27
11 6 11 8
