108
25 20 24 20
3 9 3 10
20 15 20 16
33 10 32 10
9 1 9 0
31 30 32 30
31 5 31 4
16 29 16 28
19 8 19 9
11 34 11 33
1 26 0 26
0 6 0 7
9 6 10 6
0 33 0 32
20 20 20 21
31 8 31 9
4 15 3 15
5 22 6 22
34 17 33 17
33 14 33 13
6 15 7 15
33 29 34 29
28 13 28 12
25 30 25 29
1 14 0 14
17 24 16 24
16 8 15 8
0 18 1 18
32 21 31 21
0 29 1 29
19 7 19 8
23 24 22 24
30 30 30 29
9 33 9 32
0 3 1 3
6 26 7 26
15 6 14 6
9 5 9 4
19 16 18 16
17 32 17 33
3 6 4 6
27 22 27 21
5 32 6 32
28 15 28 14
15 4 16 4
33 21 33 20
19 9 18 9
23 11 22 11
2 11 1 11
10 12 9 12
0 7 1 7
7 0 7 1
0 21 1 21
34 8 33 8
8 1 9 1
16 3 15 3
29 20 29 21
4 6 4 5
1 5 2 5
27 21 26 21
28 19 29 19
13 16 13 15
33 20 32 20
28 12 29 12
34 12 33 12
14 28 14 29
9 1 9 2
26 28 26 29
21 4 21 5
28 14 27 14
8 0 8 1
14 30 15 30
27 6 26 6
29 22 30 22
5 2 6 2
5 15 4 15
32 10 32 11
14 14 15 14
22 11 21 11
3 10 3 11
25 1 24 1
9 10 9 11
24 20 24 21
22 10 22 11
29 24 29 25
10 8 10 9
18 31 18 32
28 7 28 6
23 12 23 13
27 2 27 1
21 6 22 6
8 33 9 33
8 8 9 8
26 29 26 30
26 3 26 4
32 2 32 3
23 22 24 22
13 28 12 28
26 9 26 10
17 7 16 7
22 23 22 22
10 6 10 5
1 2 1 1
23 28 24 28
34 31 34 30
22 28 22 27
19 27 19 28
7 4 8 4
192
8 1 8 2
33 12 33 13
15 12 15 14
31 24 31 25
25 14 27 14
21 21 22 21
19 8 19 10
1 29 2 29
23 18 23 29
31 4 33 4
22 22 22 24
21 5 21 11
6 16 11 16
18 32 21 32
6 1 6 2
18 29 22 29
20 21 21 21
9 4 9 8
19 15 21 15
9 0 9 2
13 5 13 12
4 31 5 31
4 5 4 7
1 10 5 10
6 2 8 2
13 12 15 12
26 2 26 4
7 11 7 15
6 6 6 16
29 10 29 11
26 6 26 10
26 10 29 10
9 8 9 11
24 5 24 6
24 6 25 6
16 28 18 28
24 21 24 22
1 29 1 31
10 5 13 5
11 16 11 18
7 5 7 11
19 20 19 23
8 11 9 11
34 4 34 6
30 20 32 20
25 26 25 29
15 8 19 8
21 11 22 11
24 21 26 21
5 0 9 0
23 30 26 30
34 13 34 29
23 4 23 5
7 21 7 26
5 10 5 13
32 20 32 30
31 25 31 26
32 9 32 11
26 1 26 2
11 18 11 20
23 4 26 4
16 7 20 7
18 1 18 2
32 30 32 31
25 29 27 29
32 30 34 30
10 5 10 9
0 24 4 24
11 20 19 20
29 12 29 19
30 12 33 12
16 24 16 26
24 22 24 24
4 5 7 5
26 21 29 21
2 1 6 1
1 3 1 4
26 4 31 4
12 28 15 28
2 5 4 5
26 30 27 30
27 30 32 30
33 4 33 8
6 34 34 34
15 8 15 12
11 22 12 22
1 11 1 18
22 8 24 8
20 18 20 21
22 6 24 6
24 8 24 11
33 1 33 4
5 16 6 16
0 32 6 32
16 5 16 7
12 12 13 12
28 8 33 8
23 29 25 29
0 5 2 5
15 1 18 1
23 30 23 33
22 29 23 29
21 5 23 5
18 29 18 32
16 15 18 15
9 2 13 2
6 28 12 28
9 4 10 4
1 11 3 11
15 28 16 28
12 25 12 28
11 21 13 21
0 26 0 32
15 1 15 3
29 31 32 31
0 14 0 24
16 24 22 24
22 8 22 11
24 1 26 1
6 28 6 32
0 5 0 14
12 0 22 0
22 21 22 22
6 22 6 28
27 24 30 24
13 13 13 15
9 2 9 4
19 15 19 20
15 28 15 30
23 15 23 16
2 1 2 5
9 0 12 0
30 22 30 24
25 6 26 6
29 12 30 12
16 26 16 28
3 11 3 15
14 26 16 26
29 19 29 21
26 17 26 21
9 11 9 12
16 5 21 5
26 10 26 13
33 8 33 12
24 0 24 1
1 31 4 31
30 20 30 22
27 11 29 11
25 26 26 26
7 15 13 15
9 32 18 32
34 30 34 34
15 3 15 8
15 14 25 14
1 10 1 11
11 12 12 12
33 13 34 13
29 31 29 32
0 24 0 26
27 27 27 29
5 16 5 30
8 4 9 4
23 16 23 18
22 0 24 0
17 4 23 4
7 21 11 21
11 20 11 21
6 20 6 22
21 15 23 15
30 24 31 24
6 32 6 34
11 16 14 16
18 15 19 15
27 1 28 1
12 22 12 25
1 1 1 3
27 29 30 29
10 20 11 20
20 33 23 33
29 11 32 11
11 9 11 12
5 13 5 16
23 10 23 13
26 21 26 26
26 26 29 26
13 12 13 13
4 4 4 5
23 13 26 13
22 27 22 29
27 11 27 14
5 30 5 31
11 1 15 1
