212
0 7 1 7
11 37 12 37
5 34 6 34
23 35 23 34
31 34 30 34
1 20 0 20
28 36 28 35
0 18 1 18
10 23 11 23
33 26 34 26
7 20 8 20
6 35 6 36
10 5 10 4
9 16 8 16
11 14 12 14
14 1 14 2
20 14 20 13
24 2 24 3
23 37 23 36
1 14 0 14
33 9 34 9
12 1 12 2
24 33 24 32
20 11 20 10
24 25 23 25
1 17 2 17
35 35 36 35
4 32 5 32
3 5 2 5
33 15 32 15
6 20 7 20
15 28 16 28
16 9 15 9
34 1 34 2
12 2 12 3
25 31 26 31
7 7 8 7
7 25 7 24
8 24 8 23
36 35 37 35
22 17 21 17
10 24 11 24
0 21 1 21
2 20 3 20
33 3 33 2
16 8 16 7
2 31 2 32
6 27 6 26
24 26 25 26
6 26 6 25
3 4 3 5
2 15 1 15
32 33 31 33
19 36 18 36
36 34 36 35
1 4 0 4
24 22 24 23
17 10 16 10
32 30 33 30
10 33 11 33
1 6 0 6
26 26 26 27
8 23 7 23
10 29 11 29
36 2 36 3
34 3 33 3
27 28 28 28
36 13 37 13
34 10 33 10
21 0 21 1
16 15 16 16
23 11 23 12
35 11 35 12
23 21 23 20
20 5 20 4
22 24 22 23
23 2 23 3
33 12 33 13
27 4 27 3
5 5 6 5
23 17 22 17
31 33 31 34
28 3 28 4
31 34 31 35
6 5 7 5
0 30 0 31
6 14 7 14
5 14 6 14
16 7 17 7
1 2 1 3
11 18 10 18
16 28 16 29
24 1 25 1
31 30 31 29
25 22 25 23
35 1 36 1
27 3 27 2
12 36 11 36
29 25 29 26
21 35 21 36
23 31 24 31
2 34 2 33
16 10 16 11
3 11 3 10
26 36 26 35
19 6 18 6
30 22 29 22
5 32 6 32
7 20 7 21
12 14 13 14
9 5 9 4
3 28 3 27
29 1 29 2
21 34 21 33
10 12 10 13
22 3 22 4
27 0 27 1
6 8 6 9
30 12 30 13
26 13 27 13
19 1 19 0
2 32 1 32
6 36 6 37
17 27 16 27
30 13 30 14
6 32 6 33
23 36 23 35
5 4 5 3
12 7 12 6
15 32 15 33
34 30 35 30
7 8 8 8
26 9 26 10
26 10 26 11
35 27 35 28
23 1 24 1
28 34 29 34
31 9 30 9
16 35 16 34
6 7 6 6
3 36 3 37
26 7 25 7
19 17 20 17
35 2 35 1
36 14 36 13
17 22 17 21
21 30 21 31
2 5 1 5
25 17 26 17
17 8 17 9
28 4 27 4
24 17 23 17
6 6 6 5
24 37 23 37
4 18 4 19
25 18 25 19
23 22 24 22
32 15 31 15
19 7 19 6
28 15 29 15
30 9 30 8
3 3 4 3
7 6 8 6
31 24 31 25
16 3 16 2
37 5 36 5
19 28 19 29
24 21 24 20
9 35 9 34
10 10 9 10
19 24 19 25
25 30 25 31
2 23 2 24
29 24 29 25
11 8 10 8
14 16 14 17
4 11 5 11
20 35 20 36
37 35 37 34
30 14 31 14
4 27 4 28
25 1 25 2
2 30 2 31
18 34 19 34
35 5 35 4
10 35 10 34
10 18 10 17
29 12 29 13
11 21 12 21
12 23 12 22
14 21 14 20
0 0 1 0
25 31 25 32
35 1 34 1
24 11 23 11
33 32 33 33
1 18 1 17
30 28 29 28
26 32 26 33
25 9 25 8
7 18 8 18
27 1 26 1
17 30 18 30
23 37 23 36
2 36 1 36
31 0 32 0
24 31 23 31
15 9 15 10
26 33 27 33
13 7 13 8
7 9 7 10
31 27 31 26
186
34 12 35 12
27 13 29 13
30 26 30 30
25 19 29 19
11 24 14 24
37 32 37 34
28 1 34 1
9 2 14 2
7 23 7 24
22 4 24 4
13 16 16 16
34 1 36 1
33 28 35 28
16 29 17 29
27 4 31 4
22 17 23 17
3 10 4 10
13 10 13 14
31 14 31 15
23 0 23 3
8 7 8 8
9 32 10 32
29 26 30 26
1 3 1 5
11 33 15 33
16 16 25 16
29 15 31 15
31 4 31 6
7 2 7 5
23 24 23 25
20 24 20 27
26 35 28 35
29 11 29 13
18 36 18 37
25 13 27 13
11 29 16 29
20 13 25 13
10 11 10 13
11 23 11 24
20 4 22 4
9 10 9 12
2 22 2 24
0 34 6 34
18 35 18 36
11 16 13 16
28 35 31 35
1 21 7 21
25 16 25 19
33 30 33 33
8 20 8 25
14 37 16 37
33 28 33 30
2 24 7 24
16 6 16 11
11 13 11 16
32 3 32 4
30 30 33 30
1 3 4 3
22 17 22 21
33 13 33 20
1 32 9 32
28 28 28 32
6 25 8 25
18 5 18 6
24 3 32 3
4 2 4 3
17 36 18 36
3 20 8 20
7 21 7 23
9 17 9 18
3 10 3 20
25 23 28 23
24 23 25 23
36 0 36 1
9 12 9 15
23 3 24 3
19 33 21 33
8 8 8 9
22 2 22 4
36 12 36 13
1 5 1 7
25 21 25 23
6 37 9 37
30 30 30 34
31 12 34 12
23 11 26 11
10 13 11 13
16 27 16 29
10 32 10 34
0 31 0 34
14 24 20 24
12 35 18 35
16 27 20 27
16 6 18 6
6 12 6 14
6 12 9 12
15 1 15 4
12 5 18 5
16 11 16 16
14 36 17 36
24 4 27 4
34 2 37 2
7 2 9 2
4 10 7 10
9 15 9 17
18 35 23 35
32 7 32 8
10 26 10 32
21 11 23 11
33 30 35 30
5 1 10 1
21 33 25 33
32 8 32 11
7 5 7 10
35 12 36 12
29 25 29 26
1 7 1 13
9 17 10 17
10 0 10 1
10 26 15 26
28 32 29 32
6 33 6 34
1 17 1 21
25 23 25 26
3 5 6 5
7 5 12 5
30 19 30 26
6 5 7 5
28 0 28 1
34 9 34 12
11 29 11 33
23 35 26 35
25 32 25 33
8 15 9 15
12 5 12 6
32 3 33 3
10 1 15 1
19 0 23 0
6 25 6 28
15 10 15 11
20 24 23 24
17 29 18 29
29 13 33 13
11 16 11 23
30 34 37 34
16 11 21 11
18 29 18 30
33 22 33 28
10 17 10 26
12 35 12 37
25 26 29 26
13 8 13 10
6 34 6 37
9 37 12 37
14 25 15 25
22 21 25 21
31 35 36 35
32 4 32 7
23 0 28 0
1 21 1 32
27 4 27 8
25 26 25 32
1 13 1 15
8 7 11 7
1 0 3 0
1 15 1 17
18 30 18 35
29 15 29 19
4 10 4 19
5 1 5 3
15 4 20 4
20 23 20 24
9 10 13 10
4 3 5 3
33 20 33 22
35 26 35 28
27 8 27 13
31 6 31 12
34 2 34 9
28 32 28 35
15 7 15 10
36 5 36 8
14 24 14 25
31 15 31 25
11 7 15 7
13 10 15 10
