37
6 10 5 10
5 12 6 12
22 6 21 6
7 19 8 19
7 17 7 18
4 8 4 9
10 4 10 3
0 22 0 23
14 5 15 5
17 1 18 1
7 12 7 11
2 19 2 18
1 8 2 8
2 22 2 21
18 19 18 18
16 13 16 12
4 14 4 13
8 3 8 4
7 3 7 4
9 4 10 4
8 21 8 22
16 22 16 21
6 7 7 7
19 8 18 8
20 10 20 11
21 4 21 3
12 9 12 10
15 14 14 14
6 1 7 1
17 10 16 10
19 21 20 21
5 14 5 13
19 14 19 15
12 16 12 17
19 16 19 17
5 8 4 8
21 1 21 0
163
16 7 16 8
16 21 20 21
21 6 21 9
14 19 16 19
6 12 6 13
15 8 16 8
9 12 9 14
4 9 4 10
5 16 6 16
5 5 5 7
14 19 14 20
1 16 1 18
9 10 11 10
0 5 0 6
0 1 2 1
18 0 21 0
9 14 9 17
10 16 10 18
4 9 5 9
10 20 10 22
7 4 8 4
12 1 15 1
1 5 2 5
21 0 21 3
10 4 10 6
6 16 6 18
0 1 0 2
4 22 5 22
8 22 8 23
5 3 6 3
12 21 12 22
23 9 23 11
2 14 3 14
2 7 2 8
15 12 16 12
11 13 11 14
11 3 11 7
5 7 5 9
7 18 7 20
6 18 6 19
12 17 14 17
0 19 0 20
20 11 23 11
21 9 23 9
8 4 10 4
15 17 18 17
18 13 18 15
7 7 7 11
3 8 4 8
18 17 19 17
3 18 3 20
18 17 18 18
0 18 1 18
8 2 10 2
12 12 13 12
10 18 10 19
20 14 20 17
11 14 14 14
10 19 14 19
3 20 6 20
0 5 1 5
13 12 15 12
20 19 20 21
0 2 4 2
20 17 22 17
6 9 6 12
12 6 12 7
16 19 16 21
0 6 0 7
1 3 3 3
23 3 23 9
3 5 3 6
21 3 23 3
15 1 18 1
10 2 10 3
18 12 19 12
1 18 1 22
12 21 15 21
11 14 11 16
6 12 9 12
8 15 8 17
17 16 18 16
18 0 18 1
11 7 12 7
10 16 11 16
2 14 2 15
0 18 0 19
15 1 15 5
6 6 6 8
2 8 2 12
4 16 5 16
9 18 9 21
11 22 12 22
20 17 20 19
17 7 17 16
6 18 7 18
20 11 20 14
22 23 23 23
12 7 12 10
12 6 21 6
3 14 9 14
3 8 3 13
20 7 20 8
15 12 15 17
0 23 8 23
5 2 5 3
4 2 5 2
4 13 5 13
10 18 13 18
6 20 6 22
9 18 10 18
19 11 20 11
1 22 4 22
10 13 10 14
0 16 1 16
0 21 0 23
10 20 11 20
1 16 3 16
2 8 3 8
1 5 1 16
22 19 22 23
3 14 3 16
8 22 10 22
2 18 3 18
3 6 3 8
19 15 19 17
18 15 19 15
4 2 4 8
15 10 15 11
6 3 10 3
10 19 10 20
6 8 6 9
16 10 16 12
10 13 11 13
3 3 3 5
19 11 19 12
9 12 12 12
3 13 4 13
5 9 6 9
16 18 18 18
22 17 22 19
8 17 8 19
3 16 4 16
10 3 11 3
6 0 6 3
10 11 15 11
0 17 0 18
7 7 11 7
2 18 2 21
18 8 20 8
19 12 19 13
9 10 9 12
8 19 8 22
5 10 5 13
4 11 4 13
12 10 15 10
6 22 8 22
5 3 5 4
17 7 20 7
14 17 15 17
18 8 18 12
16 8 16 10
6 6 10 6
