121
1 14 1 13
9 7 10 7
9 3 9 2
13 7 12 7
1 4 2 4
15 17 16 17
1 15 1 14
12 6 12 5
0 9 1 9
4 2 3 2
1 9 1 8
14 9 15 9
3 10 4 10
6 6 6 5
10 3 9 3
5 6 6 6
9 16 9 15
10 16 9 16
9 13 8 13
18 2 17 2
4 0 5 0
17 16 17 15
8 11 7 11
1 18 0 18
1 1 0 1
4 3 4 2
0 10 0 9
16 1 16 0
4 4 4 3
1 17 1 18
3 4 4 4
2 7 2 8
18 5 18 4
8 3 8 2
17 4 16 4
5 14 4 14
2 17 1 17
3 7 2 7
18 3 17 3
1 10 1 9
2 4 3 4
11 6 12 6
15 7 15 8
16 7 15 7
14 10 14 9
13 10 14 10
13 11 13 10
14 11 13 11
7 11 7 12
5 5 5 6
13 6 13 7
5 13 5 14
11 7 11 6
5 4 5 5
15 11 14 11
16 11 15 11
0 11 0 10
10 4 10 3
2 1 1 1
15 1 16 1
1 16 1 15
13 5 13 6
12 5 13 5
6 2 7 2
14 14 14 15
6 4 5 4
17 7 16 7
0 10 1 10
7 16 7 15
10 5 10 4
4 2 4 1
4 13 5 13
11 8 11 7
13 2 12 2
18 4 18 3
6 16 7 16
8 13 7 13
14 1 15 1
9 12 9 13
5 2 4 2
6 11 6 10
4 14 4 13
13 1 14 1
9 11 10 11
5 16 6 16
5 17 5 16
10 12 9 12
5 18 5 17
10 8 11 8
11 16 10 16
4 15 4 14
13 12 12 12
18 3 18 2
17 5 18 5
2 5 2 4
1 11 0 11
14 13 13 13
10 9 10 8
11 9 10 9
12 1 13 1
4 10 5 10
5 0 5 1
11 12 10 12
16 13 16 12
11 10 11 9
9 1 10 1
14 12 13 12
15 12 14 12
8 4 8 3
5 9 4 9
4 9 5 9
8 5 8 4
5 1 5 2
6 0 6 1
18 16 17 16
18 15 18 16
16 14 16 13
18 16 18 15
16 15 16 14
17 16 18 16
15 16 15 17
179
3 0 3 1
16 8 17 8
5 10 5 11
1 1 1 2
7 7 7 8
0 3 1 3
16 8 16 9
7 6 8 6
13 18 14 18
16 9 16 10
10 10 12 10
16 12 16 13
4 12 4 13
9 13 9 14
7 8 8 8
5 15 5 16
6 3 8 3
17 2 18 2
12 11 13 11
15 2 15 3
8 3 9 3
8 1 8 2
9 3 10 3
6 14 7 14
2 15 2 16
6 7 7 7
11 5 11 6
2 3 3 3
2 15 3 15
5 11 5 12
0 11 2 11
17 3 17 6
5 7 5 8
13 10 14 10
14 12 14 15
4 16 4 17
17 0 17 2
1 7 1 8
15 17 15 18
14 18 15 18
13 6 14 6
13 0 14 0
15 7 16 7
4 8 5 8
6 5 6 6
11 15 11 17
15 7 15 8
16 10 16 12
8 14 9 14
16 13 16 14
9 5 11 5
15 4 15 5
7 13 7 14
15 14 15 15
12 15 13 15
3 9 5 9
0 16 2 16
4 13 4 14
3 6 3 9
9 8 9 9
15 10 16 10
15 14 16 14
1 5 3 5
8 8 9 8
13 4 13 5
0 16 0 17
15 1 15 2
3 4 4 4
3 3 3 4
3 17 4 17
15 15 15 17
17 17 18 17
13 1 13 3
1 8 2 8
13 8 14 8
9 14 9 15
13 11 14 11
17 6 17 8
3 18 4 18
10 12 10 13
5 6 5 7
15 8 15 9
4 17 5 17
4 6 5 6
14 6 14 7
1 5 1 6
6 14 6 15
3 1 4 1
10 9 10 10
10 11 10 12
11 0 12 0
15 15 17 15
4 4 5 4
2 18 3 18
1 3 1 5
5 2 5 3
13 17 13 18
14 8 15 8
7 10 8 10
5 15 6 15
5 3 5 4
0 2 1 2
9 15 11 15
12 6 13 6
11 8 11 9
0 9 0 11
8 6 8 7
12 10 13 10
16 6 17 6
11 8 12 8
1 1 3 1
18 10 18 11
3 1 3 2
3 15 5 15
11 1 13 1
14 1 15 1
2 11 3 11
14 7 14 8
8 18 9 18
8 17 8 18
13 15 14 15
3 14 3 15
6 6 7 6
6 1 6 3
8 0 8 1
12 3 12 6
11 0 11 1
12 18 13 18
0 8 0 9
15 5 15 6
13 9 14 9
6 3 6 5
12 9 12 10
8 12 8 14
9 9 10 9
18 11 18 12
2 16 2 18
10 10 10 11
3 5 3 6
14 9 15 9
12 8 13 8
0 12 0 13
8 1 10 1
2 11 2 12
14 11 14 12
4 12 5 12
7 9 7 10
9 18 10 18
4 4 4 6
4 18 6 18
8 9 9 9
2 2 2 3
15 2 17 2
3 12 3 14
10 1 11 1
11 3 12 3
0 13 1 13
3 9 3 11
6 9 7 9
11 4 11 5
9 5 9 6
9 13 10 13
8 2 9 2
15 3 15 4
5 7 6 7
3 11 3 12
14 6 15 6
14 0 14 1
9 6 9 8
13 4 14 4
10 3 11 3
13 3 13 4
5 9 6 9
1 2 1 3
4 1 6 1
14 10 15 10
16 12 18 12
5 11 10 11
0 11 0 12
