325
20 1 19 1
14 20 14 21
13 8 13 9
6 11 6 10
6 19 6 18
7 16 7 15
16 1 15 1
4 1 3 1
23 24 23 25
23 14 24 14
18 18 18 19
3 16 3 15
12 17 12 18
2 19 2 18
16 0 16 1
7 19 6 19
19 9 18 9
10 16 9 16
9 19 10 19
22 24 23 24
23 13 23 14
23 12 22 12
20 6 19 6
17 2 17 3
4 24 3 24
10 17 10 16
15 6 15 7
17 18 18 18
8 12 9 12
11 23 11 24
16 7 16 8
7 3 7 2
5 21 5 22
15 10 14 10
18 11 18 12
21 15 21 16
14 24 15 24
22 14 22 15
12 16 12 17
17 11 17 10
12 3 13 3
6 16 7 16
2 11 1 11
17 12 17 11
22 8 22 7
7 11 7 10
10 20 9 20
7 20 7 19
17 17 16 17
7 12 7 11
10 21 10 20
20 7 20 6
14 19 14 18
1 5 1 6
21 10 21 11
8 24 8 25
22 17 23 17
17 6 17 5
10 23 11 23
23 7 24 7
19 11 20 11
2 24 1 24
19 14 18 14
19 12 19 11
10 22 10 21
10 18 10 17
3 11 2 11
0 23 0 22
13 16 12 16
7 13 7 12
5 20 5 21
7 24 8 24
20 18 19 18
23 2 23 1
14 1 14 0
7 15 7 14
7 10 8 10
21 9 21 10
14 10 14 11
12 23 12 24
4 7 5 7
25 6 25 5
6 20 7 20
14 23 14 24
7 11 7 10
4 23 4 24
16 17 15 17
20 12 21 12
16 16 16 17
2 10 1 10
24 5 24 6
25 12 25 13
19 7 20 7
23 8 22 8
17 5 16 5
10 2 10 1
18 21 19 21
2 20 2 19
22 0 22 1
4 20 5 20
4 14 4 13
20 11 20 12
14 25 13 25
12 15 13 15
1 22 2 22
11 25 10 25
8 20 8 21
24 10 24 9
16 10 16 11
24 11 24 10
20 0 20 1
25 11 25 12
14 9 14 10
14 22 15 22
18 17 17 17
7 12 8 12
7 14 7 13
7 16 7 15
6 4 6 5
15 7 16 7
13 9 14 9
5 16 6 16
17 11 18 11
10 25 10 24
15 19 14 19
6 1 6 0
2 12 2 13
3 23 4 23
10 11 9 11
10 20 11 20
24 8 23 8
7 6 8 6
22 8 21 8
20 10 20 11
16 19 15 19
22 7 23 7
8 1 8 0
23 14 22 14
0 5 1 5
10 21 10 20
0 4 0 5
19 6 19 7
2 18 3 18
2 23 2 24
16 7 17 7
19 0 20 0
11 3 12 3
1 23 1 22
2 19 2 18
22 19 23 19
22 20 22 19
3 19 2 19
11 4 11 3
19 5 19 6
7 1 6 1
12 12 13 12
12 16 12 15
2 11 2 10
19 7 18 7
17 10 17 11
19 1 19 0
0 15 1 15
9 12 9 13
13 3 13 4
7 23 7 24
20 17 20 16
10 4 11 4
0 24 0 23
2 0 2 1
19 6 19 7
5 23 5 24
11 7 12 7
18 6 19 6
13 1 13 0
5 22 5 23
6 5 6 6
20 19 21 19
10 24 10 23
11 15 10 15
19 21 19 20
10 23 10 22
13 22 14 22
2 16 3 16
17 23 18 23
25 8 24 8
10 7 11 7
1 4 0 4
17 19 17 18
12 3 13 3
19 23 19 22
11 23 12 23
8 11 7 11
4 6 3 6
5 11 4 11
25 10 25 11
1 5 1 4
24 2 25 2
11 8 12 8
1 15 1 14
24 15 23 15
0 7 0 6
2 25 3 25
3 7 4 7
7 2 7 1
7 4 6 4
3 24 3 23
21 17 20 17
8 4 7 4
10 8 11 8
9 16 9 17
19 10 19 9
18 5 18 6
13 23 13 22
8 18 9 18
1 12 2 12
4 21 4 20
19 22 18 22
8 25 9 25
0 13 0 14
24 4 24 3
17 15 18 15
1 7 0 7
0 25 0 24
4 10 5 10
4 5 4 6
23 4 24 4
17 4 17 5
10 12 9 12
23 3 23 2
1 8 1 7
20 21 19 21
18 12 17 12
12 2 12 1
21 0 22 0
2 24 3 24
21 1 21 0
12 17 13 17
10 22 10 21
6 1 6 2
22 3 23 3
7 5 7 6
18 16 17 16
3 2 2 2
17 16 17 15
9 15 8 15
17 24 17 23
1 13 0 13
1 16 2 16
24 16 24 15
8 5 8 4
18 20 18 21
6 24 6 25
1 9 1 8
12 15 11 15
14 7 15 7
11 5 11 6
16 23 16 22
2 6 2 5
20 20 20 19
18 15 18 16
8 15 8 16
10 5 11 5
0 9 1 9
7 4 7 5
3 6 2 6
4 2 4 1
12 7 12 6
11 3 12 3
25 16 24 16
10 16 9 16
13 21 12 21
11 24 11 25
0 23 1 23
18 19 17 19
21 20 20 20
21 21 20 21
9 23 10 23
10 0 9 0
1 25 2 25
7 15 7 14
17 25 17 24
15 17 14 17
1 3 1 2
5 1 6 1
0 10 0 9
9 25 8 25
8 8 8 9
18 21 17 21
10 15 9 15
14 24 14 25
12 11 12 12
16 8 15 8
4 9 4 10
1 4 1 3
22 25 22 24
4 8 4 9
25 25 25 24
0 11 0 10
15 7 14 7
8 25 9 25
15 16 16 16
1 23 2 23
1 24 1 23
17 24 18 24
0 16 0 15
16 24 17 24
19 20 19 19
11 22 10 22
0 10 0 11
12 24 11 24
11 15 10 15
15 14 14 14
12 4 12 5
11 16 11 15
21 19 21 20
11 25 10 25
23 25 22 25
12 22 11 22
18 25 17 25
13 24 14 24
24 14 23 14
1 3 1 4
0 9 0 10
8 7 8 8
11 0 10 0
175
13 7 13 10
23 11 25 11
18 11 19 11
2 23 3 23
8 12 8 13
1 9 1 10
3 5 3 8
18 10 18 11
20 5 20 6
8 23 10 23
6 13 7 13
22 18 22 19
0 14 1 14
12 3 12 5
20 7 20 8
14 10 18 10
1 1 2 1
3 18 4 18
2 12 2 13
7 13 7 14
21 3 23 3
12 0 12 1
23 5 25 5
3 13 4 13
15 19 17 19
22 9 23 9
19 18 21 18
20 21 20 22
18 23 20 23
12 14 13 14
12 1 12 3
4 16 6 16
3 25 5 25
4 10 4 11
10 21 12 21
9 18 12 18
22 15 23 15
18 14 18 16
17 20 20 20
1 11 4 11
4 11 7 11
18 23 18 24
20 20 20 21
22 6 23 6
2 13 3 13
6 15 6 16
19 7 20 7
22 19 22 21
1 1 1 2
7 1 7 5
16 16 18 16
7 0 7 1
13 7 14 7
0 24 3 24
3 24 3 25
17 5 20 5
1 10 1 11
10 1 10 3
23 3 23 5
20 1 20 2
15 18 15 19
22 21 22 24
18 10 21 10
0 5 2 5
3 1 3 5
17 14 18 14
6 16 8 16
17 3 18 3
13 17 14 17
23 15 24 15
11 6 12 6
17 1 17 3
9 20 10 20
23 6 24 6
25 14 25 17
20 15 22 15
4 13 4 16
8 16 8 19
20 12 21 12
12 1 15 1
17 19 17 20
10 0 12 0
4 23 5 23
10 3 10 6
22 6 22 9
7 20 7 21
22 2 23 2
4 16 4 18
15 3 16 3
21 2 21 3
14 9 14 10
6 15 9 15
23 9 23 10
20 8 21 8
2 5 3 5
10 20 10 21
10 23 12 23
25 5 25 11
14 18 15 18
20 21 22 21
1 14 1 17
3 20 4 20
21 12 21 13
9 13 10 13
22 15 22 18
21 16 21 18
3 14 3 15
14 17 14 18
9 15 10 15
12 10 13 10
13 15 13 17
4 20 4 23
3 23 4 23
18 13 18 14
17 1 20 1
12 23 12 25
22 1 22 2
24 13 24 15
1 11 1 14
23 2 25 2
15 1 15 3
23 11 23 14
6 22 6 23
0 22 0 24
3 5 5 5
19 0 20 0
9 14 9 15
17 5 17 7
9 18 9 20
1 2 1 4
13 6 13 7
17 3 17 5
20 22 20 23
21 8 21 10
14 7 17 7
6 23 8 23
25 13 25 14
12 12 12 14
10 6 10 13
9 13 9 14
16 1 17 1
18 18 19 18
24 17 25 17
15 23 17 23
21 22 21 23
18 16 18 18
5 20 7 20
24 17 24 18
20 1 22 1
13 14 13 15
10 14 11 14
11 14 12 14
12 23 15 23
23 14 23 15
12 14 12 18
10 6 11 6
19 11 19 15
7 20 9 20
19 15 20 15
3 18 3 20
21 6 22 6
5 5 7 5
7 11 7 13
20 6 21 6
8 13 9 13
3 16 4 16
1 20 3 20
9 1 10 1
7 1 9 1
23 17 24 17
5 23 6 23
8 2 8 3
17 19 19 19
3 8 6 8
12 6 13 6
