22
17 10 16 10
7 0 7 1
1 7 2 7
14 9 14 10
13 16 12 16
15 0 16 0
9 11 9 12
1 5 1 6
11 2 11 1
15 9 16 9
2 7 3 7
10 9 9 9
5 5 6 5
15 3 15 4
7 15 7 14
1 4 1 5
13 2 13 1
0 4 1 4
0 7 1 7
10 2 11 2
10 3 11 3
10 1 10 2
178
2 3 2 4
0 12 0 13
11 7 11 8
13 0 16 0
11 2 11 3
11 14 13 14
13 11 15 11
6 8 7 8
4 4 7 4
8 8 8 9
2 12 3 12
3 11 3 12
3 2 3 3
6 14 6 15
4 14 4 15
5 2 5 3
1 12 2 12
15 13 15 15
9 13 12 13
16 7 17 7
2 4 3 4
10 5 12 5
17 4 17 5
8 3 8 5
3 4 4 4
14 5 16 5
13 1 15 1
14 4 14 5
15 12 15 13
8 6 8 7
6 1 7 1
4 11 5 11
1 7 3 7
7 3 8 3
14 5 14 8
9 2 10 2
14 14 14 15
14 4 15 4
8 9 9 9
4 0 5 0
6 5 8 5
14 12 15 12
12 5 13 5
17 6 17 7
6 1 6 2
11 8 12 8
11 1 11 2
3 7 5 7
16 12 16 13
1 0 1 1
4 3 5 3
13 10 14 10
1 8 3 8
12 8 12 9
13 4 14 4
11 12 13 12
4 9 4 10
0 3 0 5
1 8 1 9
0 2 1 2
1 3 1 4
10 16 12 16
3 16 5 16
3 4 3 5
1 11 3 11
10 8 11 8
10 5 10 6
10 10 10 11
0 5 0 8
15 7 15 10
10 2 10 4
5 2 6 2
1 2 1 3
8 12 9 12
10 4 10 5
12 1 13 1
11 1 12 1
0 11 1 11
1 5 2 5
3 14 3 16
13 11 13 12
1 12 1 13
9 2 9 3
8 10 10 10
16 16 17 16
2 14 2 15
15 7 16 7
13 1 13 4
1 6 1 7
0 5 1 5
3 1 3 2
6 15 10 15
14 3 17 3
12 11 13 11
7 10 7 14
17 5 17 6
8 3 9 3
7 8 7 9
12 16 14 16
1 3 2 3
4 5 6 5
12 8 14 8
2 2 3 2
16 11 16 12
9 12 9 13
2 2 2 3
10 0 11 0
9 7 9 9
17 3 17 4
16 4 17 4
11 0 13 0
10 15 10 16
10 4 11 4
3 8 4 8
3 13 3 14
10 11 12 11
11 10 12 10
12 2 12 5
8 5 8 6
13 14 13 15
16 10 16 11
1 1 1 2
5 7 5 10
15 6 15 7
8 2 8 3
0 8 1 8
9 5 9 7
12 15 12 16
4 10 4 11
6 0 10 0
5 10 7 10
1 9 2 9
14 10 15 10
16 0 16 2
11 14 11 15
4 11 4 14
14 16 14 17
7 14 11 14
16 6 16 7
15 17 16 17
4 0 4 3
10 0 10 2
12 10 13 10
7 10 8 10
10 6 10 7
3 10 3 11
3 16 3 17
15 15 15 17
0 13 0 15
3 17 7 17
15 11 16 11
2 16 3 16
16 9 16 10
10 16 10 17
17 8 17 16
13 15 14 15
16 2 17 2
2 15 2 16
17 7 17 8
5 14 6 14
11 8 11 9
12 5 12 7
0 15 0 17
5 14 5 16
4 10 5 10
4 3 4 4
11 6 11 7
3 5 3 7
3 8 3 10
8 9 8 10
15 1 15 2
14 17 15 17
3 12 3 13
6 5 6 8
17 2 17 3
9 9 11 9
16 16 16 17
12 13 15 13
