311
13 16 13 17
8 30 9 30
17 29 18 29
31 27 30 27
9 5 8 5
22 30 21 30
20 23 21 23
2 21 3 21
4 6 4 5
23 15 23 16
29 30 30 30
6 13 6 14
27 8 28 8
17 10 17 9
5 16 5 17
12 3 11 3
15 23 14 23
5 28 6 28
16 18 16 19
11 28 11 29
0 22 1 22
7 12 7 13
8 7 8 6
26 2 25 2
28 18 28 19
1 16 1 17
8 6 7 6
15 4 16 4
23 1 23 0
27 30 27 29
6 30 7 30
11 5 11 6
13 4 12 4
8 25 8 24
0 31 1 31
5 17 6 17
14 30 13 30
20 25 19 25
28 6 27 6
10 29 10 30
6 15 7 15
14 16 13 16
12 2 12 3
16 10 17 10
18 0 19 0
8 12 9 12
25 9 25 10
4 29 4 30
15 22 15 23
25 14 26 14
25 26 24 26
7 29 8 29
11 2 12 2
2 7 2 6
27 21 27 22
1 18 0 18
19 6 20 6
24 1 24 2
30 20 31 20
22 31 22 30
28 5 28 6
29 6 30 6
29 5 29 4
22 30 22 29
9 15 8 15
5 31 6 31
30 27 30 28
8 31 8 30
15 23 15 24
6 8 7 8
12 31 11 31
27 14 27 15
12 25 13 25
26 10 27 10
31 5 31 6
28 16 28 17
6 6 6 7
29 18 28 18
17 25 18 25
10 25 10 24
25 20 26 20
7 13 8 13
1 15 1 16
4 13 4 12
30 4 31 4
17 28 17 27
12 13 11 13
25 10 26 10
1 21 2 21
4 11 4 10
26 16 26 15
12 1 12 0
8 29 8 28
21 24 22 24
17 26 18 26
22 17 23 17
14 0 14 1
27 6 27 5
23 0 24 0
7 23 6 23
1 31 1 30
16 14 17 14
4 5 3 5
18 12 19 12
13 27 14 27
26 20 26 19
15 17 16 17
9 4 9 5
14 25 14 26
29 15 29 14
13 17 14 17
16 19 17 19
17 24 16 24
27 13 26 13
21 14 20 14
8 19 9 19
2 31 3 31
27 3 26 3
27 12 28 12
25 17 25 16
8 1 9 1
2 15 1 15
9 3 9 2
25 15 25 14
15 25 16 25
21 30 21 29
26 15 25 15
9 18 9 17
12 10 13 10
9 23 9 22
10 20 9 20
29 23 29 22
16 15 16 14
24 20 25 20
18 9 18 8
21 29 21 28
30 0 31 0
6 31 6 30
15 21 15 22
26 14 26 15
28 30 28 29
5 18 5 17
20 14 19 14
28 6 29 6
6 21 6 22
21 10 21 9
24 2 23 2
23 14 23 15
3 1 4 1
6 2 5 2
22 16 22 17
5 2 4 2
1 4 1 3
17 2 17 1
9 25 9 26
19 16 19 15
12 3 13 3
1 20 0 20
28 13 27 13
31 24 31 25
9 8 10 8
4 4 3 4
7 3 8 3
11 16 10 16
15 22 15 23
23 27 23 26
21 2 20 2
20 8 21 8
27 13 27 14
20 24 20 23
30 24 30 25
6 10 7 10
9 10 10 10
19 10 18 10
26 12 25 12
23 6 23 7
15 3 15 4
28 25 28 26
5 0 4 0
11 9 11 10
21 25 22 25
16 22 17 22
31 4 31 3
11 3 11 2
30 5 29 5
8 16 7 16
5 9 5 8
0 23 0 22
5 7 4 7
15 14 15 13
25 29 25 30
3 15 2 15
7 6 7 5
26 6 25 6
13 3 13 4
22 19 22 20
5 27 5 26
11 6 12 6
6 1 6 2
28 17 27 17
1 11 0 11
7 15 6 15
25 22 24 22
6 22 6 21
7 11 7 12
8 18 7 18
15 8 15 7
8 5 8 6
26 21 27 21
16 6 16 7
23 4 24 4
1 15 0 15
19 19 18 19
18 24 17 24
6 20 6 19
7 31 8 31
23 7 24 7
26 19 26 20
21 9 22 9
14 14 13 14
17 22 17 21
21 1 21 2
11 20 12 20
22 8 22 7
24 3 24 2
13 13 14 13
23 16 22 16
17 23 17 22
25 12 25 13
3 7 3 8
12 14 12 15
26 22 26 21
3 14 3 15
11 4 11 5
23 3 24 3
14 15 14 14
14 28 14 29
17 9 18 9
5 26 6 26
2 0 2 1
5 25 5 24
22 20 21 20
20 17 19 17
20 5 21 5
18 9 19 9
14 31 14 30
15 4 14 4
21 28 21 27
13 9 13 8
31 3 31 2
29 14 28 14
13 10 14 10
28 23 28 22
24 28 25 28
27 23 27 24
9 12 9 11
30 11 29 11
28 11 28 10
0 7 0 8
7 1 6 1
16 31 16 30
30 8 30 9
14 6 13 6
5 29 4 29
10 14 9 14
6 25 5 25
5 22 6 22
12 19 12 18
0 24 1 24
19 24 18 24
8 31 7 31
31 8 30 8
24 4 25 4
10 12 9 12
30 16 31 16
0 8 1 8
16 2 17 2
28 1 29 1
13 4 13 5
20 11 21 11
31 10 31 11
21 8 21 7
30 19 30 20
22 18 21 18
19 11 20 11
0 0 0 1
16 11 16 10
18 6 17 6
9 9 9 8
26 27 27 27
27 29 27 28
7 12 7 11
6 5 6 6
21 2 22 2
27 18 26 18
24 23 25 23
28 28 29 28
17 14 17 13
21 18 22 18
31 11 31 12
27 10 27 9
10 18 9 18
27 9 27 8
18 7 17 7
20 18 20 17
3 4 3 3
28 10 29 10
21 11 22 11
0 15 1 15
17 0 16 0
15 30 15 31
189
14 23 15 23
6 28 6 29
1 3 2 3
17 30 18 30
27 16 29 16
14 26 15 26
31 9 31 12
2 6 2 15
29 16 31 16
4 0 4 1
4 1 6 1
3 26 3 27
30 9 30 10
10 5 10 8
17 24 17 27
5 17 5 20
29 2 30 2
15 26 15 27
7 4 12 4
16 27 17 27
7 25 13 25
12 15 15 15
17 15 17 19
15 27 16 27
3 15 3 17
13 23 13 24
27 8 27 14
7 8 7 10
5 20 5 21
8 10 8 13
4 30 4 31
4 14 4 15
3 22 3 24
30 6 31 6
22 26 23 26
7 2 7 4
11 29 11 31
3 17 5 17
2 3 2 6
23 18 23 19
1 2 1 3
16 9 16 10
12 20 13 20
30 2 30 3
8 23 10 23
4 31 7 31
21 16 22 16
19 12 19 14
13 31 15 31
12 0 16 0
10 9 10 10
27 20 27 21
30 21 31 21
24 0 24 2
25 16 27 16
3 21 3 22
16 0 16 1
16 10 16 14
16 4 16 7
19 14 19 15
29 16 29 19
8 15 8 17
1 26 3 26
30 3 30 6
10 0 12 0
7 20 7 25
5 20 7 20
25 18 26 18
1 30 4 30
25 14 27 14
13 30 13 31
5 6 5 8
1 17 3 17
19 9 22 9
10 23 13 23
25 2 27 2
13 16 13 20
3 24 3 25
31 6 31 9
18 30 23 30
16 3 21 3
7 4 7 5
1 17 1 22
15 15 17 15
31 16 31 19
23 18 25 18
19 5 19 9
22 27 22 29
15 15 15 23
12 2 12 4
23 30 25 30
27 5 27 8
3 15 4 15
21 26 21 27
24 2 25 2
21 22 21 23
13 20 13 23
10 5 11 5
8 21 8 23
13 25 13 28
19 26 20 26
29 12 31 12
10 10 11 10
25 30 30 30
6 29 11 29
2 6 5 6
7 31 9 31
8 10 10 10
11 10 14 10
15 7 16 7
15 27 15 31
12 5 13 5
13 5 14 5
15 24 15 26
3 0 4 0
11 31 13 31
18 26 19 26
14 4 14 5
8 17 8 21
20 26 21 26
29 6 30 6
27 15 27 16
30 28 30 30
6 29 6 30
7 25 7 27
21 26 22 26
16 9 19 9
25 2 25 3
12 12 12 15
16 3 16 4
30 20 30 21
23 26 24 26
14 10 14 11
19 14 25 14
17 19 18 19
10 8 10 9
13 24 15 24
15 13 15 15
24 0 29 0
18 19 23 19
19 0 19 2
17 15 19 15
21 23 21 26
1 26 1 30
1 24 2 24
23 8 23 9
6 17 8 17
26 15 27 15
16 30 17 30
3 27 7 27
22 16 25 16
22 2 23 2
11 5 12 5
27 2 27 5
22 26 22 27
22 9 23 9
16 0 19 0
23 17 27 17
9 31 10 31
7 5 7 8
24 25 24 26
27 21 29 21
23 17 23 18
12 0 12 2
19 0 24 0
30 9 31 9
5 8 7 8
28 19 29 19
14 10 16 10
22 7 22 9
2 24 3 24
3 13 8 13
29 21 30 21
27 17 27 20
18 26 18 29
8 15 11 15
23 19 23 26
17 27 17 30
24 26 28 26
3 0 3 3
31 12 31 16
16 1 16 3
27 5 29 5
23 2 23 8
2 15 3 15
13 11 14 11
8 13 8 15
9 12 12 12
21 7 22 7
