29
0 3 1 3
18 8 17 8
2 3 2 4
3 5 3 6
10 0 10 1
21 20 21 21
19 2 19 3
3 9 2 9
10 2 9 2
8 5 7 5
1 7 0 7
13 15 14 15
14 22 14 21
10 7 10 8
3 13 2 13
20 4 19 4
3 8 3 9
21 4 20 4
10 13 11 13
12 9 11 9
2 2 2 3
20 10 21 10
7 3 7 4
2 16 2 17
8 23 8 22
10 16 10 17
0 19 1 19
2 19 3 19
23 15 22 15
171
6 9 6 11
2 4 7 4
13 13 13 16
7 4 10 4
12 18 13 18
18 3 19 3
0 21 0 22
1 0 6 0
4 12 4 14
7 5 9 5
20 6 21 6
5 11 6 11
11 20 11 22
20 14 20 17
4 21 4 22
10 17 11 17
7 15 7 17
13 11 13 12
10 1 10 4
19 4 19 6
17 3 17 8
5 21 7 21
9 14 9 15
18 22 18 23
1 3 1 13
2 13 2 15
14 1 15 1
6 14 6 15
22 19 22 20
20 20 20 23
4 22 7 22
20 11 20 12
23 12 23 16
23 3 23 4
18 11 19 11
1 2 1 3
3 6 5 6
2 3 2 4
7 17 9 17
22 15 22 19
11 7 11 9
1 0 1 2
14 1 14 5
18 17 18 18
15 18 18 18
18 17 20 17
6 11 7 11
21 5 21 6
2 7 6 7
11 19 15 19
17 14 20 14
3 19 3 21
14 11 14 12
11 13 13 13
23 16 23 18
13 12 13 13
1 17 1 19
16 22 18 22
6 23 9 23
11 22 16 22
13 1 14 1
10 15 10 17
3 9 3 14
13 16 16 16
10 20 10 22
10 15 11 15
20 17 21 17
2 4 2 7
5 6 13 6
1 13 1 17
1 2 3 2
16 11 16 13
10 17 10 20
8 12 12 12
14 12 14 15
20 23 23 23
19 6 19 11
3 1 3 2
2 1 3 1
21 10 21 13
6 8 10 8
12 20 12 21
14 5 14 6
10 4 11 4
11 20 12 20
17 10 17 14
15 1 15 9
16 13 16 14
11 1 13 1
4 11 4 12
18 20 18 22
2 7 2 9
19 13 21 13
9 17 9 20
6 13 11 13
16 15 16 16
9 1 10 1
4 22 4 23
20 4 23 4
6 8 6 9
14 12 15 12
22 11 22 15
4 11 5 11
6 11 6 13
21 13 21 17
7 4 7 5
9 2 9 3
13 0 13 1
3 2 9 2
3 15 6 15
1 13 2 13
17 3 18 3
18 23 19 23
19 11 20 11
4 23 6 23
6 7 6 8
13 6 14 6
14 21 15 21
4 20 4 21
17 15 18 15
23 8 23 12
23 6 23 8
3 23 4 23
7 10 7 11
16 6 16 9
19 6 20 6
2 15 3 15
2 17 2 18
18 0 18 3
11 17 11 19
20 20 22 20
6 14 9 14
0 21 3 21
11 4 13 4
21 6 23 6
16 14 17 14
12 12 13 12
17 8 17 10
13 16 13 18
23 22 23 23
11 9 11 11
18 18 18 20
19 20 19 23
16 9 16 11
8 1 9 1
11 13 11 15
20 0 20 4
9 9 11 9
15 20 15 21
15 9 15 12
0 22 4 22
18 0 20 0
21 5 22 5
9 17 10 17
3 14 3 15
9 22 10 22
6 0 13 0
2 11 2 13
16 15 17 15
15 9 16 9
2 17 3 17
1 19 3 19
11 9 15 9
18 4 19 4
15 19 15 20
8 22 9 22
8 7 11 7
3 17 7 17
20 17 20 20
7 17 7 21
3 9 4 9
