207
6 21 5 21
17 26 17 25
20 4 19 4
19 14 19 13
20 2 20 3
10 29 10 28
14 22 14 21
14 26 13 26
5 2 6 2
20 14 19 14
9 14 8 14
29 22 28 22
10 20 11 20
23 19 23 20
10 7 10 6
21 20 21 19
14 10 14 9
23 20 24 20
6 22 6 23
14 24 14 23
28 23 29 23
8 14 8 15
10 23 11 23
6 6 5 6
13 10 14 10
20 3 21 3
11 26 11 25
0 18 0 17
6 12 5 12
7 5 6 5
14 1 14 2
9 26 9 27
28 19 28 18
22 13 21 13
6 17 6 18
20 26 21 26
21 2 20 2
18 17 19 17
21 16 22 16
6 2 6 1
27 4 28 4
19 27 19 26
17 15 16 15
22 14 22 15
25 19 26 19
24 3 24 2
5 13 5 14
21 25 20 25
18 11 18 12
13 17 14 17
22 2 21 2
24 16 23 16
19 11 18 11
14 2 13 2
17 17 18 17
12 23 12 24
13 2 13 3
5 10 5 9
17 21 17 22
22 25 21 25
18 11 17 11
20 19 19 19
8 27 8 28
0 7 1 7
24 12 23 12
15 0 15 1
16 9 16 10
13 26 13 27
6 5 6 6
4 2 3 2
5 8 4 8
7 12 6 12
28 13 29 13
10 22 10 23
9 4 10 4
11 14 10 14
11 23 11 22
6 10 5 10
13 6 12 6
14 28 14 27
17 29 17 28
24 8 25 8
17 4 18 4
7 15 7 14
29 19 28 19
17 16 16 16
11 4 12 4
17 13 18 13
25 12 24 12
10 8 10 7
25 23 25 24
10 4 10 5
5 19 4 19
20 15 20 16
22 15 21 15
14 13 14 12
16 14 16 13
17 10 17 9
6 4 6 3
8 6 8 7
24 4 24 3
21 9 21 10
28 18 28 17
18 24 18 23
9 3 10 3
8 15 7 15
11 3 11 4
23 25 22 25
25 11 25 12
4 25 4 26
3 16 4 16
22 1 22 2
2 28 3 28
26 23 25 23
25 25 25 26
19 15 20 15
22 25 22 24
14 6 13 6
27 23 28 23
25 6 24 6
29 16 29 17
28 23 28 24
16 7 16 6
13 13 12 13
6 25 5 25
25 3 26 3
18 16 17 16
28 0 27 0
23 26 23 27
25 10 25 11
17 27 18 27
12 14 13 14
4 29 5 29
27 15 27 14
2 6 1 6
0 12 0 11
4 12 3 12
8 12 8 11
4 16 4 17
27 18 27 17
19 12 19 11
18 19 18 20
4 0 3 0
10 6 9 6
5 25 5 26
9 13 8 13
19 28 18 28
1 14 1 15
27 0 28 0
3 27 3 26
18 26 17 26
29 14 28 14
4 19 4 20
13 15 14 15
20 0 19 0
8 11 7 11
24 10 25 10
0 13 1 13
5 29 6 29
20 21 21 21
1 21 0 21
17 14 16 14
0 8 0 9
15 15 15 14
24 7 23 7
7 9 7 10
2 26 2 25
22 18 22 17
12 26 13 26
21 2 21 1
8 9 8 10
12 15 12 14
7 11 6 11
18 4 17 4
6 19 7 19
23 7 24 7
24 3 25 3
3 22 4 22
8 7 7 7
1 18 0 18
0 14 1 14
17 8 18 8
22 6 21 6
11 18 10 18
16 2 16 1
4 13 4 12
2 10 3 10
23 6 22 6
2 29 2 28
0 26 1 26
8 19 8 20
0 19 1 19
22 23 22 22
25 8 24 8
10 11 10 10
1 10 2 10
4 1 4 2
29 27 29 28
3 4 4 4
12 14 12 15
18 3 19 3
8 20 9 20
23 18 23 19
11 13 11 14
1 0 1 1
26 5 26 4
12 20 13 20
191
9 16 9 17
20 1 20 2
20 1 21 1
24 25 24 28
29 13 29 15
1 22 1 26
10 3 13 3
18 28 18 29
21 0 21 1
21 6 21 10
9 20 11 20
12 28 12 29
2 13 2 14
21 21 21 22
14 21 19 21
7 4 7 6
3 26 4 26
13 16 14 16
26 19 26 24
13 8 14 8
20 2 20 5
23 2 23 3
14 23 14 25
17 2 17 3
16 18 17 18
20 6 21 6
20 15 21 15
10 16 10 18
17 6 18 6
4 17 9 17
13 3 13 5
13 26 17 26
10 16 11 16
4 23 6 23
11 4 11 5
28 19 28 22
19 25 19 26
26 25 29 25
20 13 20 15
3 1 3 2
20 15 20 16
20 16 20 18
2 17 2 18
20 29 23 29
0 11 6 11
17 5 17 6
17 2 20 2
10 23 10 25
8 4 11 4
29 24 29 25
18 13 19 13
6 7 7 7
22 2 22 3
25 10 25 11
8 1 10 1
24 25 26 25
16 6 17 6
19 21 21 21
13 5 13 6
14 10 16 10
3 28 8 28
7 4 8 4
11 0 11 1
1 15 2 15
4 14 4 17
5 9 6 9
22 10 22 12
27 24 28 24
23 3 25 3
21 3 21 4
21 4 25 4
6 1 8 1
4 26 4 27
18 12 18 13
6 9 6 11
25 3 26 3
13 3 17 3
14 17 15 17
14 17 14 21
10 7 10 10
2 17 4 17
13 11 13 14
4 20 4 22
10 10 10 14
13 29 18 29
7 7 10 7
25 11 26 11
15 12 17 12
24 12 24 20
1 15 1 17
28 22 28 24
1 3 1 6
18 29 19 29
11 5 13 5
22 12 22 16
6 11 6 12
1 3 3 3
0 18 2 18
24 20 25 20
13 14 15 14
6 12 6 13
20 20 24 20
29 15 29 17
18 6 20 6
1 26 3 26
0 17 1 17
29 17 29 23
1 14 1 15
18 12 22 12
0 9 0 11
13 6 13 8
21 6 22 6
17 16 17 18
2 14 2 15
4 14 5 14
25 4 25 9
1 2 1 3
22 10 25 10
2 13 6 13
17 11 17 12
5 14 7 14
3 3 6 3
7 18 8 18
27 1 27 8
3 26 3 28
1 2 3 2
29 11 29 13
20 10 21 10
29 23 29 24
21 3 22 3
21 25 24 25
6 18 7 18
21 15 21 17
13 14 13 16
6 23 10 23
10 18 12 18
8 28 10 28
14 23 18 23
13 8 13 11
25 2 25 3
4 9 5 9
9 25 10 25
23 28 24 28
26 11 29 11
20 25 20 28
2 9 4 9
19 21 19 25
29 25 29 28
4 8 4 9
12 29 13 29
17 12 17 16
1 6 1 7
10 23 14 23
9 21 14 21
4 7 4 8
21 22 21 25
1 6 3 6
6 6 6 7
8 18 10 18
17 16 20 16
4 26 5 26
11 0 17 0
18 28 20 28
15 12 15 14
26 1 27 1
26 24 26 25
21 1 26 1
10 1 11 1
20 18 20 20
4 17 4 20
14 8 18 8
11 19 11 20
21 10 22 10
9 20 9 21
19 0 21 0
17 26 19 26
13 25 14 25
6 3 6 6
25 9 25 10
6 1 6 3
16 10 20 10
1 22 4 22
6 18 6 23
11 16 13 16
26 1 26 3
7 18 7 19
5 26 13 26
3 6 4 6
29 28 29 29
7 14 10 14
23 28 23 29
