37 4
0000002030400000442004340200002000100
3000000000000000043010040000320400000
0000400400001400320310004300000000400
0000000030030044001002030400000000000
0002230400000000000013020002001200000
0000204000000023000040000030001000100
3031000404000300000330300000320202000
1000440020000100003020440020022023020
0033002014000000123010000040003030314
0000100003000003000032000200001004000
0000200021004001002000000200004000310
0000001300300110300100000014120120400
0011000001000000100410040000000100000
0022004000400030330012000410034000134
0400010420131003030340000200201000200
0001000400410040224000210000002103030
0000000010003101300000000203400000000
0001000001420300443303000000002000000
0004040010004140000000003002000010000
0234230000004000000000000000000000000
1002000043041212002000000000010004020
4000001200002000000000001004023400003
0000030300033000000002030000000100230
0000244000302000010100100300420340000
0000101000012000120000302000004000000
3004000040400040020240011000000000411
0020200004300010000200001102300003030
0030302400020040104000300002430014200
0000300100204000003000100110000000002
0000000243003040000400000003003010000
0110200004001041000202030031310032000
4000000000200020000000300002000040003
0000032403040400100100000004040000100
0040000000000000004402040102000000030
0300000102002000000000001002000030402
0000003000200001000203020001000000200
0040000010120001130000000200000000410
