36 4
020000004303010030200230030004000000
001010002000000303000000000001001001
012014000000000000024000000320000040
003000440003000010000000000030040000
420020002002200020000000000020300030
020000013101000000034032004100020000
403001000040400000000000040003020131
004400004432040000000003000032021003
000100000040020000300043004110002202
200000000030004000003100000030001410
040102000304000001000030000000200000
000000301000204001100030000001000000
000000000200200010010400030440010003
000000000300042004030300100000100410
002200000000000012320003010000113100
000400000002300000410430200000030000
401003020030030004300004000010100400
100000002000320010400230340040000100
304300400400000040401014200044000000
004010004402303000000202020000000100
300000200000001000110400000040002000
011000203000030302040020034031002021
400200410300304100003400202300021003
040000000003201230001330412030000100
042400021000302000000000002100000004
100040024203100030002000440000103000
000000000000004243000444032020030000
002020001001032001000401020002040110
104000020020042300200000043010000000
040321100303000030001403000320030000
310000000003000001400000000000002020
024000042003000010014000000100000000
001034010000200020200000241010411000
000004002000042002100000100010310330
200130100000000043400003010220002400
020000021003040004420330000004000000
