38 4
00400100000040000300003004000000400000
00000000004000400023000400000001000140
04320000001000204000000300000320000004
00000000000042002000000000000000040000
21002000000300001000000004032000400101
00030020030031000100021000233000020000
12000033200000000000000000020040400224
00003000010230002300000200200000100000
00000040004300001000302000000400000000
00000300000100000003000440000002000100
00040004010040000003200401000200000004
03004000043000100000304000021000001000
20000003000200000000000000200000001200
40004000300200000000000000302000000004
40300000100000004000000244003004004000
24000043201300000040000020000140000200
10113003010001000001300303010100010000
00000000300322110400200400000002000000
00000000000011000130010020000200200042
20030000400300001004000130302002400400
40030000000000002000110100410100204040
10001200023301000300040001000000000041
00304003010002310003200040033200000000
00000000030000001000300233034043110040
01040110000201000000100000342304200000
02000001001001400020201010000220003000
00000400100400000404002000000002001210
00002000030000010220403240000003000004
00310300004034000000330100300002000004
00001300300012300002000320000020000000
00002000000020000300020040104030004010
20400010000010003400020030100244100002
40000010223004004300123030000000040300
30200000000000000000044002034011002000
40000000003000030000410030003043120002
00000000000001302300014010020201040003
30440020000302002100000410000000010004
00001010003400023000000000001010000210
