37 4
0000000000000000000101240403014030200
0020000013023100400000044000000002000
4400013000110000300000003200000030330
0320000010000100200000100002102400001
2000000302040300000000012003010200400
0020002004000000004010000040000000000
0004000000200011001200341320000003004
0030300003042000300000001330400001000
0000001000000400000000001400300000004
3000020004010010004000011301000043000
4000002000003004010201034030003230440
4000030010040400100000004000000000000
2000000200003000300003000300000100100
0002423000100000014100000000400300000
4000300000000000300000103011010000000
0000000010000221001100001201230001324
0012020312030200030002000000000000020
0000030200000000000000003000000000200
0030041000040000310000002300200034040
0000000000003000004000004400003100010
0000000030000220020002200003020230044
0202000400000403000000000001000200000
4102300230000000000001100100010003000
0000420142000040000100013000000400000
0031300021300000040000240040300200100
0000040003000010003003000030100412000
0002000000040000024000004002202300000
0020000303330103200010320310004000040
0043000002020400100301210200030010130
0403000004000200000002040034404000040
0004023110000310003000204001000000000
3003000420000020000000000000422240002
4401203004000044000040004020201241002
3403140004000003000210030001100010220
0004000000000010224213000000043100000
2030040201400020040000120030000100041
0041000000120000040020000041000000030
