34 4
0203000000100303000004400220200200
0010020000140030000301403000300002
2330000034200000100000400000004000
0400002000000020130000010304002002
0000021002332100410000100004041000
3030034000000000020202400200030420
0200000102000020040020301000000002
4030003214000030014003001004024004
1000000330020000001401000100322000
3030000003001041000000430001430120
4204104000001040320004040001433231
2200000030000440000010031102424003
0010000000102000420400040002000400
0200141410000000000230100313404230
3100000000000000000302000200033030
0403402044100300000000001004100140
0001200000000001400031021330104000
4300200010400000000000004003001000
3440030002000030300003022030000003
1041002000000004000001020003002202
0040000103400004000404320000204001
4300030000002230040400402024000000
1001000023010003040440000210040043
0000000400030004230031000300021002
3040000100200000020042401340000024
0100110000201040102020300000000001
0001030402102000001020400000000000
2110410001011400000200300004100123
1000040220000300330001201002000000
2000003000100101000001000000002000
0400000000200140000000301030144210
0000040303010010000000010130300003
0023000001004000400020000001300102
0000442000000302321330324000320203
