33 4
101014320000002000004040000003330
043000300000044024000202330441000
102430203130100000100033000300402
030020002000040230200000000014013
000143300243000001001104002040100
000203210031000002000240000140002
001200010000032000000043000000140
020000300200000242021000001320000
000003101112400033303003100000000
003303032210002020030101002002300
000020440000044040020000140322200
000000000010002041200000030300100
030430004103000401000040230403100
240000300200000410003030304100010
100444001300444000000001200004011
000440020002040200000200000102000
030020023000010300001401004303300
200400002000004000002100312100000
000400043410120004000040120001030
000004112100300202040001001001000
002101000000231024010004003020000
101000001400020000000000000223100
000040040010410320404030000002000
040030200000000000010010210000400
313140444003300001043031103040030
400020223030031000200010301040041
001200402300000003100003040032000
240000010000004000000030000002240
000000302300003304000300204400130
434000000000003004300002100000402
001203200020010103022300020200300
220240141020040040000041000400403
002000000304000103004012000011420
