37 4
0010000100004000140000000402100000410
2011044100002034000004410110314130010
3000200030040001002003040000010000100
4043300000010002000000300000000003000
0044300141000000000000000001012003000
0300004010002140000430020100010211300
4000040121040020000202220000003000000
0100000204003002004000204000000001000
0000330033000010200000001300000020000
4000242120000040004020000011000032100
0001033000300010000043000004320000000
0201114044000000004230000010000000100
0030000020040000000100031000004000000
1440030203040002004000002000000000003
0200030003000003000000300100414000002
0420100030000410420002040010000004230
0000010100000403000402001034302200040
2000011300000030200321000100000000000
0301120100034444001002000100000000004
0000000002001000000042000400000003032
0000244104000440101030300200003030320
0000300100000002200000000002000000000
0000120200000000100000300044030000240
0200030341000240000000000400024000000
0004300400040220300000220400010300003
0440010030310000001000010001000000003
0040004000130000001040002002430000220
0400000012001002013400000000000000200
0000020002000022000004000020010001004
0000000101220010200000414000003000300
0000000400100000414300000000000003004
3100200330000000003200000000004400003
0001000000030004300200000000300103000
0030000303300020301320200200002000002
0000000000040003000200000003300000200
2302000000020340000003023000010000000
0100000000020030010300023002440124300
