36 4
421000000200000013000300000300200040
000004000210102404000001000032002000
002000003213000000000000000300400000
000000033010040040121000012000000000
002010000400020000000000404000001000
033330011000000000300004100010000310
401040000000000141110230000030041420
000040300042411100000001004004004020
044000030000020100001020100000004000
003000004003223011300040210004000000
001000020000200342101002400014200200
000004300000000200040002303204003130
040010030404110440430000400000044020
000010001003400300100014030100000000
020030020004430020300000003003112002
040000000400020002000040121400000430
040000001000331002300000040000020000
000002030000300004020000020200201000
004030000102020200300001000400020002
000420001400000031200202000000000042
031020104103001120142000031024013020
004300200000003000023101320103010010
402000020000300340000000000000000000
000300044000013030000030020000000030
010020000011000220000000000001000110
300000201002133000022000020300000220
044000000003000003200010003010212001
020000200000003300000420104000400440
320000000400000201001034003023002304
043000020000000000010300010003000000
030000000401140320400004000000020000
000000000400000010001030000000000000
400000303004233400000030042000000000
010204340304000400000002204001004000
331301000130000041300000020000000000
000300002401000300004104000203034200
