35 4
00000002000000002001010300002041003
33300030000200004143100102040044000
30003000000010210000000200030014000
04001014041000002100040021400000000
20000023104000000400402031200000030
03003342003001004002000033000004030
40002100000000030000000000010020221
01200000102020020041004001300100020
01030003030200203003303000302110000
40030124300022000024422212102200000
00220000000001033000140000040000000
03003010000211403400020000004000300
00040344000040300000020304000000300
00040003000100000000000300003003020
03400000200000233423003042003200000
00000000202000200032000100040000003
20010042000000004000300400002000002
20010200100040000000003000000000040
33110000001000040140100010002040000
00240301000020022003220000202001203
00000200400000000030303400440000404
40402010000400000100000004000000000
01200001403000300000110134030114000
00000000030004020000000200000100304
30003041000030102000003120000000000
20000004000000000100040000004004023
20104204000301000004014010300000010
00000000032040034400401000100220000
01331014100100000420101000010030000
00013010010231020220400300010004404
30030010000000020000011000000000040
03130120203302002001010400340001304
40000000120440004001001030200013000
00000400404000001030043330000023104
00000004204000122204010102000040000
