36 4
414010000100000200033040000300000040
002400402000013040000000000000000200
203400300013032000000000001001104400
000000000001000002201011400000000000
002200013000000401003240002030343003
434030003200000000000100000001044003
000000200003200000300004421000033000
040020300002004000000010000000000243
002043032000300003000000200003000020
001040002300003331304000122400000020
012401230000012030000413020200000000
020001003204000100030004300000020030
000000000300000000000020020400000200
020301300300021003404010030034000010
201000040000200200200300311040000030
220420300300001002000400401000031020
000444402040000002030000400033010034
213042004000000000012000000134010401
042401000042001033000001010040020200
000000003000040000104002000000000100
003000020010110000120300303000000001
000030100004400020202000010430330010
000000000040001000000010002000023000
003304000003010443010000202003100040
200100200000001000420044400000040400
004021034000000000200002401101000200
340004000000000320214000000000004044
000000303200400000000000120140001010
041100404100000020000000000040000022
030100002000000301403000100000200020
010000033000031102201424100001000001
400004030000102100000000000200000000
000103004000001100000004020000100003
004000041200001400000000100403000003
033001200000000003200002020000010000
401200001040030032001300030042000002
