34 4
0001002030000120000000000010000242
0222000200000000000030000001000040
2410032000000300020400300032101100
0001100400110040000030100000030130
4000000030000020030200130040440222
0001000100043000430004220010000000
1100000430000010410004000032004004
0002002010000000201000100000200000
2004010204000030000200400000000000
0030000440000000430100240200220403
0000000320000202010140040230300430
0201200002330001004400340002002420
0004020312100040000004224241000400
0000000034320002344020003034001000
0000000000000300412420020044041303
0004113000104100000010131010000000
0004000300303030210003040100302110
0030342004110000000000000022300030
2000000314004000014000000400004000
4030100000040241000020433000001330
0140143002141003040030000011302004
0010044300300040004013000000002000
3030000000000102000110200002320120
0000100400410403000000000210300000
0300020140000000400120000000030002
0000000000000041043000342000020000
0410000010000300011403240000001302
0020140000000030003000031011000000
3001020001410202000130000003140004
0042012030204303020132100204000020
2000000300020030300000103000300010
1334000310040020332303000003200000
0000000312000000000010021024110400
0022342430400020000400002040030040
