33 4
000003000200041030130031000000100
003040000000020301001002001020302
042040211001020000034334031300040
000003040000434000020310320000023
040030000400400204020001020000300
000100020130000100003301000202200
203020003000200020200004001000000
010400003430420004300300300003020
020030211030000010044030100113000
000000100010200000010022010100223
020000100400033413230200200140400
022021101200000000110000300200200
030101030000010004000022000212043
324400001004001003420403000410003
000140300004000100423030000231311
040040000003000004000000000000003
021013001100440030400004030010000
010010400020020030204020030000000
000142040031041000144000310041040
200020004000201020000410003003300
010203000300000003200200010100300
003000410000040000030004040004204
100200043000400103414020010030003
040040010300012111133040000020002
020000102041010000000403002000100
000200000000004000120001300034233
002004202330201203000040300004300
020340032000444000004020001040000
040002310442000340230000000000041
440110101000010000300010000204030
000201002002400224400430000002230
000000420000000200004003000140030
004001224004010000044303020000021
