33 4
040300233110400000000002302000004
031000000000300300002200300033003
030000000002003214000001400020202
000400000200304003000300000001020
000040000000302000040010201104101
004100300300400000000100110040030
100030021043040040033203042040400
000030030000000000000004301120100
100031100023003003000013004001010
200040240400004004033020003220210
300000200400100000000003002000100
340000000000140100000300030001304
300100030000100010010003000300320
002120200020400202130000010021000
000030240001300000202010142300000
000140010000020011020001400440014
000103001010000003000202130010434
300302234400010100043003233020014
440000001000022002440024000000000
012040004020000200003002000100002
000030024210100000042200000100141
004240340202002304340203030001110
001030002100000301000032030310040
140301002000001410201000202004100
000003040012430420040044000300003
330000000100140210000300100003140
430020000400010020030230302441000
200004032040004412000024000134024
000020310000303004201000400020000
340200000213004103102002010000240
003010041000000043030000100000004
000002024011440210224442000300020
004200004002000000400304000000000
