37 4
0401240311010000400403044000203020200
0300404000234000443000400140001001000
0100012130000000410300000140004000000
1000000424303200400043000000020004300
0020200000030000200100000000000103000
0003000000000000020201000301000021204
0020200200340130030000000000000300020
1300200010000000000000210030004000003
0040010301001002003000000120100030000
0200400200400002000003012402002010000
0010340000100300110042400204000034000
3000000103021000003020000000000000200
0000004000300200300000000000000000000
1000230000040100000400000010100004310
0000032031400030401420042010000000002
0000000000001000000300304000004040000
0000300000032000001040100003200220100
4000004010010000000244100000040000100
0000000400001000000000020004002040400
0000301100100400100003000301020000000
4300042000302000040000203030400244400
3300000002000000320020003102013000300
0001010000000000200300400000300010200
0200202000200240440000020103020013012
0000340000003200040003203000002000340
0040001420000321020040000040000000321
0000004002100000301001010000440000002
1010320000040004000014003000004331000
0304100000000000110320000002020000030
0022410004010020020302040300000001000
0203043000430000003200300100300000001
0010101000400030022000000000230000000
0000042000031200300034000043000000000
4000000000000000000000003024100001000
0203100000100000000000000000004200014
0000302000000040000000013300200031440
0033000100001011203020400004100004020
