35 4
00310020000003013124002011003440330
00004213014000040000000000000040001
20014033300340000014000400300030000
02302440200300002001100003002000300
00004000300000011100030040120100300
40010100204000000000410000030000300
00020310400300000010000241000000023
03023000000030000200000000310000020
00030003000021410031020031001200400
00003400303010000010002000000020001
01120320040020040002002130000022230
40000400000000023000001000000004130
04004430000020100003200020020002002
04130000200002330010000101020040004
20003003200000421000001000001003010
00000002000000001000002001020311020
00100100011000000043000204430001101
00200000001300100340000204000000000
30202000220000000002230000004300000
04000020400000301020200102300300004
24300000000000004103000000324300030
00001430200043011000200310000000000
00000000320330003003200004000000100
00040400030001000002000402040000130
44103001100000100001000002320000214
01004020000000200430020400014340203
03000040020000000200010040302000410
00400240000322010200104100003000003
00001000000410000000204000000420211
03003020040000003020100420010340100
00034100400001001340000004003030400
14000404240400000012000000440002003
00400400402033000000200000004000004
00400044010120000004000020000000104
00030220420100000023440100430130000
