33 4
240243014000000200212304000041000
304000004004013300240003000300000
001000032214030104000200034010000
000210003011000000200020301000000
042231004022030023000430200001200
014044004100000130000000333224420
304000300001300000040010010002200
300002103420042130000400022001102
401002000301110222000000040000200
000000100400030400000000102330202
110000014400004000004000020000100
220410000040300000000400220402000
000044033000030023200320001314310
304000000001000004430100024000000
010103010000000110300341040020214
403000221330002000000221200203300
040003000000000104000000230022040
000000103000000000000000200000000
013001420403240241000310000342000
042004002040300303210002000040100
000000000120043404310012000000000
043000014000404030300000102304201
140330000000000010100042000000301
100001300040400034004400210000004
000023000000402033040040043100130
033010012030310210010130040004001
000000420010100302403002400002032
401000040041021001030000230001301
100020440242210003300000000001441
010003420000003000000301000002000
000300201043020003000400330100300
001000000020001001000300102200002
302000000000230100440000030004000
