36 4
024004010014422304130000002012000000
000000400000022020334002000300000300
004001000300000000400010040100212000
100302101400300000040122104000404302
110002000000000010000320000000000000
000400001000110003300030100000001400
200002110030000004040030404200203040
300000302030000000001404310004000011
010000000000000300033303001000000001
300020300300010000000020000430000030
003001004040000110000041300000123000
004000000000000014010001000000300311
000440432000000430100333404000000000
000440000020041000000000020000204002
000030002002000203030210440000030043
000001013000020030004013040000000400
003002000000000030001010220000020040
100442001000040401040200000000301021
000020300100000010000001000200000020
400000002043002000010320000000000043
010044100000002121010000240004040040
001000200214002230023002040000103010
420400000000000334000201233330200000
000000000300420000000024000002001040
000011240401033000042002020000431003
000020000100003000000103000003031120
000444030040342010034300000000004003
000401000100000300003000004000040003
400000000202000002120400000000001400
104010002030000200001000000000200000
002403000302140000003003000034003201
001040000002003003420000003001002000
400000000040003020000002022200000002
010400010000220002000000021000000313
000004000010321030001201400004000101
020000000230030240000000000130000200
