33 4
010000402010002000033030020044423
400000020000002100000000113001030
000100000010101000233200012001023
000000040000300120000403000004000
000100000000030010044200010100004
040010040000200200200421000024003
023310020043104220404000110100304
000110200300030210000000000000040
001021100400030341300320003000000
001300032040000401002000040120011
001010320000004000101044200000030
000040443000434202010203440004100
302200000000404000010000001300120
000201033000040302300420300000020
400000100000004000000204002300031
210023002130000011403000101000400
040201201400002000000004002301000
040000004020300422000003400340214
030003042001000100300420002340002
100202400013010013404310000041010
004140010020002000001040300043000
312400000200434033000000333300430
000042303000000024030000000002000
000000204333000014003000300200001
000400002003100000001034003000240
300003100100002100421010000300310
201040443000402024030000100404000
200241000020200000024233130030000
220020000004200000010400314010310
030002000303204124004034420103000
000103010200002000001401000030300
010420001000000400202030022200003
033100000100000002020020401400000
