33 4
302043000020001100100201000000003
000000300300100120200000000020004
410000000000000000000000000031402
404013440030000010232040030000200
123004023200420000300000200000400
000010030304003011023040030010034
020003020000000010000402200041030
002202214032034000403101200000002
301021010300410034020021000400000
310010200210042300300000110202200
022021000200200300000000000000001
330032003200040000044000002033000
020304010004000240430002040310101
040010030002034020022030000020040
032003200011400043002003000000000
000200210301200420000000002100020
004041000214002001344002000040043
000332444100100101100024033012000
000000200300430401210010400040432
000000033000003000000400000003234
022001100010213000400140000013310
300230110302003103004040004300004
000342001240400024003023300210020
000031000004040024004003030040024
010003103000033000003031000000024
000010400004000010202003001400020
040000000003002010001004440000041
002010041000300000001000000010020
000320010000202000030040014000131
014010000000330010100320000300002
003000140010100011010110002140040
100030100000003000004420400003440
000401444030204002000000003000044
