26 2
10000000002000100012000102
01000000000000110020000200
00020000000000000000010102
00001200000011011000000120
20001001100120010012000100
02201100000220210000000002
20001020001001221000000000
00000100002100000000201000
22010100200002100100201020
00001101100101000000002000
00000020100000000002020010
02002210200200000000002010
20201100010001000020000000
20100002021020120000101020
00002002000001010000000200
00000000200021020000020200
01101000202021001002200000
00200110001200012220000010
20120000202000011222020002
01001010002000020110000210
01000201000002200010001100
00012000001000001200200001
02020000000002020110200000
00000000000000202100010021
00002002000010100000200000
11020002010100000001201200
