27 4
003240033400330021012303111
000002011442320000400400312
100211314010100000330422313
001130230414010303033110000
002000200100331424422023001
000022000120240430100014204
322440012241303001010201020
034413204002004002000033412
304041341020134210034430020
100102203042300224340040002
220020204000401302304024003
314002000022004003000204013
200300040110414301330304030
042402330000210044000300020
000031201100340030401040000
011203010001004023430244002
400000031031030040204224001
023421410204001000300302123
440130120303210200230000110
410230130004004221100000000
001022300322033121044003120
024044002032002301401013422
040111403044410030004300101
400440100000201001330140001
300002023010320431313014020
412043040433004422120100300
300400334023012010424040410
