47 5
03400030300015000000004051200502100000000105050
40000000000003002140004000000205000000002010000
00000041000001001200220300000050030200000402000
00400100000000000200000002020000000000000402005
01000400040204000100000302501430000000000000022
00000001000505400040000010400000000000010000000
00044300540003154500015300000512003030000000003
00000250500000300530100045000000000000000000000
14005000000500000000003023303000500400400000001
30000054000002000003400000000010051000000005013
00200020004050051000000000000100000040005100403
00203000000000000100000000002000001020000022000
50000550203000053400050000005010030000000000020
00000001010010050000002120021300141050200000000
00000000200000000000000040000000000000040020000
00020000005055030023000000520000000000025000000
13030000000200031000000000403314400000000400000
30000020052000001000000000040000100000000000000
01000002000000000000000000000200000000030001000
21200005000003504000000002000030024320044504000
40400000004000100000010000000200000030000000030
00000100003405034000000040000000020535000010000
00020400030000001000000503000000000030000000020
10000000055040000000000000050000003041000000000
50500200000305300000000020000000000003020400300
33003004132400000000500030000000004000003100400
00000000000000240000000001000500000000000030400
00155000203200050540004000000205002400000010000
01000020000000000000000003544500004000050000000
10001500003003140300000000000055100000000000000
00000020210100000000002010001000000030000005000
50014003005000001000400005010000050030000020105
50000030403440050004430005000000000000005011005
05000000400001000400053014303042000000000011540
00000000000350140000000000000000000200000002000
00002033000001000050000302020500001000000000000
23000500000050000000400000100000001020000010000
10000000002000000000000001005010400000400000020
00000000000000200000054000000000000000330003200
20100023000000000500000000003000000005000010000
20000020010000000020201000000000214020030000100
04000334000000400000000000500030040000000200000
02000000200110000004000000000000300000000020000
00000020030300000000043000000503402000000400004
00000000000502004000200000000200000300000000004
00000000000040304000000400000300000011003000003
00002101000005300505040000141505000000002000000
