22 2
0011011001002010011201
2222100011002220000000
2202010100021021010120
0200022000000000001010
0000201000022002002120
2022020102002200102121
1001021000000000012020
0220220120110000100121
0021002002122000002022
0102201101021002001102
0011000000000100200001
1001002010112201102100
0100000000010011001010
0000002202002100002102
2000100200220010000000
0102000000001000010010
0100001020222100001211
2000020021000200002001
2210022120100001000000
0211210001000000221200
2111001002000001012020
1201210001020002200101
