24 5
434124045220322245535441
514445135521520441445432
343204413102023234310022
304235443312414203343101
415153435033442354053022
514151032344152414022140
233501545451351215153551
113542204214551505341200
040140505124055403054025
010252554152533210024251
251311111121441540111125
232532431252114203430042
245300431401515553053123
341520230242224405123345
304250432320433433403132
155014354555202253423024
340021154313221540212325
342220455434453350321232
022144150101104531343332
550144134215532021035313
335044014125235323421152
333105253105442511313110
152500502222130133450145
050344532112115431234555
