22 4
3430121241331034144322
4034201333301034420442
4324444401140413421431
0114243232323144232112
4132312422114443021111
3232031412404443032031
0100234233101123011004
0221130220320024333204
0321204302012214111044
4230422340332313420040
4214203240434100443113
2234132241400330433004
0111024402213044041313
0242323441022442103300
3212023331220224220043
1144102343412021323443
0023411111314221031342
4233414242011200311211
3033143320411330312314
4114043312442111121130
2123242444200341331102
2142021000333221200340
