32 5
20400000000043103004200015000000
50500520510042500201033504300004
50010002000403445003032403332003
30201030000012300300000050050010
02320405010500150030500100310350
01055254003522001410102104100400
21140430000040245302440010000110
00000400000040000400000001010410
13002400002405005000300010522000
50000310030020304505022331005204
50044200312035111000013400102312
04000003410030100510200240000530
02000420032000000520032003050350
05010501000300400400002420035403
11001054531034020524300030003011
23040050010520020053110100004025
04502202100440040014004524255004
05100253405102004400000101401500
02245400501254500031500003000030
00100000300450550050233000020152
15354005103030040100223113500200
00004100050015010021012220202433
25030000000040020040110545002005
35015003003340301005301020303112
01100001000020243444500004320300
21403010014005450503430000010004
22000000453001230404030450201103
50320043032254004420300100000035
00311050005052003200500010220500
40402505021050004523000422210030
04341035240500000035200300000040
15230000004431001032040004420055
