31 4
0433030300000010002202000110010
1414042024400020004000104040100
0100004100320200001003044101340
4340333014010002001100320100003
1440010000000033430040200000043
0023000000410320120000243300000
1000420020024334001203000302300
0000000003342440000101003000040
0400003002200000310214200010000
0003100002022040400104001004001
0120140303130004230204041204100
3101230032010000020000202032000
0002400000030000004332441321042
0120000141200224240100020200000
0302030044000002000100000434400
4200400300100000013400243322004
2100020330024300000040003304303
0300000000040101304020010000000
1000220040100200020300010003000
0102400043400103410000032000440
0004020100103200003004033000202
0000010311001301001113040024002
0040303040000000100400342130400
2003000000402020000002004000003
2230410100012412001100100040230
4204023000100032022002000200002
0001100440430000240000400023000
0010010010404020030302100004001
0131100030000011100100302130000
0030000300330043000303014004110
0040000230024310010203002022000
