44 4
02200020020000040000000040000001100002000001
00400000203010204200000410001033000000000000
00300200400000000000002120000030104004040400
00000000000000000000020000010000000100013000
00000002000010000101400000003443200000040000
00000000010000004402033010100130000000022032
00002000100003000000340004004000044030200410
00003000030000000010010100000040000100002000
00000000000000200300004014000000003000400130
00000000000000000012001000000001000000000300
04000020003300000420000000000000000000010100
00000001200000030030000000000240004040000004
00000000000000400002000040020000000000230000
01042001010030040000000023000000000102400000
00000000034000024000300000100040000010001000
00000000002000040000002000000000000020021040
22000000200000000000030000302320000404000200
02000000000020301040000000000403000030033333
00000200044402000101000000000000000000000000
10000404400000300000000020000020000000003000
00004000000300010100000000003000000000000001
20020000200000000000000400000000000000000000
00000000034002030000000004000000003000000100
00100000000101000004040000030020100000000000
02200000000020000002000000010000030000003000
00004000000310400000000000000000000000000000
00000000040010000000200003003000000400000000
23000203000000340000400000040000001000000420
00010000000003000023004000000010300000000000
00030001100000000000000000011004033444000000
00100001000022000000000000200000000004040000
00003000030100000303000000000002000000000002
00100030000041400000020030000010003000400013
00000002010000040000000001000000030110000000
03000012000310002300023000003040000000040430
00000010040100121300100100002000000001000000
00020020000000003000100001200000040020120400
02030001003000100001043000120300000002004410
00400000000002000000040000003000000100001100
00000300000000013000000002000000200000002340
00400201300103402004013320000000000100000002
03000000010000030004000040000320020030003000
00200002000400000000300224000300400000310000
00000024000040000000000000000000000000002004
