45 4
000104010430000002000040100100002000000000000
040020001000003000000040001400003010101020004
000040000000000000000040040040000000000002000
001002002000000000300003044000400030323100000
000040000000020002000100004000003003004320200
000000000001002400003140001000200000023000300
002200011000000100000040030000020000330000000
000000000000020000303030000000000300300000003
000000004001000100000000010003010000400100000
200000300001000000000000120000000000001000000
000000301300000300000000400004000000000000000
000000000000000000200000202000000400000001002
300010000020000000000400000000100010010000000
003400000330000000002000000001003010200000000
200000000002000002040030000030320200000000000
000003020000000000000000000040000000000100020
442040000000000004200302040001000020100000000
004302002000000030000000012000000020000000140
100000301040000000030000000002200000000000000
040040000000010000201000000032100003004000000
100414003000203000440400000000000000000020000
002000000000400030000000200000000000000300000
000033010000000000004020000004002000000010000
000440040440000030000000000003000100200000000
003000001000002000002000000000010300002240003
030010400000000000000003000130202040000000034
140040400040002143442000031000000001020000400
000030300000000000000000002000000000003300310
004040340010000002000000002002200000020040000
040000004000000000140000000000100000241400300
000000000000001000020000000002000000030001004
000000000000430010000300100000000101000000100
000000000204010400002000000000002001000001000
030300403030010000004002000000003000000400200
000000200004200000100000000000030003000040002
000000000003340000000000001000002000100300100
010300040000000010021002040000000002100000000
000031000003000020320100400000000000000200000
003000000200320200300203000000000000040000003
001200000002010010004010201000010000001000010
004000002204000000000000000400000200030000300
000040000000000200000010000000030030000040400
000000000000000000000004000000100300004001000
030000000000003030141000000000002000003010000
000000100000310100000002000000044000000000000
