28 3
2000002130001000223003030002
0030030023300202300300002020
0001100000003000302333130000
0000002000210001000020002100
3012100323003000200012020320
0000130000003010100200300000
2130001000110210300110010002
1003002013023030232003012020
3000012020010020230000110023
1202330302000000002000000232
0010013100010030100001103000
3020002100000000301001220003
0000100330002000303010232001
0200003000000010030001000020
3200003001010020301103002200
0010010020111000000300223030
2000001200020000000000200030
3100000000001030201001001220
0000300200000021000000010102
0010131000302000021303001320
0300030320011010200220000011
0000012200000320203232320000
0130303200120200200000310111
0210002100300010010020003102
0220000100332203000100320010
2030030001200000000113311133
2000330030233303000010001020
0001000030001010000000100003
