36 3
000020320000200302200010000000000200
331000001030010100000000000103000000
000000100000010010002000010000000010
002000310100010002300100003000120000
000100000000010000000000030010030000
002000030000300000020000000000000120
010001020131000001002000003000000000
000000000200001000103002003000002000
010000013102000000000000100000000200
000220200000003002200000030000310020
000001030000020002102032030000020000
002000010010000310310000000003000032
000010301300001000000000003010000000
000033203000000300000000200200020000
130000330000000020001003002000100002
000010000300220000000200220300010000
000200000020000010000020020000000001
000230000000000000010000000120300022
000030000230300201101013010230200002
000010000000000001100030010000000000
000000000000300300000010000203000300
000100200001013200000001000030000130
000000223000000032101230000000000100
100000202101320330000300000002000020
000000000100003100000000200300031000
000020100001030000013000000020003000
000000030010010002300003000000002000
000100000323030000301000020010000000
000000000000030100000002000100000002
022000000000021200101000012000010020
000000110001023300000200022000000000
000200330000103300230000000010000000
300000300000002030020300000000000200
003030200000030000000000003020100030
020030000030300000003310100000000000
200013000200000003000020000100000000
