30 2
000000000000200000000001002000
000101000001000000000022000100
012000011000200000010020000000
010001200020102000001000000020
001000000000000000200010020200
020000000020001000010000002000
010002102100000000000000010000
000000000020000000000020001012
000000001220000001200000000000
200000000000000000201000011000
000000210202000001000000000100
020010000000002200000000120120
000010200000001000000020000000
020001000120110010002020021000
100200001020000000000100002002
000000000000001002100000000200
100000000020000000000200000200
000000101000200202000000110002
012210000211001001000022002000
000020000000010200200100200000
020000202000100020001022000100
002000000001000000100000000002
010021110000001000000002000000
000010201000000011000011100000
001020000000201200000020000002
000000102000002012000010010100
200100000012010000001010020211
001000002000100010002000200000
000002000100000000010000020001
001100220002000000222000002010
