44 4
00000000030000000030400023000000000200000111
00030300040010000000000000000030000000000000
00000000004200300300000000000000000030010200
02000000100400004303300000004000032000000000
00440002000001001000004000210040004000040000
00401010000000010020000000030000020000000002
00000300300041000100000020001110404040000300
03000000010002002300100011000000000000030120
40000000120000000400003200000004201030000200
03023000000400000242000000000030000020000300
04020400000000300000000301000404000000100000
04000002040424000003000000000004000020000000
03000000000001000000010000000004104000402300
00003000400000203003000000100000000300003300
03400000022104040000000000000420000100020000
00200000042000010003004000000401000100001002
00120302010000000300000000040100100202040000
00000040001000000000000034002042000000201000
00000400000000001000003010200020000000000000
00220000002001000013000001010001000034002000
01000100000003000220000000000100000030040000
00003000000002000000000040300014401000010000
00440000000000300000000000000002400000234000
00000300100100000000020002000002001000100000
00000000000000000011000110100024000000100000
00044023000000320000000301300003000100030000
20000002000400000000400000000000003000000000
00100100032040002200000000030003004000420000
00201000000033000000000000000000200000000000
02200000000000000100021000002000300004000001
00000000000200000000000431200040004000000000
01000000000030000300000300000014300400000020
00000000400000000000004000000000300200300000
00000410000000000003200003000000300200000000
00000002200001020000033000000000004000100004
00302003100000000000013032000000000000000010
00400303004000002000004000303002102000010004
00000400000000040000000003000040000000000002
00000010300000031300003000001000001400000000
10000000000102042400000200000003000000020000
00300004002000010000100340040040021000000000
04020004000000030000000200010100000001040000
04002000000403300440020002000400300020011400
00000003320000030000000000001010000000000040
