34 2
0000000000110000000002010000000000
0000000000000002000000000000000012
0000002000000000200011200001000020
0001001000000010000000202000022010
0000000000000000000000000100020000
0000000002002020000000002000000000
0000100002000000000200000000202000
0002020001200002000000200000000001
0002110000001000000100002002000011
2000000000000000001000001010100001
0001001011000000001000000000000000
0000002000000000200121020000000001
1000102000110100000100000021000020
0000000000020000000000012020010000
0200000000000200000021010210000000
0000000201020000000002020000001002
0000001000001000001000200201000000
0010010100000100000000102100000000
0200000020000000000000000000100020
2000000100000002112000102000000000
0002120112002000002010100000000000
0000002002220000000100000000000002
0010001000010020000001000000000000
0000010000000200002002000000000000
0000200000001000002100000000000102
1100010100000000000020000000000000
0000100000000000000000002202020000
0000000000100110000000121201000000
0202100000001000002020202200000020
0000100000000000000000101220000200
0000000001000000000000010000100000
0000000000000000000000000000022000
1000000000000200000000000000200110
0000000000100002000000000202000000
