35 2
00000020200000000021000000000000000
00000000200020001000000000000000011
01000000010000000020200200020000001
01000000000000200000002020000000102
02010100000000000000002001000000200
20000000000001000000001012000001000
22010000000000000100000000000200002
00000010120001000000100020000000000
00001000000000000000001002000000010
00200000000000000000000010000000200
00000100200000010000020000002000000
02000000001100000000010000110000000
11000001200000020000000000200000000
20000020000020000001000001000000000
00000000000000000000002000000000000
00000000100001200100210000020000002
00000000001000220000000000000200200
00000000000200102220010002000000000
20000000001000000011000000000000100
10000100000100000200000010001000000
00002001200000002010010000000000000
00000000022002000000000000000000000
00000000020000000000000000012000100
00000001010000000000200020000010100
00010110000010000000020200020200020
02000000002000000000120000000000120
02000000020000022000000000000000020
00000002002100000000122011000002010
10021000000000000100000020000100000
00000000010100000000000022000102020
00000100000021000000100200020000000
02002000102002000000000000000020000
00010000000010001000000010000000100
00010000000110000100100000110000020
00000000102000022000001001000000000
