35 5
00140000050440003103000102324001440
00040300030010014050200003005300040
05030055000400300430000000240200400
03502310000330005350240230301030000
02000001300530400010004202300000100
23050215100010010030354504000200000
20000120000011250000400252325040040
03200200500101525100032020040051004
05001001004033500043100000420024000
00150030000001400040500010410400512
02001000202000021200300000040001000
04102032000000501400030300005301000
00414100140300102400400510024011003
31005050004000000105340022154000100
30404000000101540053000132003000500
00030000400500002001000052505500001
15005402350532502000000330050005053
00500000004554005013305041000240300
30005530004402000024500420500450003
50002205252020100005000010001005000
10000000000204102532130045100001145
50205110343004300010000520000010042
41503000502001004000520454440004005
00050000210001310000000330203041203
00004041000502020000410000400000034
00034003000433030002000503040200015
20000010302040004000000320000500030
00000002030002003045000001040204004
00000000132511100000005010000100054
01320240201010030000320100000001011
00023002002031240110040042420000040
20303103000500003002242000500525005
05100020103000050440255003200000004
55222300302050053045340001004005000
30000000230000400353000130000200000
