31 4
3014000030200000000400204000400
2300000010000304000042304332421
0302020240021101100400000000000
1204000401040032300300000000041
4220024102020303400100242400020
1010320000114020410000310310000
0402441141303000200300003000000
2024100020013202000120210100001
0000124023044300400000003100001
0104340033040144020000144000322
0310324030003400001020000200000
3000021021400302002001010040000
0043430003004120000400001012000
0002300330040013133100211302404
0022300440000340022400000041000
0000313200010312032301000000030
0010330010300444130000404041000
1043400300000030021300010003000
2002412334400201300303310040004
0032034134002340010002120000302
0200400003000120040001000000000
0001004032401004020400000020020
2100001004304402000223002304001
0043204100400101004342304000100
2344000134001000003001000410030
0003010230103040020010002000010
0100000000040003020040000100030
0000004220042000213000000000010
0244100133023000010003200000030
0322000202101302330000000402012
0000404000120001123011000040020
