43 4
0043000001002032000000002022030000000400440
0000000003000000000010000000200032000200001
0200000400300000000000000004300000003000300
0000400400000302100000000000014000004400020
1400000100000000003000000000030000000313000
0000430000000410003003004000000000000001002
1031000000400004000000300011002201000010000
0030000001000000300002004020000033004000000
0010000140200300020042004240440002300020000
0000020000320000001000010000000002002000020
0001030000002000000000000030340003000000000
3004400020000000000010010000030000000000000
0022000000224440000400020311010001301200000
0000000000000000000000020000000200000000000
0320004240000000010000000200030020000000000
0002100000000000000010010000000000100004104
0000000000101020000000040000000300000030000
4020002400042000000000000000000000000000002
0010000004033000020030010000304003003000000
0000200001000020002000000000000000422000000
0300000000000030103000000000003100003004000
3000400000000300004000010000000041400000000
0000000010400000200400003010022002300004000
0000000020000004400300400020100000000030000
1040000042000412040000003010000220040100110
4000000000000000000000000000040002000000000
0000000001030000000000000200000000001000004
0400000000003000000000040040210001100000002
0000000010240004000001000000000001010302000
0000000100100000040200010000003000000000030
2034300300013000030004044400300400000000110
0010000020000000000001002000141240400000000
0000000030100040000020000000000002000000303
4000010030000020200010040000002023022000210
0000040101000000000410000100000002000000000
4040033000003200000100000200020300000400000
0000000100000030100020010430000010000030000
0000340000033000300102001100000003304000000
1002000000300300003004000000000203000000000
0000300000002000010100030000000342010040000
1030400002004010003000000001400021040003032
1010300002000400043000001000002000400000000
0000000000000000200013000042400000000030000
