42 5
500003003000010200000004300350301000440000
000000000400240310000100302000030300000000
100001031440400004000400400002001020300021
500011005000000000000500040050000000200300
000000500020001040204000100010000010000000
000100000000003400000201050050033000100050
054405001010003000040000000000003003001000
034050030040220404400000010000414000004000
010030003000000000010040240022000000011500
050100000040001005000000140400102400540440
004000000000000000000003024020020000000000
000024004003000000000000000004120500100005
400000000000000001000200045020510050200000
000310000255501030300003204000500350001020
400000050000000353100005101400031002000020
002000000040003040004400000000030000000020
000020000020000020000002000100000213200000
000000002130002000030002000033500000000000
000000032431040400002020000000252250210053
000050430400000000500000050040100403001043
003000000000301000000003420000401054000030
000000400000000000020200030000050500000000
500050000023140000000052000050000204000120
505000300003000000003300400002500000200000
001400002400002000152200000400100200200010
000104203040000001000001000000400300043300
025030043003050000000200020000000110050000
205044200130002000000000010000041005301100
400210120000003000053000005000300000000100
025100000100300000003400500000005400000000
002000000040303000010540000030000121000000
300230211010500210000050034030000001553000
030504010120042000500101030000040002050000
000000210004012000005050300000000003005400
010000000000004530540203005000000500030000
200000054000210500002001040000000050515001
003005002030050030320000005040504000201020
020000000000050500000000050003000005000000
550000000050030010450000004300050000050020
300500000100000010000005200003205413000045
005000000000030000000000200300035322000004
050100000000100203342000000400000020115040
