22 3
1021101012300201112200
3103002003332133000032
0110003310332002020110
0011122320003021010120
2201100123200301101012
1320321130312113332320
0000111030302021000210
1012222201302001001321
0133202220020030001100
0203000333031321320003
2130313030203110020110
2101030033131123123203
0111002223001131020010
0222112002233201010022
3300130010301203203020
0032022023201300002000
1020033100113230102110
3311222003020023113200
3003002020003002221031
3200012202333003023200
0033310333332312312111
3031000031020130302322
