31 4
4400004030002301002244102020000
0030000041202100001000040020000
0401100020010202201030034410130
3010024000010210230300000042042
2110000404102112000000003000002
0220201300002400431020000010100
0002030124002100200400400100001
1410340030200004000000031030014
4000320400000012400400200100000
0043040030000001000000000004420
0010030300210102030031020000002
2422210034202303040002100300340
3001303004002033000044000040030
3003103101000000100030010000220
0043000020044200144201040030010
1200000024000042000400401300040
0000004014200000121020332300000
0043031300121204200000020010200
0431014441131013001200030301043
3400140040400040000002100000010
1011010334012013002430004032014
0004313000243201000001034011004
0243102403130241000000230020340
0004044000003040003030000304320
0000003000003200030022000020300
0003223440000200020210030402100
0102102000103000004100024033240
0033000004300031314000140030002
0422130000400004323200010400004
0300000034000020004000021010000
0001303030001134030402020000000
