37 5
3012400453050000320001000000030000005
5020200000120552400550100430000120002
0340000000000110100020040300402502322
0000005515000400054310100000004054500
3010005400000003000000000010300400101
0000004400401005155003040220000401000
0040000000000000030020003001030000000
0022004000030010003003001302000210000
0100200300055040505040120040300320040
4204050102040203040005301000000000100
0000000010030003401200000020050000040
4031430000452000000000000040012100002
4000020005000200000500150400450000000
4202352001040100200004002004430500110
0002002000100433025050000010034000010
4000000205022400000100050300500055002
0000031100250001010000400000000001040
0000042254340000100400210000000300030
0002140010150001350300550250100000000
2005000003213000020043000000203004015
0031100002000000000004423000050000005
3000202000000550030510031003004000000
0021201530002505004000003004044300001
0000200100130050545002003040200300004
3000000200000210033050000052504000000
0010032024500150400304500041033000051
0005344000030424002252442403030034100
0000010350004200204004100000200013000
0004050512400105050000003000305000001
0200003550030505320000204053000503000
4030000000320010003033003100405005030
0000004105000011002051200102045000042
0540000000500000501302010003033102040
4511200521303040043300220000100100104
0000020130053100500004000520010500000
4000005020001000000100300300000025450
0050440003003010000015200010000023002
