33 3
200100000000120000000200000010032
010000123013000023021010102000020
002020000002000000103003030020330
001001022200013002000000010000003
020300000000201300000000000010023
101001000003020001000200010200000
001000012001002022013021320200100
002000200201000000000002000020002
000003010000003000003000030000000
100000002302031023000000112023020
010001000210000003000000000002000
020300000203002000010000100301011
002330200002020000300003010000001
020000332030110000201030000001300
000333000102000000102020030001002
200000320000000200100000100000000
000030012232001000000000020000020
330000000330000003300021000000321
000003100300000000003100000000300
200000300000000020100030300020030
100000203231000310020000000013100
000200000030232303030002000000001
030000010200000000000000200001000
203200000100320131011000000002000
300020020000103000113000000000000
000000212100110000000013000000010
100003000003003000000000002302330
102000000010000330000210000100000
000303103001320003000110010000000
000100200300200001000011030030100
003000003000000300000002000000000
020100020003000001000300000003000
000001000020003000000000001002000
