39 5
000000250000200210500000020054304300301
000001000000011100020000000001500005050
400040015000001000000000001002000203000
030150043005000003000000030021004400043
100000000005520000544100200500100003000
310103000020502000000112043000000000000
001002025000000031020000022030043050001
510020000000100250300000400205000040203
501200200005300500000500000044501000010
504000351004340020000120030002340203024
000023400050001030000003401005000314030
000500155020032000300200430000030050003
100000500400330000200000004210000000040
040320053000120002030250000002000024000
500000044500500034000044000000150100050
200040000004020500101400000000200012150
000005001000000005000140500000003035510
020505010300001000023000300500113002010
000000040020002004040020400000005000000
000040200004040000000401050045000303000
000001000001000400204044000400010200005
042400000501300201013400300043100100010
000000000011000140000000001040000002022
502040500401000001033204000020001041032
020101040030510000130010001003250200004
502000300010020000000050500200000300040
030554504051005000550000440300001200431
453001505000000041000300001200000000000
015020002000000002400200000140000300055
040500052005000400000000000003000000303
003500200000000105050401000000000500002
301045300000023003000300000003040000051
030200300000000050003000033025030020200
100350015000050043000010000005100000000
234020413440024400200400005000014050000
320402050141004000200000000031500302400
000200000300304400253000350020020010040
005204350000220001000000000000000000030
300000000200344013000500004300010003025
