37 5
4320310000300012000050002420003000300
0010004300100004503003000454000000500
0003004005000100051000100000212055100
0040001254023042400100000404002010024
0050110305003510505002000300430140004
5150303100000140000020503002002020050
5400010250000030001030304030014000005
0000000000001032005452050000300250050
0002400022055015040000134001114550305
2405000000200000000500300200000000134
0100010005030000000000000000230032000
1200502020020203000501402052140020050
0004153020005240450004023010400500011
0000005030000100004013202125050043000
0000005000020000400300320010100020352
0053000000000004500040302500040000003
0000041100001100300014052003010004005
5100000020030003050000300400000502235
0500403000043004412000051050105500002
0000030500402004400034500500040000000
0000020300003040030500125140030000012
3400120100004000030402100040000400104
0100500100000050020300000000040000201
1003140000000001300120050010000001040
0002005420005005430200030200103000005
0040320040302000415335100300054022203
0210030002000103430550035000040000002
0010030000051000500300000031000000304
0044323500000001020500001201000000000
0300041000200032240000200040001420004
0100040000300300000010003420000040000
0203000550500003200130001000000000100
0402300400000400101020200000150430010
2400000400245405000033410004000002033
0230000001050010050022102050400050020
0002020030502000000400201000300040550
0030000050050401000000100140530430100
