40 4
0300040000040202002001004004030010010000
0000030100000040000030000000000300000020
0020004000003230003000000400200003001000
0000101400030000000000000100004021030040
0402300000021003200002220000000000000323
0010013000000000000111000104020030040000
0102031100400103100000003200001104013000
0020002000001300000000010000402040000023
0000000010004003000000000000400000000420
0120400200130000002300000000200110000000
0000020000400000010002000402000034000000
0000000030000004300030000003004030000000
0001000000000010000030010004000000000200
0000040344003000000040000000000000000400
1000024411404000000040000400200000000030
0100020120324000000132000200000330000300
0003200003000000003200000100403000040000
0100300330030100010000010000000040303010
0000003000443020000400000000304002000004
1004003101400304200010400020000000000000
2000000020000000300200000401000041000000
0000020000000044000003400004000020104003
1000003000200200000410000000004400030011
0000200002020042403100032000004000000020
0000200020000000200000010000000002230000
0100000000000004002400040104000004004000
0000000001100301004000030000440000000430
1000103020000020440102010000010020000030
0000041300300300041100000100200000000003
0304000020131400000320000000000200000000
4220000000000000000010402000000300000003
0000032000000000002300040001000000000214
0000000010002010430030001030233000000000
0000000400420000010002000031000000000030
2004300004003000000010000032001000000100
0000000000010000000000000000033100002003
4040004120040000220300020100000024030000
0020200000000000300000000110000200000040
0100240120021000000041103000000000000002
0000001000104020000002003430004220030000
