23 2
00211100200001001112000
00001102200010122002002
00000000100210200020000
02000020121002002002010
00010202001000000000000
00002000000220020010202
00200000000200000002000
00010200010010112000200
02200010100210010020002
00000010202010000000010
00220202010001020010001
22000102211000002010000
02101101002212102211000
11001022200000010010112
01200102012002002100211
00100000021102200000202
12000011222011002002002
21000210000110210001000
22100101000000000000022
10020110011002011010002
12112000020000121000000
00011100120002120021202
00220011000100000100020
