34 4
0402000404003030000204321000030400
3000002140030030103010000030220004
1040420000303002300002204400000400
0404010040000000302003002040000010
1000000300002003033000040400000301
4001400003021000000040042230400000
0000200241000012010100200000044003
0200421140200000000020000430004003
0003000241440100000010020023341010
0004230040040030300223010000001000
1010004400010011300043200002010024
0300000400102000000000120002030010
2040100020300403000201032004003004
3200000004100300004002012000002011
0000004000000000001000120330020020
1203002403204304011040042002030000
0004000040400000000213002304210040
0200103020001000423001000100400033
0000000000000001040020000020200040
0030010001010100000200103200000001
0000030003040031000020000330003000
1100031030001000000000003002040000
4204000200000003100000242000220401
1131200001323040010003003040001140
1400002101400004024230003042004000
0200201300000003303000001100030000
0002020000000000030100240400214300
0200000000000020010040000030011040
0000010404110000104401213302000330
0040312004222011300102200010000300
0000004000300000200000400000000300
0130404200000000000000040001400010
0330000340004100001000030000001000
3140300000300003030002402004023022
