34 3
0133001201013000000000000000000012
0000010000100100300230000000001200
3030000123000033001200012202010300
0000100000000011000000030000120002
0010000000000000003013000000003010
0010300002000000010100000000010001
3000001000200003101000002010030002
3020000000010000000000300020030000
0200003000020000003010000100022220
0000000001302000000012000000020010
0020002002301130000000021003003000
2002010003200022000000000020200002
0000303002300020300000201100000010
0000001003003003000211202200010020
0030003000020200003021003000332303
0000000000200000030300030000010310
0010000003000000103000000000201001
0200000031100000000020000300001001
0020203030000000110010000010030000
0003000001000300000000000202300000
0023000002021002300300000000000202
3020023000000000000000001103000000
0100010010010000000302200030030300
0000000120000000000000010100300000
1100000000000000002030302110202022
0300000110000020020030003000000000
3001231002001000000200000102300103
0000003032231011000002000000110000
0020000030230100000020000000002200
0000000300023100101003010200000000
0303000100003010200020000200000000
0000000010001010000200000001000003
0000000300000000000002003200000000
0003203031030002000030020000030003
