29 5
44400013221020355452003202002
00304345040442350050000140300
20300200002050312022403501300
00054044200540400540430114000
05051305330524051213514000250
05240200540052120345040453010
10104044000503345002003050231
14350403302310010301130004210
11004140020333303441403044215
02001010200051110221004403521
44500440001301014020120020253
00115450000301231055215000202
21400520000554055034050040255
02540100023231002410143335110
02440000151100050050453055030
02015300200000405025250510004
20513001033011205332140301052
05100403113004503400454352330
41302024000050400005330321203
23150010131300011400250320044
00220532042041444505500004015
01100000012200010210300020540
01001104030050400030023251012
00202451102030021502042014030
20502553232201032000424030000
50550300232130404453300510305
33100320302012505302001400200
43341005300001402015044253205
00510350530334405505043120144
