42 3
010300003000012000201300000003003000030000
000020000000000000000000003000000020300013
020010000200000000000000000000000000001001
200230111020002000203020000020000000000003
010100031200000000302000000000000000010200
003032000000000001000020001001000000000003
230000000000000330000103000130203010003012
000023002000200000000020030000000300010000
000030300000200000302030000000000000110002
002000000001000000000002200000320000030000
000100000020001000000210000000012000000000
000000100000000000000100020030000000000000
100311000300000003000000201200000000010000
000302010001010000000000000200013000002100
000000000000000000000000300030000000000000
003000000100020000030001030000102000200000
000000000100003000000000001000000000000002
000000000000000000000000000000000100000000
000000000000000000100000202002100000000000
000001020010032000030200000000000020010002
100010000020000000110003000000000003011130
000202003030023001000300000231000200330000
000000002220100000000000100030000010320001
000000000000000300003000000230003000100000
310022000000100000000000000000000003000000
200003010000000000000000000000001033002000
000000020000003000030000300000000000020000
000000000000000003000002000000000300000020
000000000200000010020000000000000000000000
300000000000030020200030000000010000210020
000020003002300000000000000300000100000031
030000000300000300000001020003000000000000
030200000000001000303030003200000000000200
000002000000100000000000000010003010000000
000000000020000000000020000000000000000100
000000000000000000001120000000020001000000
000220000000100000000000000000000020000002
002010103000001002001000000000000000000003
000010300030001000000000210000000011000000
100001000000000000010000000000000003000000
000030000000000000000200000002000001003000
000000001000003000300000000100202300000000
