42 5
500400030001400000000030500000021300020040
000000001005000400000000010000100000000002
110000530000430050010340500000024000144000
004005033010000000002301000404220000000020
000000003005003042133002050000401030000024
013050055000050000400010020000040000000040
040500000055040105000020000003005410000000
000000100000000000030031005040002400000045
400000001000000020530500000050002430000330
000042000500040000004000000000340500400022
500001020500404300000010033000535040050203
000000200000000200101002230000003301000030
000000000000004100050035001000000311100000
000001010510400004000023430000025000000000
040100500000000000000103100005102041000400
003002000000120000000000000020000000540000
424200000000002002050500003401133000404000
000000000450505230000500033413000030031403
104300220000200000000040050002100500330030
000000002005100005010300012340200000405000
111405500000005000020001050000000304500404
000000000100000040220000001003000300020200
502000020003000000110220005000002000004005
010040002200030002300002205000000030201000
000000250030000000000000200410040500000000
000020103000000043000020000500020011500105
300000030001045030000403000001020310040400
502004201020000003050000000402450002444100
000002400300000000010000000000000000000000
104220000003505000000030000000000000045004
052002000000030000200000020504100040045304
550040010000000000005031200000300300004000
040000000000000050320010100200020000000003
103000000505202000000000300000000000040000
400050235000101000050000000050030010020005
050200300000000000000000020344201400010305
500031500000000000020500010000010000004000
014000000040010000300000010000000002500243
001500010000300010001000031100200200200101
005000503402100300541000040000000000000050
231040003000500000005500040000200200000000
000030000003000002000020000510450330051000
