33 5
000002201113010020045203400030000
322540105210002400521000530000200
402500200000142000010000045410130
001300400010005020500310401000000
100003010000050025000000005154014
205400001013050010010000044242000
030005520200504000000040102100303
032031000300440100250004030214450
012040030002001000050000000500350
202500050510002100104304050000555
000330045200150400000054000044135
200524000000113002300001400505003
000023310020013033051001101150030
002300200500432540001530004040450
352000400300004330300000000202104
050000030232225100000225000314344
300222144000053020000135000400305
231004000500020000020005000021013
000034453000300020430445004003100
101004332522043011051403020020400
000255000154500200035005500152500
500554043451041002002004001500500
100502141045410005003005003301303
500001000400044053300050002030053
140520003200000000010300050003000
225440010001000020001421054003015
000340125100400230200334200505010
021005435051332000401100000420000
000402430003402031230040053033243
321300133134000413200000000044051
020020100100130544504005102040005
042401030000205000000141005502531
204400223000000204020100020300020
