30 2
000000001100000000100000000000
001002000200010000002010001102
220100002002000000100000021000
000000000010011010000011021000
001000001001100010000010001211
020000020002200020200000022000
000000001000000000000000000000
000001112020000000012000000020
000000002002010002200000000000
001001000020001000010020000020
000000000000000120202000200102
202021210010000000000000000020
200020000020000001002000010202
020010000000020002000000000000
000000000101200120120000002000
002000010000001002000000000000
000002000002000010100002200001
110010000020000200100002000001
000000000110000100112000000000
000120210020000000210000000000
000001000000000000020000100200
021200121000002000000020002000
020000001012000101000001010000
000102000010002000000001001220
000001001000200010020002002001
000020000000200000000001000202
110000000200000200010112110000
020200000000000000000021100000
200000000000002000000000020010
000200020001000000000100000010
