33 4
000010204000020400004000200000300
120300000012100000010040000003000
003001143000310310030400302242430
004000020020001021140300040041134
000030000000444000342040030032000
000320300000000044204003300200000
003001000001000020000000242400030
000020132003002010034304310033000
243001000040322000043031104001001
000022004020221022243014104304000
000000210001042003400020142402102
020402001343000100000000004000400
000000230000000003220300411000300
300000002034040034200000400104003
031003003003040400223002400230200
000200000042020111400003000100100
140000000110010410032000000000004
000110000000010000131230230000200
003000030031304020002002032003300
440300020040004201010002000430012
000400100000000304004000001030000
000030000041230300010040000002400
001400002043031000100002102004000
000030000000040000001201340000010
002004000002020000110000030410200
403000340323010204022010000400041
003100430002000000020000000000044
040431143044002301000220020000000
000304000100010014020100013031310
400401000030002210030010040000400
200000001423030002030300010100010
002223004040030021000011003000000
001140000403100224000031201001002
