40 4
0000440004443003000002010000000200000003
0000302002020100000203000030000000044001
0010000010004000300003000000000002002003
3040412041020420040430030040000000214003
3000000000000000002340000400002002000040
0040000004000040000004200120000000100010
0000003003100100010200400020000000040032
0100000000020000000400020001004000030000
0100004000020000300100000000004130004000
0002002400030000000001303020100002002000
0002000003001400100001000000000043000000
0040020000000302040004300010000000040334
0000000230102030000003300000000000000040
0000002000000202000000000242400000100300
0202000000120203000003300300001000002000
3000004100000301020000000020004100320030
0000001001420000001000300002120000343000
0000000000000002041004130000000000000000
1000000000002013020300302240000100030000
0000000330001000003000024000000002010000
0004000000033000000000120002103104000100
1000133000000400000003400200100000000000
3030010300104030000000030000002400000001
0402240020002000000040000000000000000000
0100003000100011200001010003010002000000
0003003040000020100040002000000042000104
0002000403002000001400200320000000023003
0000220000000000000430000000001034002000
0000100000003000000110433030400201042000
0000000000000000102040000000000002000001
4004000001204002004004200104400200100000
0101004001300010000000401000004020000000
0000000000003003000040000030410000003000
0000401040000000003030000000010300422104
0040010000000000032004020301000000000000
0000000320000040023104000000400000030103
1002000000000004000032003001100004040003
0000021101000402020000200010040003000000
0000002130400300020040000410004000000000
0031000000001010010000000000001000000000
