25 4
0100213403413000344340122
2220221323402400423030010
4430212110334401140412212
0011011121331234043120010
1030024323040403110214000
0043020241024022234044200
3101330032002040400304234
0220111002300133403403122
2304300400420211000313431
4100040000000123430224030
0332414420020042403211404
1014001023411330041013021
0432033133400114002230303
0000040122020001331113004
4400430302420040123343403
4024303000100203213001000
1322010021004422014333000
0000023240203231100140003
1004042220330330033400033
4310200230224001314012302
0103104211304042211002244
4400002304002021103010201
3144014030430424104424100
1020240102123102004001011
0240021412140023013304044
