32 5
00000300023004202052201113000540
10114050011000045004000031500050
45104200303000000235111105044030
00120004301000501003450020154000
00304100000050200042044500000044
00003230555023410400010040000510
02000533033530041020240004104300
03002400110203530050001000050002
22400522000000520402024013240002
03000101000050330200032201001000
00000050331004535300010320252055
00002003530054021100045003554300
04042044332330300011454010050130
22041400200332030002000001355120
30030042032000300510254000003403
01040000000204330410400045405040
40023503024400550200550100000443
00530000245000050041020030000130
00410005000022105354414000312500
00340454340002302040000053400400
00450550225040410051000001010301
10500000000042002000423412001253
13100015003015530502002001102200
25050050302021003000000011100100
00003120324340000055012030005530
45140001000043501410003400341000
02500443002100022500455200220202
53010043500201342000004001511000
05421200021000040000010105003055
10234300000100144250002000000001
02030210152510003305053410220104
24021100005030300523540530503403
