39 3
000000000000000000010000001000000000000
000003020000210000002000330020133002001
000000200300001002000000010000000201000
200000000020020030002000002020000000020
000002000300002000000200000031000000000
000000000003000000000001000000130000001
000000000003000000000000100000001000000
100300000030000100020000000021000331030
003000030203000301000000002332010000000
000010000000002010000000201200000020000
003130100000000103000000030000000301001
000000000000001000000013000010000002200
010000101030000001000000000000000000000
300000202000000100022300030010000100032
000000030030002000000200200000000001300
010000030000000000000000000000200000000
000010000000000000000000301000000002300
002001020000000000023033030310000000000
000000200001001200200220000000000003000
030100000002000000000000100010100000300
310011000020003001120000000000100000000
000003020000000002000000100001200000000
020000300000000000032000010000003000100
010000000010000000020000330002003000000
000000133100000031000033000310021103000
000300030000000010000320003000000000000
001000000000003010020000000000000001000
020000000210020000000003021010000000030
002000000323030002000000010032020000020
003020022000002110010000003020000002010
002002000100030100000000000000001001000
000000030203321232200002033003000000000
000000000030000000000200000001010000000
000001000000200300000000000000000000003
000300000000000000200000000001000000010
000020302000000030000000200310000002003
000102100000003202300100000003000030300
000000000000000000000000000030000000010
000002000120201000002002100000100230010
