38 2
00000000000000000000100200220020220100
00000010000000000020000002000000000000
00002000000000000000000000000010000000
00000002000000000000002000101000000200
22100000000002000000000200000200000000
00000000000010000021000000000000100002
00100020010000000000000000000001000000
00000010200000000200002000010000000000
00200000001000010010010000000000000000
00000000002000200000000000010000020000
00000001000000020000000000001010002002
00000000000001000000000002000100000100
00000110100001000200100002000001020000
00000000000000000000000000022000000000
20000010010000010000012020000000010100
00010000000000000000100000000101000000
00000000000000000000000020000001001001
00000000100000000000000000000000000002
00010000000000000000100000000002000100
00101000000020010000000000000000020200
00000000000200000000002012000000010000
00022000200220020000000200000012020001
00000100000000100000020000000000000000
00000000020000000000000001100000002020
00020000001100201000101000001100020000
00200000020001000000000120000000000001
00000000000000000000010200000000002000
00000000000000022000010101000000000000
00000200000000000000000200000000200001
00000000000000000001001000000000000000
20000000000020000002000000020200000000
00200000000000200000100000000000001000
02020000020000020000012000000001102000
00000000002001000000101200000000100000
00010010100010000020000001000000001000
00002020000200000020010001100000000000
00010000020020001000000010000210000000
00000000000000002000000000000001002200
