39 5
000500200400031010014000000012500000003
004010200000000304052012405000000541002
200312021002240533030020100000010400000
040332400140250000040003000005004440011
000000024000104000510000400003200105300
350020000000020050000050040201000243000
000300010300040000000100200010000000100
205000000535401010505003310053000000000
043000000001000500003530000030015050000
000220500000004000040010000000050030400
350005000052000001100550000201304005000
001010000540050020021020100200000404000
002050000000400004400050000001000100000
000010000030005540010000002000000003040
400000200000015000000241200000001403001
402000005400000000002030000400013030052
000500200000002500000340250040002001201
020300003000005000000000020000010000510
014042030205202000500000020020003002015
040000312100000001050500100200300540000
050000000013000000400200220110040000030
021000000200000002300312020000523005500
403350125301000400340403440000000043000
351003040340000403130050405040510040030
140000040004100020400001405050050000010
134300005430000000300044005420005035550
003300000540000400550200130200000000003
010000020420100000050000200024000000004
250005540001003310000200055000010003000
003031400030000010000032005003000431001
400010000050051001050003000020000000122
000033000000502504011000300022000000000
104000224000000000430001000000000000025
400000040100004000000350000000000400001
000200300000030342200552202000300320500
030020020004020004505001413050230100300
520342001310010000300000000050000033000
445040000200022000403100030014303000500
500005000000410000000100000000300050010
