24 3
012012201020020003010200
001302013302100010100200
101110320000032200010203
000000312102200011030201
023232302002000023230312
010020200102132330021130
003102200010010100210113
202120012220011000000001
000002031030130213103100
330112031033301102012003
000003010000203113100001
101303200011002320010220
032130100300312133331003
000202332311030030301000
130203022321030021301010
130303021220030002001100
003133220203002121113010
003202300301031021003000
103203120002010100000232
023001230000202120020220
030310000233001003213003
003103131212001003002332
320000030200020302000000
000302333223010001202300
