28 4
0040013002224401022000340000
2304200044003334024320420033
2042044032422203042004030200
0040044100040302040232110010
0000020110203430221034034040
0014000003004003020304001143
0413020030400000204003041043
0021010000031103440021210340
0000000012204000003440202100
0000300110012003104001000340
1220332014340411010400431042
4012020033004304003000000433
2300040400100430000100004033
0002413430100024330022032100
0222443012411043210000024013
0330001004000103100014001012
3420010030032020200340200021
2100223000401300330003020400
0043020000232000230133242240
4000000001001440401132002000
4010303330100001102240002300
0011010004212410400030023004
0202122002010100041400413014
2000330000001000113303110001
3303001120014031300003230300
4010140222042124000043020012
3000000000012430043200002041
1100410104131042100041010321
