31 4
0020000410133000000020200000400
2100004200000403230004000000040
0303303010300110040024004000403
0010002001440004000000003020300
2440300440000000004002000000002
1300410001000001003001104220011
4203100002120300202000200300003
3100000240003130203331400000034
2000240003000000201200340010100
0110303002400400000004000143010
0000440000004130043004030000010
2300030401030200440000301000300
0000240001013000030033103000110
1130010300203034020004020000230
2201444424220040030300021010312
0212003310410300000102000103000
4020001400042324041200302120200
0004010003404004102040002130200
0000323300002000000030000000040
0202100001301001200000003002003
0422012304040000322100013000302
0400000043014200001004010000000
0132023331000004030300031402200
2312000042010040302032300400001
4101001300124403000011040032014
4040234301300200020104334032101
0024300104000000000000000033140
0100100421213400400410101000240
0320000310020200000240000010020
0040410424002012010442200031200
0030040200100410400000400012020
