35 3
00030001000000200000000000310030303
33300000032003200001003000000000000
30102000000000010000003000000010000
00031000000000030022010000013021000
01020000001110030201103020300202100
30000002330103000010000002000300001
13002000030031000000000020001010023
13010000020000000001320001030120030
00002000001100300000011000000000002
20000000020033000010200200200200030
30000010000000000200213000300012000
00020100300300001002002000000000003
00000000200030300200000000102000000
00002000002000000030022131000000320
00000200000011020010000200000200101
00000000330000023003000010200000002
00013000200300200000020200100000000
01000000000000000000000020000030010
00033003300000000030000003000002300
30200201020020000010003000200000000
30003203003000301000012011010000001
00000203002010000000030120000200000
00000100000000003030000202100000000
03300030200201310003200000000000020
02022033001100003030000000303003100
00000000102002000000103101000000000
31011000000000030020000000000010002
00300200301200000020122000000000000
20000300000000000000000000000002000
00000000010000000000000100000233002
00110010000000020000100000330020200
00100002200002010000003311000000120
00200000000000000000000000000102000
00000201101300000100000000000020330
00002100100000000000010010000003100
