27 2
010000200000000020000100000
100000100002002010200000020
000001001202002200120010000
200002000000000012200000020
000000002010010000002000100
000001010200202020001001022
010000100200201000112000010
000000000100000020011001000
002200202020000000000200100
210000200110001120000000000
210000000100011002100000000
002011220100002102010201000
010010000022220020021120000
010200120012002000220000001
020000101001000100202000020
010010102010000101000200000
000000002200020020002011000
202202010012000002000002001
010001200000200220000000200
001000012000000000002000000
000010201000200002020000001
102000000002000010011001012
020100200100100000010000000
100000010000100200001010000
020000020110000200000002000
002000000100001000010010020
010002010000001000000010100
