22 3
1022210023221200020220
3020000031303122210130
2031020032111330002030
0210303321301033310210
1131121102220003020003
1012220020001103023130
0020000003130032320032
2331120320120131121103
0303320013332031102211
0222031231100033033030
2212003213211201002330
0110201011111031320021
2210031323001030020031
0000000203103313003000
3300211020130000103230
1000201010200120132131
0332232331101211223102
1203030103001122100203
2201331300200301233330
3130200100002031031222
0321320030231133201021
0020210000002000200302
