36 5
000000332020500020400210003101100253
000003044001500520330401202000200400
043304100000000000020000533000001000
140005003300000403030010001000000000
144020000020004020011000500005001001
000403050100312010200002045100000001
100540040004024000500020050001040400
000005000405100300030000400501030020
400230510020203042100503050053500050
050032112054002140010500101030000000
003023001205010000005000004304400030
120040010004020020001023440400550000
002200532200000010105000340000020100
002510005005040030310000522400004005
110300314400002100420030202005000000
000000400050020000303350010050005030
000003110000430020015204521030000514
000330050400000000005330120000230000
305020200210002034043020025000400000
004054035000025005003100211054041502
000431002500010020000300435205000010
500010541155024403300304402004300000
030005010040405014002000500000003100
050030150000040003203000045000030010
200052050000000005023120032000440012
000005000400050050532450000501550003
235020003200200000005400000011000004
000005010000300404000002010000000450
002040022000340000514002000000440550
310010000000050000030005000051450400
002004502100204000500151020000230300
100301004405000003002330002350000400
002005400540024010033000200000000000
040002404004013100000330131000210000
403003021304300350002010400011310050
020003050440502000402010001312030000
