31 2
0201000000000002000101001101000
2000020000020201000000000000220
0000000010001200000211000000000
0022000000100000000200120000000
0000020000000000000000000002100
0000000010001010000010000020100
0000120000000000020000000000000
0002002000100022020100000010000
0020000001000000200001000002001
0010020000020011010012100001000
0200000000001100000000220000022
0012112002100000120002020020000
0100000102002010120020011002020
0000210000000000010000011000200
0000000002011000020000000000000
0000000200111010021000000100200
2000000000001000000122000000110
0000000021000000000210000000200
0000002110000000000000000002000
0000000000020000021002000001200
0001100000020000000000010011000
0002001000000000020002100010000
0000000100200212010000210002010
0200200000000000001000002000001
0100000200000000020000002000000
0000000000000010010002000012000
0001100000000000000001000100002
0200000020000000002000010202002
0000000000200000000000002010000
1000000110020020000000000000012
0100000010002220001020000000000
