40 3
0000203100000000002030000000000030000020
0003000002002000000300000000000200000030
0000020100020000020020000010000000000000
0020000000000000000003100100000000000100
0222300300003000000000003020000000220000
0010130000232003003010100020030000020101
0000000000310000000120020001120000000000
0030101000000300000000000000101000000030
0000000003000002030000000000300000000030
0020000030000300000002000000000200000000
0000000000022000000210020000000000000030
0230000000001300000000000003001000002100
0001210200003000000010000000000100002000
0000030000030000030000200000000320000000
2000000103000300001000000001000020000100
1000000100000000030010100000000333030030
0000000000000000000000100010003002010000
2000000103000030000020010230000000000000
0300000000200001000000000001000000000200
0001200000000000000000000000001000000000
0022100201000000000000000000100000000000
0000020100011000000000000203031000003023
0000020000012100002300003001000321000300
0200000003000003000000300000000030030000
0000003010002000000010000000000000002020
0000000000030100000010000030000200000000
0013000000002301000000300000100010202000
0000000003000100000002000010300003022010
0010000023000000000001010000000002000000
1000000030100000000000000300000000100000
0000100000003010300000000030010000000001
0000000200102000000000200000100030000001
3300000302020002003200000000020010000030
0020310003302000200200000030100000000000
2200000000001000000000000000200020000010
0003002000003011002020000130310000000000
0000130000000001000000000000001203000000
0030000001003200002000030000010000200000
0200000000000010000032031003000000000030
1000000000000102000000000221001020300000
