26 5
13454051225340405552022042
40010402412233555331200355
51550212340033241503335502
44501051343130311340021230
12531100025515325320303453
30420521020023310310505425
11104023314355001000000305
03532312220403002021253430
10100000230044541004015042
23004544135044103422340505
40004140000304520540111454
21234330131030333542243420
14350050022104455014551450
14204505422243210320050230
40111220413152405054514100
25510430144212423034240241
03334054212500525302252022
35040431120030411200010515
51051512232524530224004400
00404141104240154551155545
10035213511143043002224020
30014334130150503220334051
45042024305110123005034533
30425300550530550301151411
00002111514303005032434233
52414420323212010403122150
