46 5
1001000000000200000300003000000000100000000000
0205400000350022000001000100000053004040305000
0005000001000500000001050000500033050000110455
0020010003050000500000400500000000000000000000
3200000100003000000040000030001040004010005000
0411000023003000000430000004030500001000004000
5000000003150500040420000030040000200000400000
0300005343000001000001000400000300000050400000
0000000200025104000030100500530004000020000000
0002003000020000032000300000000000500500000000
5300500400045001300000200000230000004005050040
0030030000002000005000000000000020410000001000
0100405500040000000003000400000000000000004000
0000000000500003001000000000000003000024000000
0000000510412001001000300150055000400002520051
0403000010000030000200000000001030000000400000
0000004300040030000502021500040000004300341001
0020000020140041040000304200300102002020002003
0000000000000300002020000000000002000000000300
0002000040004010000000000004400300002100044004
3040400000400000004000000000000000000102030023
0000001000021400005220001000012400020500030300
0000000000000500000000510000004000000000030100
0000001000040000000000000000010020020003200000
0000010040500030002000000100000001000000040004
0000000003010500005000000310000000000005002000
0102040040011000000000010000133005200500200200
0002010002310000100350044004410500000300000001
3020000000000020300402020000201002000100000000
0220004000010500000020000000410000200000330001
0303000000300000040000103003500100000043000400
0000000000200202012003000000050000002000000000
0000000005030040050010000000000000000050050000
0000500003050000050000050300000000000203000000
0003010500000443030000000000000400402000003000
0130000500005010000000000002100202050204102010
0000000000040040000000040000000001044250005000
0045010000200030000000500000000005000000000002
0000000000000000504000000000004500500100220000
0000000020000000000000200000004010105002000000
0014003000000005000000100000203000200503050400
0000000500001400000000430025502030003030003000
0000011500000030000000000000000001530202000000
0055120005000002500100000240040000500000100000
0000210140204100000000050000004005005500003000
0304330550403000000000000010020500002001530002
