25 4
4000041433010000234403010
3240330000404110403011324
0102210303010100300130233
4444101002410302421010220
4310103241440014231230024
0340320000121310011022420
0201224121000300303001204
3420114303442044340202103
1314010041024341230320010
0223001230420334120401341
0244203404001322133443114
3424334230031201040032433
0401000300041130040001330
0234004001040222013020021
0220343140023430202301222
1324102330404210212432232
2100221000202133013442001
1212101013000100000400101
3100040330040300400333344
4034121040030420400314004
0400030040002230202031040
2221033143221040041424210
1340014144120123042110330
0400421212033120300000200
0212004103140003102024403
