27 2
010000000000200000000000020
000000000001020000021010001
000010000000000020000001100
000020000000221000000001000
012000000011002000100000200
200100101000010002000000101
010002020010000102110100200
000000200201002020100220000
001201000000122000201000000
001000000000002000100220000
001201222000000000020020000
000000002200100000000220000
000001010010121210200010200
001020000000002220000102220
000001020120011002000220000
001010020000210022220002000
000000100220001210220012200
000000100000211100200001000
000000012000020012010001010
100000100022010000000001200
020120210000000000111001110
000010000210202200100001000
002000010001000000010010000
010000000001202020000000100
100000020000000000020001010
210001200000221100000010000
000200000220002020000001100
