37 4
0000320030020030120030302300400030000
2020340010000001000000000402003101002
0210200000300004000312000000012000000
0001004023010220200310110001000003000
0000042440040000001210000000400000001
1200000000020010000040001000420000000
2040102000004000230010010044010000000
0430020000000032300000414010044033000
0003010000000003200000303003000000001
0010000300202020000000400004000004020
2020000000000001000010004034000011020
0030400040000000000020220000040000000
0000400200004340000400001030000200000
4003040030000003100000000001000040001
0220000000100003000034000000200000000
0000040000202000000200100000000000001
0030420001003000141340000000000011002
0000001013004140002420000000004040000
0200301000002412000100000030000000000
2431010000040003022003000000033201000
0100000230401300200000000003004100030
0004000410000012404042100000000203000
0003004041400030001000001020001010000
4000002000000200030000400000010040004
2000000320300000100000300030040000010
0043000000004004320000000044004000000
0400001310000011300001001000001003002
0043340000000440200343001010400204000
0000000430000223100000032032000032002
0042000002000000010400311020020200000
0000000000200030200303300042420000002
2100330010000400000300000200000330300
1000004304042011300002004101000304020
1000300200002300304010003000200010000
4401000400000023000404100004000003010
4000400000002100003300100200002000030
0241030000030040110320000000030301000
