24 2
022201200201000102012000
200012200100100201020120
000020000010001001000000
011002010200010010000000
221200020000002001002010
022120020102002210020220
010011002100001000020000
022200000221200000000000
000010120010201001000020
201110020012010220010100
200010000000110011020010
001200000000100001020100
020001000000000001100000
110001102000202110102002
022001000202200000111201
000002010000200020010002
021100020100100022000202
000000001000020000200000
010010010001021020001000
212001001102000211101000
000010200000001200201000
100100122000200002000121
200000100012000202010202
020010002000200100000002
