33 5
000210050400500022205550200000051
000500043301224250023310200100000
030152050101001300050055503321015
000003050002400003010042340402554
013031305103050520500200050250500
504302200004520504100000000200320
401000012001000500500005005023502
004130234050000004250040100000000
014004010044010000020032120053000
000040022013135303000000000101405
030000010400003005420502543011334
000300010000330203000100000003045
044541004021005130015044002001200
000535001000040005001351002503032
412043420000000051043011501010345
100000050010233001350123050030442
040101330100055043005434400440000
105000200052030050303100020554001
014044000201000044045240004240023
200504000200201313000040442000040
053430405104002003040042400310202
100004152000203002051222002245300
030000551300401005005000000055001
003400000401002003002050303010300
000023205020002104000030003050440
000001000000035003000052510020000
110001020110520124210303000220050
201400445002202120003000430045300
020011400503350003005000405040010
003400010002000400100312400400100
000014003002345025124004013304021
153330500300010030200500401003000
050300000105210040304220454053002
