35 4
00000030000312044100000320000000430
00000003000100301043330201000013330
40000210410000101000000000002000300
00000000010201010010010000410102000
00401302000200000010000000404300204
00100100001042000200102112000430004
00204210003003000401000004040000041
00000200440300000203010030401120000
24000003000000000000000000010003002
00000000003000000400102000401020001
00300000000000040000103002004002310
02000200000403033000004000000002330
10004000003300000044000030000300100
00040000400000000231000000000000422
00000430030004202322022300000222000
00013000100033400000013100030300003
10003000100000200030030020003000020
04040000000020000302240000010000320
10000400000200300430000440000000010
01002300200030100044002240000120030
40300002010000023004204000140000330
00040410321000000000030320204002101
00021200030000200303004001000000002
00200020000331430040002040200030020
00200200000100010434000002000000003
00003000144320013010000010040040000
12400422000404002400000340000140220
02032000000000403001100040400010000
04400020100021140304022340100030042
00002203301004110004000300000410000
00003002310010040020400000040400402
00024003013024411000100004000100000
13304011040240010220000300000020010
30004001010023002100000000303302000
01000001030011000410000004000000004
