28 5
3401300300023402513220100531
4000220030403103025000400000
0153423512450144025000245501
0112003240414130221333552001
2030214121040310103031502404
0325000230102350502512154420
5504022104304043030450150040
0010500400501150055410300350
1422533254045342200203003040
2430011040010045401050015503
4010251420253555000002303201
0234503024052030020502100002
1215132520203450220453010030
2200552520050030012415400201
0055350101100004501131502405
1254520004010012155202203313
3005433340050055502054004055
0320300523524250110025424355
1230342420404025031140435000
3501240100543040041144005011
4033300130501342104314305302
0311352030024002000010153543
1101202331432000132013240000
4040300002000110201100005301
0402023103005405445055455411
2004310400440344432201051351
1540500410034000205300104005
0444233321034053240223041003
