45 5
000403005000030300000000200540004105020001200
000050032001030001003300005000000000002025510
000000000000400000003000300000003000000000000
403130054000002000000000004015021500000240000
000040400004200003000005004000002000003000000
300000003055001030010003000003453004000103045
010503000000000001000001030100000000200000000
030000000000000004500400000540000000000400000
530100030100000040350000000000030420200504000
350300000000000200002000020010000110050000300
005010040515002000000000030001000330000000000
000000001000000003000500040320002030001000000
104410002000000001030030000000000200000500000
200200000110000500204000400105050000000000100
003000000000025000004000000000020000000000005
020000000025050050005410040001004200024000001
100000000340020500200045000000000301035000030
043000100000000303003000000020000000300002400
000040200025000001000000401002200000000000301
000020000400000000000040300000400000000000302
000400000030000050000502000500000201300020000
000302300020000000020000011044001050005200310
000001400000000300002001000005002020000040004
005000000000000000350000000001000000400400004
000002501001040000000300030302400520002000020
030003002000002200000000000005000000040102050
330000000000050030300501001034400005000030040
510200000204004400400100005014000400000000000
050000000000000000000303000005000000040002000
050551500310125200304000000000000000030001000
021004001305001000341000000000000000000450000
000001000000100020000000000000400102250002102
000235131001004000000000000010024000000011400
000100000002000205000050003040000400004002000
000000003000001000002005502501000000053040000
200000014000013101500003000000000000000000400
000000000002000400000400000000004004003000010
300050005000300000530000000000020515000000000
000200000500035020205050004300000005014100002
000000300000003100042450002000000200000000505
300000500323000000405001040001000000000200000
001042032300000400000002010100000004500300000
000000010410100050000020000400000100020040000
405044550000000210000000535100000000000000000
000001040000500000500000020000310004000002422
