24 4
210130124021020233040434
414421430003344020120302
123222000000303111304234
133000034204301121202432
121413220404211401030001
440204440340024331310413
020131111031000423300100
302030214022231240130020
210434040342042010423002
320010034040204103430000
131142121200404020420424
410032113041200012430333
411041344024334400312333
314203102340302304313203
120441124301301100312434
010040141002403101220210
434102113000203340200230
000313214404240240320320
302301223322334100200142
310432400444113341120424
423041302214131444214001
111340400120103434101030
122200434020020330020243
002020014202211030310320
