28 3
0230000000200022001003000120
2033300000301003000110232000
2030003220000120120000030032
1000200030023202000100013103
1000302100030320033000000001
0000100211000000020002233300
0030000000300130111000210030
0131113010300000002000100010
0323100000220300120000000001
3000020023123003000301201020
3000132003030100200003020021
1012002000300010200003010011
0012020110200000210000010020
0000002032220030100300003000
0120020023010010300230000010
0002001002001300001010000000
0000020013102002330000130200
1202320013300100120012013230
1210013003020010003000000000
0132030003003000000110000000
0121020103100000003302230030
0000211010030003000020032021
0000322030000000210330000002
1000000000212130000011003103
0003200003212302000000002133
0001000030000001131033200132
0000010020000100000000100022
2001223000002033002300300002
