26 3
00003000030020000030302220
00202000200210212112000132
02313202311020011301230301
02000002110000031012000000
00000120001000000031030020
22002100333010333000022000
23003022203230000020000022
11303030000003200120200030
00103000301313232111000320
01313000202202012130110000
00010310020200000000200000
11203333300120000302000000
00020001222000101100101000
21100002030001000100000003
12000200000032000300000023
03120031310003012211000033
10000133230301210013030013
00101122001100000200000113
00200030020010303000030320
20011200001033321123020200
33000101000123223000303000
30001000301110331000131000
00003002031000000122030000
30120201001001020023000010
00331100202000030120200000
22002330301232013033200123
