25 3
2100301030303310000031002
2203300020120000211020101
1020300021033200000210021
3032000022200101010003210
0012023303000001303330302
1000013020210200100300010
2010003000323200031232230
0300010000201002111031003
0011030003001202001122001
0000000002100002010300000
1023130020100303012203222
0230100003210000000123110
0200000203000331013230331
0010320000030100131000000
2002223010330103300001203
2203210201010033030021300
2003113102310311013221000
3203112220020030000003010
0010300203232301000003003
1020001000300300021030000
2200010000200200012230020
1012102011000000003000000
0013203311000323101030000
3320331021131022030021220
2021000202030231030012100
