31 4
0022000000301202004003020204003
0404401010244404004002420410000
0404000043002101040004000000000
0040100010003302200042200201024
3002001200022000010000403020040
0400000023000132024023310020041
0300024400141241002200300400320
1003004013002030420000404040100
0300004010303302000030330001200
0404000130001030000001030210000
0100004044302000000300031023302
0400000040330002403244000330000
1024401041010000400000200000020
0040000301200030403203000142000
3020033200000100004204010010113
4004000000220001002400000000001
0034100000230000200020231030400
3300120100300330001002000020134
0102023300441040333032040000101
4043000302020403020300000000101
2142001401004200100122400400003
0234043304001001403002300101003
0200000000410000000100000120010
0433031030002300303340300240012
0000000001000400000120104203003
0001030000011014100100031000020
3000310310002202032042114340014
2322010001044000010203002200024
0103100000000010102123200030000
1334400010000000001000200000101
2030030001040004021401140440024
