27 5
413413534120021044404550500
111031005000320052305050443
005525020544303033555300111
540400011032553014243250000
000344055022044253215212340
400533031555245441522221200
213401343122210041143200330
450200503434400341111552050
113310000140012133301030011
000051500010011403405504301
023002411504312130420245000
052344000120402300513313514
220235451030122045520350012
340020002432451011502030003
243552010033011243520003021
131000240241052400223043010
342201000130200120324214335
310205530540200050212140010
314124550120033111232343005
452355051005103005004010540
331540420434204214000050422
052353503402215044254010200
024421504234303234215535050
342050005555204405504435404
042050210130131053012002434
215001041043000510241205304
003550502310414033245035052
