40 5
2000400100300000000300010002004000000000
0000003000002002040100000134000010033300
0400202000024000004000005300500300050000
0000400220004030040200001300000000000000
1105100040000000005000003002530003002200
0402232005000300000200400100400000002500
0200000000003440200000000403400000204400
0100000000204000500000000300001100000241
0000000504030400000350354030400000300040
2000054002040000032000001000030402500000
4000001440500000100523001422530005500024
0000020000004000001003000000004000303005
0000000010150050540300000002300200100400
0010205041003030152030002000041540001020
0003000002030200000000000000000000020000
0040000030003100003400120003335300004000
2002000400400031015000050004015003210103
4204555000044420000000000503000101055410
0000105100005510050020005510000025000005
0000040510500400201000000000300030000410
0000003000020240000000001510000500023002
0001300202500400030200100402052000200000
0005005000154100205000040000000030000000
3030000100303000210020000020000000020000
1051001000340000000011300000404302040300
4000410120001000401000000030030030000005
0000005000550000130005000014000201420134
0504050000420000005002000000000003440012
0000100153000000001310230020002004120000
0000155000400010004200000003500332000540
1101000300000400000000000002004055210020
0300004003002000001305015000040030030000
0004000000000014003000004050205100200400
0000003450000300000000000010300055000055
0330050120000550100000000200322040101022
0000401000040005000001000010100205100000
0220000100450000551003005000200005050050
0005010401043000003050000005130002225100
0140302500000300030010005000000045003003
0030000500100200000000000044000500300240
