38 3
00002020020300000000300000030000300100
00010000100100020000000003000012000000
00003000010002300200101020000000203320
00000000000001200110000000030000002000
30032020200110000001101003000000001010
00000000000000000002000230000000200000
02000000010003000003000000003001000000
30010000200203003000210000100000000001
10000020000200000021020100000030020003
30000000000000000000002000003000011002
01230303003001012310012001000300000100
00000300000000001000000000310100000000
02110000002030000000000300100100000000
00030000000000000130000000010000000100
03003200000000030000300000000001000100
30000001030000012020100000001000000000
00000000020000000130003220000020000010
03030000000000031000131200000000330103
00003000000002033001000030010030000000
00002121000001010000300000303000020202
00000020002000000000000000300000000020
00303100000000010020000200000300000000
00300002030200203000000000012000203000
00020130300033010200102000000001000000
00000000000000000000021100000200000100
00200003000000003002000000000100000100
00001000220300002000000000000000000010
00000300010000210002000020000000100200
00002002000012000001100200000000003000
00001000000000000000000003020000003000
20020020000302033000000030000010002003
00000000000003000022000000310020000000
00000000000000000002000000000000000030
00020003200010031020000300010013000200
00000000001000003030003003000001000021
00200000000103000100010000130000000000
20030000000000000300002010000012000000
00000000022003000000000000030002002020
