35 2
00000201000000100001000000000200000
00020010020000000000000210000000000
02000002000000000000000100002000000
00001120001000100000200100100000000
00021200100000000000001000002000000
00020100000100000000000000001000000
01000000000000000010002100000002001
00101000120000000000001200100010000
02000020011011000000000010100101202
00000200000200000000000000001000002
00000000002000000000020010000000002
00000100020020100120000000000000000
00000000001020000000000002002000000
00010000000102100000002020000200000
02002000200021102000000000100000000
00000000000000000000000001000000010
00000120000000000120020002000000020
00000010000000020100000000010100000
00020000020000000000000000000000010
00000200000000000000000000001000010
00000000000000000002000200000102000
00010000000000000200000200001000000
00000000100200210100002002000200020
10000200002000020000000100000000001
00010000100200010000000002000000000
01020010000000000000000000202200000
00000000010000000011220220010001001
01110000100100200000000000000000000
00020000020000000000002010002000000
00021000000020000000000000000000002
00020000000000010200000000001000000
00222001212000000000000000200200020
00000020000000000000011000000100020
02000010000000000000000101000000010
00200000000000000020200000100001010
