26 2
01001000210001100002000000
00000000200010000020002001
00022010010010221000020100
20012220020010001111020100
00001012001000000000001000
00001201011200000022100000
21100100021021110020001000
00000000000012002000210020
20001000000010100000000020
21000200110020000220202001
00002100002010100021001002
10000020000220010020110002
20000101010202002210022000
01100210000000210001002000
00000000010220100000201000
02000020000000020100002010
00220001000001020000000000
12000000010001200120100000
10000000002000001000110000
01011000200010010010010000
00022200010020000100202000
22000000000000200200000020
00022202000000002100020110
20000000110002001001000000
00200010001002000000000212
02000000000002102001020200
