36 3
000200000233000000000000000101000002
000030030200100000000200010000101102
303000000001020011003200033000100003
003000023302000001000201000300000003
020220000001000022000000001010000000
000300100000213000300200030030003003
300000000001220000301000002030302033
000000030300020000001002100300020000
000000001100200000000010020300000001
102033020202000010000000000003100200
000300300301010000000000002000010000
000000000033220000001000000000030000
210000003000020000000002100200001000
000000013100020020001000000000001000
030300031030100100000300100000020000
100000003000023200000000000001020000
100200200013300000010000000300100200
000020300003002000002330100000001000
000001000320000010000000000030300020
023000020310032000010000000000020200
012000002000021330201000300002100000
000003000000200000100000200000000300
010000001200000000000200000000110000
003000000001000003000300000000000000
101000020000000200000232000300000202
001002000001000331001000000000200000
000000000030000000021000000003000100
100202000000130000020000000002000000
000000000000020010000000000000000000
000000010103003001031000000020003000
200000031001002000200300100300000000
330000330000300030021000001002100300
033003000000000000000122002110000002
022000010000000000000032100000100000
321000020000010201000000021301100301
000300000022000000000000000000000000
