38 3
02000000003002100000300002000003000000
00010301000300000030002000002010000320
00300000000000010001010000002300020000
00001001000200000000000000000200003130
01000002000000000001200030000002010000
00000022000210101200000203000300020021
00001003000102200013000000001000000000
10300000002100320000001031003300000120
02010032000200030113002000000030000000
00000000013203030023030100001000010012
00002000000000020020000300003000030000
33000000000002000020000001203000000000
00012003000000000300030000000000000130
03000002020000030000010020100000000000
02000000003023000000203031000002100000
00000020020000012003320000000300000000
00001021002000000000000001100002000020
00031000000000000000001000000000023300
00010000000200101030000000000000001000
00020000003010020000000000000000001000
00003000200000000030000000100000022110
03000030000003000010000000000010003010
00000000000102000000000002000200000221
20011100000000030003000000030000000000
00000000100020200000000210300000000000
00001003000000200300000330300020000000
03200000100000201000000000000000020002
00001002000000000000010102000300330300
10000000020000000030001000000000100200
20100032000020000000000000030200010000
10001001100000300003100300000000200002
00031330020001100000030200003100000001
00030030000020000000000003000103300000
00000000200000230000010000000001000000
03000000000000000000011000031000000000
00033000003000030000200010000022003030
10000202002000000000000000000000000002
20000300010000000000100020001000001000
