46 5
0000000505000025200205000000000504000450054500
0052000000240050000000000000000302000200004000
0300005001000020000030504000030000340005000000
0000005020050030405400530000302500010500000100
0000400000000100010000040000010000001100000425
0000000000000000020004520000000000000440000000
0000000050200044053030100001000005000020000000
0000001030000400000052122000001400000000000000
0440240000001001003000301052020000030000000450
0040300040002010000000410000020000003000110100
0003000001000042000000010110012001050000002000
0303000000000000030000000021001000004012402000
0000000000000020020000000100004002020100010005
0005010041000005004340000000525333040130505005
0000000004100050520000250010000110000050250010
0000000000300300000030000505003500222204310044
0000033030020004000000002400005000000003300001
0230300000005000200020030200040001000000030000
0024050000520000000000050000300500500000400014
3040054000000000030041000020000000034100000500
0000100000020000000012043020000010004000000000
0400020020003020340050003200000000000441000010
0005000010240525030040000520000012005020000000
0100010050000000402002001000000400000000000003
0002002004050000000000000510003000000500000000
0000030500000000220000003041300000000000053000
0000500020000250100000410430000000000010000000
3004300000030443410500024000003000005500004500
0000000000312000010204000000000400050000000000
0531500003000001400100043005000000000005205403
0050001042000040000002020100000304103000300342
0000000000030005005000000000100000020000001100
0000020000000000200040540540004000000001020020
0400000005000000000010000003000200000000000000
0000000000500000400000000000100000010300000030
0030000100000000000000003000053002000000000103
0000000000000100000400000000000400030030043000
0010300000040000330002002030100000000000000000
0000000100000500300050000000300000020001000000
0500004030500000000013000002030001540000000000
0300010000400000000000030000000042000000000020
0300000000000050500005510000010003413000000010
0001002001000010000000503004000304000000000042
0000000001000500000004000400000002000000020000
0250005000000040400050000303300200000020000000
0000310000000010000000510000010020000000004200
