42 5
040040000003003000004030000000000130220500
023100010201020000040042013000300200000500
030100300050050010000011000000000030000000
000104000000300500005320043400052002000010
240030004000003000040000000050000000040040
400000500000003000003000033030005005510000
035001000020000100001100025550000000033000
000300000230053200050410000000020205010240
400200103000530005432000005002040430000013
000000400000002000050014030000010140500055
005010200040000002000040045000040235023054
510050250040010450000000123000010101010000
010020000030000040004003000103000005200000
101030000100440000000040500000100000005000
000000220003000004000055100000000030003020
400000012500205500503000000000500200400004
000000000000000030012203030003001000200333
000004000000001000000030310000000004003000
000502000130302201000020500305545400000200
003040000000000000000300000005000050020410
020000403030000020200510000004005000020030
030000043000140050004505400020000000000400
005030043020100000002000010000000301005010
000000000200300000300402100105004300000002
003200000000000020040414001140040001020004
120000002400144030505450020000420000000000
000003500000100004000400000000000540000000
020000010202200005000402220000021052000500
305500041000000040300040000000500000454302
000003001003030005001015000050320000000001
000010020000205015000000440100041050055000
002304003000000000000015000450000000020010
004020000001000000130100241024005000030001
000000000000100012000000030301200000000200
304010013001000114000000000441300000530050
050000000040000020003400324000000000050005
203000400500000040002050200000000500000000
002010000300024000020301100000000004000022
500030000000050000520005000005000002000000
400050000000002204001005200000000052100030
010030000004001040500010010300010200100000
000000040000030000000000000045001030000000
