25 2
0100000020200200000000100
0000000000200202010201120
0000001010010002020000110
0100001000020001020200021
1220000020000210021000000
0200000010020121001001002
0022100021100200102020010
0001200100000000000101020
0000101000100020220200011
0002001110100011010001220
2100000002202210000020010
0121000200001000012000101
0000021100011022100020000
0020010110000010001012000
0010000101000210000000000
0010020002022102002000002
0000100002200202220020000
0000000001002200002000120
0000000012020000200100002
1000012001000110002000002
1022001201212000000020002
1100011010000002000000210
2000000000000000022000001
2000221021010001022001001
0010200001002000000000102
