39 5
000500004001000000000510000000400000000
505100240000001000202300000100000002200
000005000340204002011500030055054420542
000003100100030000200000000005231001000
404000030400000000000000120000000000000
330005050050020004030000000020050210000
022000000000000000310040000303130040003
000410000020003445103050002500523050440
005000230005000100050003000000000000001
000025050051000201120030020005505000002
343500003002000020540000001004000400000
040000450030230002400510000020001040002
000020000000201001142005005005002000000
033001040000052035054540400010100045205
000000304000100300020054000300000520000
003140000050000153540001010003022005400
400054400103000205002004400040000400000
005402000100000200000400025020000000010
001000350402000053030303010010001053105
000000000000501000403300501124022535030
340400000000040011000000201034000000003
420124000030301004300050000005500010005
020030040040100204000000002021002002000
030050340020100000000040001034011050053
050054004000244120002000000000000000001
102553300300300034000400000030000000000
202050000000000000005310003010100000035
030020010550003000000400005200530002100
100000455001030500020000000400035305230
504300000000031010200000402340004014000
001000040000000000002000100000100000013
101003202030050340000105400401300104340
004043003500000000000004000300002201510
020205420000503020000000005020002004000
002004303000030420002100340100020001010
000520010030054050000500000020000000003
200110500030002000044010504031005000012
200300000010334401000201000120001000300
000400214005005003204030000000000100000
