33 2
000000000201000000100010002000012
020000020200120100000000020000000
000022200020001000000000002010000
000210000000020020020001000000102
000000000002000000002000120001011
000000000001000000021000000000000
000010000000100000020001020001000
000000200002001021001202200110100
100000000010000000000000000020000
000002000000000000100000021000000
000010000000000200000202100000000
002220000002101000001010000001001
210000000002000000001020000010000
000000000220010000000000011000002
000120100000000000012000000020000
000000001000000000000001101201200
000000120000001000000000000020000
000200001200000000000000000000000
000000000002000112000000010000000
000110000000000020000010000000000
000000000002200002002000000020110
100002000002012000000100201000000
000002000000000100200010000000000
000200000120000100020220220000000
000010000021020001000000000100000
000200020000010200000002000011010
002000000000000002002020000000000
020020000000002001000101000000100
000000011000000100000002100001120
100000200002000000000000000101000
001000100000010102000000020010202
000020000000001000000000000000000
000000010000000000200000000200000
