28 2
0000001000000221000202020000
0010000000010001000220100000
0200001200020100000100021000
0200002000110100010000200111
0200220000002000000011001000
0020000000000000000002020000
1001010000001002000001002020
0000000000002000200020020200
0100002110000000012000101210
1000010001002000020101000000
0010001201110000020010202100
2220012000001000110000211000
1200000000001202100000010100
1201200200022211021010000200
0000100200000001000020010000
0000000000010012000200000000
2001000000212000020000000000
1000000010000000001000002000
0000010020000001002200001001
0200100000000000002000002112
0000010020012000000100100002
0000012000000000000001010000
0210000000200000020002012000
0020000022020101010200000000
0000000202000001000002100000
0210010002020000021102000200
1200000020000000000000100020
0200000000010000120002000002
