25 3
0020003030300013110330000
0003303222000000020200013
0320030003213002333030210
2020112001321200012203003
3020021011000020000001000
2110001030000211133300012
3003030301121300030120120
1003002020010230000301203
0220330300323120103300002
0330030010000100010200020
0121000000012001103100302
0000100220000010111303300
2130130030310200210230301
0201122300012100012031310
0120000303310000123200200
3010230203100000302000011
3000030113221330232001012
3003013000201202213000102
0220020103000121011212332
0100002000100132003000121
0200200000021200012100000
1000302032012102030002200
2000102200200031100100000
0003313020000303030030100
3003000200033221211023032
