41 3
00101000000000000003000000000000000333200
00000000001010023003030000000000000000000
00100000000001200000200000000000300000000
00000000003000000000000012000003200000000
00000000000001300000000000010000000000003
10010000000000000000001000020300000000020
00000000001002000000001020000000030010200
01000003000020300200032000001203000000000
00000020000000302300000200300000020030020
00001000200000000010030002010000000000030
30210000000020000000000000000002001010002
23000000000100001000300000000011000001200
00000000000000003300201000203010000000000
00300000300323000000013002000000000100200
01000202012000033300001000020000300002000
10000000000000121200013100003323000102300
00311100000000000000000010002000000100002
00000000300000030000000000000000000000003
00000100000000000000002030000002000000000
00300200000000000000000002000000030000000
10000000003000000000000000000000000000000
20200000000000010000002002010210000000001
30100000030000001000100000000000003000000
00030000000000002000001000001030010003103
30020000000000000000000011000000000000000
00000000000020011003000000301021020000022
20000003000023000002200000200300000000000
00000000030000000000000001000000000000010
33000000000003000000000300000000020000000
00010203000000001000000003100302000200010
10000200000000000010100000200000003020000
11000002030000000000000000000000000202000
02000000000000000300000030010003000000000
00000000000000010000020020000000300000010
02300000000000130000000001010002010000100
00200000000200000000320000010103000003100
20030000000000100021000120002000020020200
11000000003002000200000000000300000000210
10200000230000000000033003103000000300010
00020000100000000030001000030000300000301
20000300000000001000030002020000030000002
