38 2
00000000001000000100000020021010020002
01000020000000120000000000002001001000
00000010001000002020000000000000000000
00000000000000020002020000001010020100
00100000000002000000012020002002012100
00000002000220000000000200100000002000
00212000000000000000000000000000000000
00000000000000100001000002000000000002
00000010000000000100000000000100000000
10000002000000020000010000000000100000
00000000020000120020000000000000100012
00100000000012020010000000100000000101
00002000200000000200000200002000200000
20000000210000002001020100001002001000
00000000000002020020010010000000102000
00100001010000000100020001021000000000
00000200000000000000000000000010100000
00000000001000010020000000000000200000
00000000000000020000000000000010000000
00000000000000000000100000000000000000
00000100000000020020002002000000000101
00000000002000000012001000200002000000
02002000000001000000002000000200020000
00000000000000000000000000220000001000
00000000101000001000002002010000001000
00000000000100000012000000100000000001
00100100000000002000020000002011200000
00000000000001000010000000000000000000
00000000000000000000000000010000010001
00200000000000002000000000000000000200
01000010002000000000000000000000000000
00001000000000000000000000000000000000
00000020100000000000012210000000000020
00000000100000000000000000100000000000
00000100100000000000000000000000020010
02120010210000000000020020200000000000
00000200000000000200000020010000002000
01000000200002000001001000001000000000
