40 4
0301000004000300002230020302000020011400
4402000001000300020002001020301000030000
0000000011000130001004000001020041000041
0000000000001000032102000000000104000000
4034100000000400000000000400000400000101
1040000210000000000000010000030332000200
1000023000040002430004020000000002020030
0300340210000002000000000400100000003200
2004000303040002001100401000000000000000
0000100000000301000400000001000040000110
0000002000034000042020204330000300000000
0320030401000200000001000000002000002010
0033030044004000000000000000000000000040
0011004020001000000030002000220000010034
0000000020233030000001003000000002100001
0200010002010042100330140000000000000000
0000200040030044000000100000200020000010
3100003000000000300000000030000000000223
4000201004040000010020044000000000000204
0000100003400000000000040000200000000100
3000000000300000003300300030000000112000
0000042031200000210400000040000000001103
0204100040002003343000000001003000000010
1000410004000003300000030004300001300000
0140020030000403000000000000000204003020
3000000304000004023001040001000000040030
0331001404010100100000300020020020000020
0000000000003010000000000404000204002000
0000300200000001000020002010000004000400
0000002121012004030000000330000002040000
0004000010000000320403004030342020400000
0030200000031000000304000000012000000000
0000000000000001000002034000240010200132
0200404031000020004403002020140000003000
0040000102010000000000002000101020000000
0300000002020000000004000040000400000000
0400300002330000000004434000000000000000
0000000000002201000023000001002040400000
0000131004001220000000400310034400000000
0000004000000000000300000000100001000000
