35 4
00000002040010000000200004000004040
32104003102301300200400042204002200
22300023010004000000004032102100000
00110000000200001404000031102030000
00042300030200000000040001000300040
04003020003000102010100000000000400
00000031100034430100000000043000020
20030200040034000000030000000000000
34130000040000100001000200020003001
00030000000402000000200020000010000
03004400000000104310300000040003100
24000000400000200000022310330000003
00000000010000000402000030300202000
00100400000204010040000000304000120
00010000000004204220000000040310240
02000401003233000001003300200424000
00200103000400030030133230000000200
41000010000431004003000303002000110
40402000300101220000100032001140302
10400032010301200011410000100300300
00003102004000000020040001101030003
21000204000210320133430000020023100
10042330000130303000024000000000001
00000001210003000102441000000030040
00000100000003004403400020000000000
00000003014300201000010010004422022
00400000000042033400140200000020000
00031301004000001022004000040000000
13030001000003000400203023401001000
04040010020423000000400334004020040
00420002200000033000000010040000004
00020000000000310000004200410110000
20024023200000000002012041001300040
10001000202040000000000240000100024
04003210101340303140000040434000010
