33 2
000100000021001000000002000001000
010011000000000000000020000000001
002002000000000000000010000200000
000020100000010000000000000000000
000000000000200000000000001010200
020200000020000001000000000001200
000000020200000000000000000001000
100000001201100000000201001212000
012000000011000101012000000000200
102020000000020020200000000222200
000012200100000001000002020000200
000000000000000000000002000000110
000000200100100200020000000001000
000200100000000000021201000000000
020000000002000202100002200000000
020201000012000100000000000001000
000100000010000000100000200000000
000000000001000000000110000000000
020000010000000000010000002010000
002000002000000001000110000000110
000000020002000010000200201000001
001000000020200000000002010020201
000000000000002000000020000121100
001000000000100000010100100002002
000000010021210020210000000000001
000002000202020102200000000000000
000000000210000002010000001002000
000000000010201000001000010001000
000000100000001002000000000201000
110000100211000000000002000000202
002000101000000000000001220000000
000002000000000000000000020000000
000200000200000000002000102000000
