24 4
242013003033402323014343
321004002430240004421310
243232301032420314220200
002032320340013130021220
330204432441020312020140
400303310401033321231400
203042142312133033134302
020402204221010412224013
400014432431142311304344
324011111214100122031032
404102102310004313401344
304442230102311341304444
401231000003302203044000
002424020232032110240110
103400020422100321041131
222003104402114011012104
120044010100033203022031
021034142012140234343340
203400213014404112432032
034411201240000340411000
140130234040130012200042
440241000300210024001104
233230044103234101101040
043210213340330134030340
