25 2
2112000110020200200220000
0002000000200000100002000
0202000100102000020101010
0000100010200001100100022
0010210021110000000002002
1101000000020210000202000
0000200000022211200000000
0112200020000200002002010
0001022011200001002001110
1000002012002002002000000
2111100020000101010002200
0012020000000000002022002
2000010100000000101020122
2200220000010000011000000
0021000011210022002000002
0000001010000002100101000
2001000100201200000102020
0020000001000000000011020
2000000000000010020112010
2000001200200000102020010
0000000000010022100000000
0001202002020100000000101
1001002000201000002001000
1010200010000000110100010
1001002001101220100200020
