34 2
0000001000021002000120000020000000
0000200200000020000000000200000200
0000200002000010000000000120200000
0000011020021101000000000100000100
0001000000002001100000000000000010
0010100002000000000000000000000000
0000000020000000200000000000000000
2001010000000002000000000001201000
0000202000000010000001000000000022
0000000100000000100000000000100000
0000202000000000000120000200000000
2000000100000100020111000000220000
0000000000000000210120000000000200
0200000001000011200000001100100020
0000001001100000000000000000010000
0200000000000001000002201000010000
0001002000000000000000002000000000
0100102000020000021000110000000000
0000000200001200000000100000000202
0010000000012010020020020100000010
0000000200000100000000000000000000
0000000000001000000000000000000000
0100000000000000000100002000000002
0000000000000002020100020000220000
2001000000000222000000002001100020
0010000000210210000000101100000000
0100000000000200000000100001000020
0001010010000010000200000001000002
0000100000000100000020000020002000
2000002220000000000000000020120000
0002200200020000200000000000002002
1020010001111000020000000000000001
0002002000000000002001120000001012
0000000010000000000001000020001000
