34 4
4000002000001002000003010030000302
0240000401404130200010002000030300
2002000000001020010300004000000421
1030000010024444000002002000400140
0002400004104001000000000203040020
0020002302102003021000000300030123
3011330041203031300011024004000003
0200000000004033030101040003040300
0004000020000000042020000001000010
0010000004014000004000000340000000
1040100001000000100200030000040023
0000134000000020400042000032310400
1000340302300000000000300001100000
0203000013004400400004033004200143
0003011040400004004100120320000000
2000220340000300202020003002240000
1024000000002000003004001000024400
0010201431200040000002420010241023
0113100000002200000000000013410300
0000400030030000000042000030430000
0000040044042000020042020300004030
0130000200102202312040004404000001
4003024030100004030140400320330002
0004000000100000000334313000002001
1000031200003400001000000400031311
0030000000010022010010010033000300
0010000030140000340101002040000001
0303442310003400003042030014030100
0040204003001030000021000000300000
0400000222300043000000002002000032
0034140120000002200141000410100000
0001021000001002000000000030420200
2200100000403012010010000302010000
0033000120200030010402040200040000
