33 2
100000000000000000000010020000000
120000210000001000000000220000222
101000000202000020000000000002000
000000000000000000000010022010001
022000022100000100001000000000000
000000000001002000110010000100100
000000001000002001000002000200021
200000000000000000001000000002000
001000000000000000001010000200020
001000000000000000000200000200000
120011000000000000000000010210201
002000020210000100120000000000100
001201000000010001000000010000000
202200020000002200000011000000100
000020001110000000000000000000000
001020000000000000000020000000000
200010200002000000000000000000101
000112000000000000000000002221000
200020210000200001020010000000000
010010000020000200001000000000000
100000000000200000000000001120201
200000021002000000000000000000000
000000102000020120100000000010000
000011000000000020000100000000200
000100010000000100002220000010200
100000000000010002000000000000100
000002000000001000200002000110000
001000000000201000000001000000000
202000000020000000000010020002100
012000000020010220100010000020000
000200000011012002000000000001000
000200000022000000000022000000010
000010000000000200001002010000000
