27 3
201020001100320000000000000
113033010301022100330101200
002000012020000100110102000
010200212101030000200120100
021021010202000000210010320
000302100300002203300030002
002303010000000202120000011
301010001000001002003200230
301001010000130003020002000
100320030030320000112202322
000000000020200220000300100
010011000302000133230000320
020000303211003020032200300
132330111203013113030003000
310310310000200033201030100
020002002020203030203300001
000200230030002003100220201
010330000000000000010010200
002010300200300302200000330
001220000000000002000000032
001002103003102000300000311
030302300003120010300301002
000032002002310000013303033
110123003211100300003010010
210331131300202300000230100
032000113000021000230000300
100010002012020210231300000
