23 2
00101001100000110002000
00100000020000020220002
11000200000220200000210
00020210200021200002000
00000210110100000200002
00011000111010020011011
01010002222121020120000
20012010001220020012121
10002001100020000000212
00001002020221020012100
01001000100000012002100
01220010020000011200202
02020100000020100010012
20020020010010021101000
00100200020000121000010
01100100020201000102000
01020002002000100122000
12120100020000000102211
00000020100000000200002
01220000000002020000001
21100120122120000000201
00110000220010222010002
00020020210120010100101
