33 2
000000000011200002001020010010000
001020000000001000100000000100020
000000000000200000000020100000011
000000000021000000000000102000120
000010000010000000000010100000100
000000010021022000000100100000200
002100212002200000220020000002000
001200100000200000000111000000000
002000100000000000000000200000000
000000221000000000000000002000000
000000100100100000002000002000001
000020000000020000000010012010000
000100002220220000000001000020000
212200200001011200000102000000000
202000001000010000000000000000000
000100020001020100202000120000000
000020000020010000001000200210000
200100000000000002000001120002200
001000000001002020000000000000021
000100000020000000100020001000000
001000002200010000000200100000000
000000010002000200001100000000000
100000000000000200000001000200020
000000100000000000010000202000020
000000000000000010000102000010002
000000100000000000020000000000000
000200102000000100000000002000101
000000000020000000010000200000020
000200000000100010001000000200000
002110001000010000110000000020100
002002000010000000000001000002000
000000200000000012000000000010020
000000220001000000010000000000000
