24 3
301020013000303302302030
000201020200120130000000
321033223300220213200000
003031000003023100001032
100002011220202032000001
000102020100122200303032
220030113110120112301011
130033020300320130220201
000020013210010221011002
003031030010203323031311
122000221000013030112303
300320000001200003221000
000101032033030031003301
010330030321012010032033
000010122301103000100100
220032000121203131310130
303302023013230110101210
120022333301201200003210
102030122030021010130010
000333010030322000200131
220011200302030200230000
301200230010200010011002
100001001203000202031001
001000002003022300230232
