22 3
2031002121100323330112
0200202002110233321313
1300200310120303020001
2011112112020120133203
1100202122000130210003
2232103001210302203300
1300310000230021030302
0201320022333032222120
1020200030000130233213
0000013200300301313113
0020233103130120201100
3003320310200202311103
1002323332021301101000
0220331321302210313200
0110031110030032101010
2320101310021332031013
0313021102200103313000
0030020200123332021211
0021000011000333300031
1120001323010002002021
1200010323100202032002
3213032322200233221011
