41 5
21000000030035000000002501530023500000500
00005005000000043000455000330004001200040
00401000000300300000040000000030000004505
40020005020300300000003000000020000500420
00002050000000400000000434300014010504405
04203200400403002000201200000030501000000
43001000001000500004000000301004001040300
12505010001050030203021040100040010030000
20000000005000000000002000000005040050040
00220000005000000130400300010500030000002
00000000350200000000404000300400001000205
25051050003000000040105100003301000050201
20200200000005002000000100200000010003002
20210000051300050400040400012000000000000
00001200020000020400004000100000100000302
20200350000050050120010050020003000000100
20000023030103450124050500000000030003003
00050000040234100002003042300005003000000
00040000040105020002000003505000000350405
40000100400500000203001200051003010500300
00000052100000020000000001300000000000400
00052000005200412200004000000000001400010
00000030500030000000100300050000000000005
00240340100040000040200503000000000000004
00030030540000020001000002005420002000103
00500540000000000003013010000000115200000
00000100105000032040020000000214310000005
00012000035420000010000004000000305005000
00300005152030100000000003000000400000500
05500240000020020000400400001040431000040
00045000334000140130002000032000114000000
03003000002040000123300034040200042005040
40340000003100000350000033000500001255250
01000000000101400005410000024000003000000
05302400000050504000001100000000450000004
00050003030000002500130102002002104000050
05003002000042520000100504000020100000020
00000010100000000400010103000050000000010
03042040000000000003450200200004011004320
00000000041000300000400000050024000052100
00100030501110030010030000535000000400000
