35 5
44155130040000021550000000030433400
03200021232130032035000000300052000
20032050050000320402000000001305005
50020000000004305130200000002011025
40400410014051305020042324030120300
02003020001240021003052052001011000
00103545404000000010004000055405050
20000000555400001025242000000034010
10000003252005000000510000153020005
00035500000020000150044400034010400
00400000050200500100404000005100101
00203000502400300400044100024050001
13402050402100044003200005500100052
00105311045000424150500100004002050
30002002130250451420004000000410001
30400213003040000003000501034330000
20015124100305010201040000003304000
11000221013551053000000000300000000
00004051000000304100002500022140050
35500000000000341054200000040300002
24500203001130000300000214000040050
02002032000000000000002100204150023
10030030504200304404000500002415201
00000340425500300045243000000300000
10110200340100301120240000504000000
05300020300000020000300345005030004
23130031000050005210105021054000000
02000400002302501000000020000045100
40000000050441300040011340000003000
00350315004500104104000405124103000
00500003300500340205000002002000020
00200003300010305002500040045012043
00001050301034132003043030003000504
00002000533032000033000000500005300
50000101022005012000144020000010240
