40 4
1204000040000003020030000020000410400022
0200020100030000000000000000000000030130
0000200000000001003000030000100014000000
0003000040000001000012102000000000300000
0001100000002000210000000242300003030041
0240202004000002000000000030001301020030
0014000400000000400010000010000001430002
2200000000002000000000000000002420020011
0000000002020000004000000304000043200100
1010004040000000030000002300000000001030
0000004000002000040004000000434330000423
1000300004404000420000000410000000010000
0030000000000120330000421000000300000300
0401030100000001000000204014020040330100
0000000041340303001003002030020203044003
0000030004400002000000030003000032001030
0000001400004000000320040010000020004000
0300100001030020040000003000002000012400
1000003020010100200000002003000010200000
0010101000020000103042000040002000300000
3000010303300000400000040100000001000000
0040000000000001401000024400000001002000
2000000002030000010000030001400000000000
2000000000033010040020000000000020000100
0300024042001000300000300304304000313030
0002100030140020000000040200040000001000
0000000000000403000000000040000200000040
0010032000000004000000040000400000000000
0021000300000000030002000004322400100040
0230000130034001000000200000000000030400
0000003000400040000010030003000300031030
2023040100300004014000000040001000000000
0402120302100000000100100040110000100400
4000140200001000300300200002002001300001
0001000300410040000000000000000000400000
0023001000001020000000020200000000400000
0000000000003000004000000000000000020010
0000301300002004000004000000010000022100
0000000020001000100000400400003004220002
0100002014020320000000000000000220403004
