23 2
00020020021110210200012
02011010000001012112010
22201201200001100001200
00010000101020001202100
00101010110200000000111
22222000010021000010002
10201101221102020000002
12000010210000220210222
00011000201000021220000
00102012100200000201010
20101002001012001000200
20000000000020202100000
02010010020102102200120
20020100020001201000022
00212000000000002010110
00020000012000020100012
00001200011000000120010
12002001012002000002012
02000000120020010002100
02200000200010020000002
12000001001000010000200
21000200000002000102001
01001010001000020100102
