26 5
01201200013400543335315102
54142040133442053451014501
24000343450021554344220032
21344015313325201343355015
03023523513000332415425043
01031004303441300521301500
25513310051401213455500205
10035252011002132450515301
30123210025405513412112035
01440140240221410230423400
00255203054202115005323254
04314225333345350254002150
02323103000030405251130423
24111200403212334401204132
30212130520145101003502515
41303352544002055525030022
20454210044001505013030254
00013514053331551501022354
45402050432145131042555300
41550501024522010340145413
00022100330453252152510305
51421003512053142335310054
24551104404204040041054043
32130020400424510410003344
53401240013300035422242102
22104040104055241220442403
