27 2
000000100000010110010021000
010210100000110012000000010
011200010000000010010000010
120010001000002100002000002
010002100000020120200000000
000011002220002201200020000
002000000000011200010110202
001000000102100100010020012
000000020000100200200002000
000200100001020010000021210
001220202202010000000000020
200002000200022020001010000
000111000002200200000010222
210200010100000001001100000
002000010010020002010000010
000000120000000000011001000
010200002000100000000000120
202100100001020200100020100
221211000000000002100001010
002000000001200000202000000
000000020000000000000000202
000000020000000000010202000
100000220020000010000200000
021000000001000100000101000
001001000000012010001000010
202002000020020200210002020
000000002000002200200100100
