22 4
2103022301334101301033
3031341133213324101130
1243234422311331344044
3432142424134231410001
0342421444104140431042
1022312110201340142100
0304141323442332203240
3030313321400421204341
1424012114404143140124
1420002110421111441410
2314014030231203320124
0322342330434232120314
0324012222312323143133
0404022324212433033141
3423413144401103131233
2122413420324120044201
2132334130420004013034
3414321330111220003020
4222003243332221222043
2122124102124031412204
4404433133022002404142
4234131141443414122320
