28 3
0320001001010320100000300100
0212100022002122003101301320
0030100001001012020033110003
0001300022000203100010301200
0200303022100000001201012012
2203300032110200030302122321
0031020330210000000100301000
1200130200100100012000000000
0020302000001300222001330301
3000302000030000000020013000
0100200000100103002301030031
1020200033101000033223202003
2000001001100001300003300020
1000000330012020220010202020
0002000000130102002003210230
0010203000000000000222000202
0201103000030131033000002030
0300001000003203000000000000
0303000013030000001000230030
0100130000002302300003030020
0000330001001003030000022000
0000020033100000002000000013
0000020210000020030000111002
0003000001110310303230000010
2322001300020000001000010000
3000000010000032021000301320
1010200100330000021001000100
0021023120003100200203301030
