36 3
130023000201000000200103023100001003
200000002001000010000300200000200030
000000000000001200201000001100200000
002000000000030000002000030030000100
020301200001003020010300000000100000
003030002000200001002000000000030001
001000100000100000300000200003002000
000000000031200130000000000001000000
030030122003001000011000001130000200
000000000000110100000000030000000000
000000000000000010210000001000000020
000000010303000000000000000203100300
000030001000103002200130001000220013
000020010000000010300000200000000100
000010200000203003000000002001020200
030100000002303000000000020000000000
300003010300000001303000003010020003
000203000000000030130120202002000000
330000000000000010002030000030300000
100000003000030230000200200003000000
000000230000100011100300000030100200
000000300200002000000020100000000002
000001000000300000002000000000200000
002000002130210002000000000030001030
000022000000030000020200000030000000
000000000020000000000000000000020223
002032000020302002000000103103200000
200000030000030311000000010030002030
000000000000000300120000000010000000
200000000200030000001100013001100000
000100000101000000013001000020301000
000000000000003002000000000230000000
300010020300000301122012010002203000
000000003000132000200001301000000000
003000130001030003230000301001030020
000020000010102100000023010200000200
