45 4
000000040000000100000400100020000000000002040
000020000000010204004000001030002000000000100
000000000020000040100003200000202000020000000
000000004013100000010000000000000030300020200
140210004320000000000000000000201030100122030
001000300000000402000101400000020000000000000
000004001000000400010000000020004000000000000
032000020000340000040003040004200000010000003
100000001000100200300000004000000000000000130
000400132000000010000000001000000000000004000
300000000000000100300002030130310000000310001
000000000040200004000000040040000010000000000
003002003002000000000340420000000030030000220
000000003000000400000300004330400000030044000
000004000040000000000400000020000003040004000
000001020000000000430000000010200000323000000
000020000300000040000000000000003400000000000
031000301000000440020002000030000300300100004
040010104001000000000000000000044200200004000
210000020020000000000000002140020010000231102
030001000000000002040000000000400000000000000
100011003000003302000003000004000000000000000
000003204030000000000000200010000000000000200
000000000320000000300200000400400000000000304
311000024020000003000000000000004000010020020
000000000000130001000000200010102000100004000
030000000040000000041011000400020020000432411
030030030000000000010010004300000041401000000
000000000040000000000000004010000000000000000
000110000000400030030300000002010001000020004
010000000000000003000004001200000000000010030
000000000003003000030000404000000004040020000
041000000000202000004000010000000343300100000
000000000000400000000000230004000000000000001
000004000000000000000000000000000000000000400
320000000102000200004000010000004040000000000
030300400000000000020000202002010010400034030
000000030000020401002021000010000300000000030
000020000000000030001000100000000003400400020
040000010000000022000000000000030000010000002
000000001000000210000002014030000000000000000
000002000201200000000000000000200040302030000
004000000300000030000000000000020002030010000
330000000000000000000020431002000000040000001
000030000420000000400030033000000000220031100
