26 5
02544441501100401414020205
05001014413434223350430351
20150010032235050250100330
03020330021150104424045324
44014222153205143501540510
52505230205033520352115040
51004322005211005331430205
30544104015515501301541400
20101124311334004401215243
23325424151330520452024340
12011520532443040003502344
25010305453023111250225303
52544331440222245124120051
11420103331410020330150041
30010133423435144132031540
01022443242413525243024303
21351004400330423534400450
05221001153205005444102312
00055230050050503322403504
41101230004505432430303204
44500121505030401215300220
23055145005224115310104102
21245255053252323500003150
44320050233051255531114043
40230245202131243551145500
10030420032110350350445031
