31 5
5000201503500225010000000241503
0032034405000004003101002504000
0005450030040030045050040400035
2102000000034540441003300200100
0530240044402335000000005413300
0010350010400001515050410000255
0053030040052050001000000030024
0223014530004001405400010201030
0305030255000102413053042430025
0045002120054255004355020331010
3200020014351001100445444005004
4004013030550010002030520020230
3540040020400132000040200024401
1001215405322500030000000350252
2202000250040000031520104100240
2002004145010503020350000112021
0001024020020050011302205003010
0050443042003300014135520510400
0240030005004205025051041512111
0043230322305430104301534000000
0200052010020001031050400015004
0100200501050404310410051324052
0101040434303002404255102000424
0311305003302033030313335203120
0123032025005050000000104412000
5103235020040330045350300002005
4101021404004442002001305401015
0023000100504152104000531240503
0030020110320435000522045533500
0100000201003140101010240030423
0005000420000100130100003052130
