23 2
02010110100100012000100
01000001210001102000010
02010020010100020201020
20200221020100000012210
00100102010010100101000
00000000102120011002220
00202110002200202001000
00100210020002002000010
00002000200000100020201
00020200000001012100100
00100000022010200000220
01201002000011022000010
02011022121002200122001
01200102021000012100010
00002000002002020010100
00000000201100010100002
00000120000000120000022
20100210002000002020020
21000011002210021001200
02020020010120201100000
01002100210101210100001
22021010200010000200021
10101000212100220002000
