24 3
302323013002112030202211
202110000300010002003010
230000303202123230320030
002001000210000100300100
000002312003113022103001
000203103312200012310001
233032100002020000010333
000310132010000132232020
000011000300300222023003
313020110010021021000000
103120103320012001002220
202000003000100001012022
001022300000100310322003
301000321100000113330100
022130000003033201100313
212020031201200101013030
003111033123030300010123
330023032301030000120022
001300122100023310000010
000200203130120203001111
203300031221030210210300
230200101021201300003303
330233313002222211010320
032120201312000030010000
