25 4
1344341010200343122000423
0002304033112240140011043
3033404030142402002400241
2000203340032300200240401
0443304313140011042244232
0334103232324010000130020
3002200403001030320014042
3400314240010414200402422
3434010430022004104301034
3140221201020303040220030
0112210001302110013002410
0044012224313203130020430
0122044031441301320313213
3102200102031000021022014
1441201411024004010331003
1430433140330001402012022
3414003040003030110133010
0404020044241324104013213
0213240000434430130234200
3210120032004020022003411
4003400041243012110223042
0413001233203122141000011
1000001320003032003030024
3421401002444231304140002
0000410211424021010323400
