42 4
000000202040000000000200300000000002030340
300400000000003003300000001000000000010000
000003000004401000404004001000000040000100
002400000013100000000203300300220000232000
104020000430000421100100000010000000000404
012013012400000100041020000000000100001000
300000000000020030040400000310000420000000
300003000000000010010000000000001000002000
002000100400000002000000003001000001000000
000200000001000000300404000040402030001000
000000002103300000001000000400000000030000
000001202000333200210000102030000010000020
000000000040002000000000000110000040003001
301000000000002002003000000000010000200000
000000002000000000300020200100201000000000
000004000400000000003004001000010002100000
000040000000000140010000001033003000000004
000000000000000300101220431040400000000020
040030300300000004324000100000000000010000
020000000242000000032000000000003000410000
000000000040000000003000000000000003011400
000000000030020000000000100000000000000004
200030002000004000024000000000000301300000
440040403040010000000110330020010000242000
303003010004030004040000304000040000400200
000004000030400000130000200000020020400000
400001200000203010030030030000400000000010
121000001000000000000010400230000001302000
000000000300200004000120010000040020040002
000020004000030200000000300400000200000200
000000010040000000100000030022003000000010
000001100300200000200330000000403010030000
430000140300000032200004403000000001000000
000000210003000020000040200300304000000200
200400000000000000000000000000402104010000
003000000044010002000430000000000200000040
004041000430232000010004000040000302000001
000000000000030000003100000000000022300004
000004000020000200000000100040000001000000
000203000330014000001002040000000200000002
400000400000000000030010000110020000000000
100040010000042020010000320003430000000102
