27 4
230302112430143020000402003
024020003034300034310110241
000004123031011010140003410
041443312020001301111030004
120010013002234014002304020
033210120324000002320003003
010324240300000012000200333
330000041430404440410044401
002334040401420424004042420
004021414040320104404400211
102103144200002031001001233
002200320100004004331004010
030000020030001000140422003
020032211000202322230000421
404032302020000021032012032
001002022300030002021320020
314000303022444431102011101
300303020130300040003033310
000040000401041134100022120
022000244012004400400034030
003001000203324300114044000
443002013310100102004131000
114024343004000210113001204
010030031022404241024300404
133020003210000210412000120
340433040200130014003000432
310202001210431033004020240
