39 4
010031020010000010103001340000010000200
014101004030300002000000000000400000000
003110000000030000000300300410001000000
002000030000000400002010010000210000230
000300000300020040111400200000040000000
000100300004040010004000004004000040303
020030000000000020030030000401000300002
322230021240433000010101000000030000200
000030000000400000000303400023010202021
000400000030010004401020000300000000000
040404040022041000000000240001400000300
000100000000000003120000000001403000000
000000000002100000000130120000022300000
000000100000420000000030003000001000104
000330000001130200030003100000000000040
000001110040100001000104020032304404000
010400000023403000000003000000040010000
000230000400020033000100032002000001004
001000000000400000042000001030000000400
000000400004020010000000000000000000000
000000003000000000000420000000000401000
001000404000000400000030000104030200003
030000000002033000020304000003004001020
020300000000040013000000000001200000020
040000000000200000000000200040044010002
342000100024000000421004000000002000400
000000000200000004000000030000200002000
100003301033300000013001400440010040403
400000100001000004000001000000020022000
000002000100010300000000000340000000002
000212000000020000000000204000000042300
002010000300002301000000002010000400002
000004000000004000020000004403330300330
100002000200100220043001001023000032000
001313210211003002000000200000004044000
000301420000000031021000020000000040300
020000000002141244433002011002002002030
001030000000000440000000000332044020020
010400030000000000010422000004000000000
