41 5
20050044005020000010404401240000010400000
00020050000030033340004000000240000000000
00300000000010003500003000010012300000320
00000000040003101022000022020004000403005
00042130550000020200000005000350033000000
45000140000000041020404004042430330005003
00031104050023040403000040000140400213340
03520000000000000000000100003005004010200
33200000003100000001002000000000030200000
00010000400500000005405000030000050400000
00000001020000400200000000002000000000000
23500005541300020051000000202005000403000
02500400010000004312005400015005000000020
54040003002205100215000002000440025003000
05010000400001300000000300000000402310004
00010000000010450030000500500000401000220
42200300004000000001000040000001001003000
50020000020000100220000000000200003004000
00010030004000000013003550004000000000000
40330000004502300420000500000000005300001
30000030510020000200350000040500001000010
05400003400200000050451000005000002500040
23040010000050002000000003010000020031001
11053000030000000100000400003100000002040
13040020534000030000424000300005004004000
40000200000200000040304501000000003000505
01000000010002050050000000203000210000000
10500100000000045000000002100100040505100
00000500100000000000030230000030011100050
04000040043201000010130140001400000003040
00050010020000500400100505000005000000040
00500000020000012000010400100000300000000
03005302050000305000200002000003000000000
00530110000300023000002500100003015050000
00200050404042015020000003050200000110002
00001000010000000001202532000025430002025
20510002000425003000500503105040040050010
24040000334203050000400203004003000530510
00002500000030010014030050001000202050000
00100052000010500000500001000021000000003
00030000104000015003040000000005000203000
