29 3
23023212002100200001320003001
00000120022300000200000200322
00030011001013010000003002000
00330220030122000100203003000
10030200220023000032010301100
00000002120001000200200100001
00002300333000010000032000000
02133013020001001110030110000
03001030330300022333000001000
03020000000201300300000320000
31000000000000300011020200200
00220000020020332000000100010
02010130010300030000000000000
02000310002000020021123103310
30000220000020000020000230002
00200010030001010000000000000
10100200000212000000002000030
10000031013001030313200000000
00203301003002002003000130200
00033300000010020002001202000
02103001000220033012002030000
00001001220000200000303030000
00011020223000010331000010010
00001000023030030200010210010
00013201001101120100012100010
20000010320000000000032000000
30003201010000001130003300000
30113131000000033220103320120
20000303000020100303010011032
