36 2
000000100000000000000020210000000001
000002000212000200020002220010000000
000000100000200000100000010000000000
100000000200000000000000001000201000
010010000000000020000000000120001002
000000000000000000000000100000000000
000100100000000000000001000200000000
120000020000001001000000002000000100
100201000000000000110000020000002000
010002001022000000000000000000000010
200000000000002000000000000000100001
010200000000002000000000100000200000
100000000000001022111100000000100000
120000000100000002000000021000000000
000000120000200100110000000000000000
000000000201000002000002001002020000
100000000002000000020000020000001000
000000000000000000000000000020000000
000000000002020002101222000000000002
000000000000000000000000000100000000
100000000010100000000002000200011000
000000011020000000001000000000000010
200100000022000002002000000000000000
000000010000000000000000022000000000
000000221200001002000000022100001022
000000000000002000220020000100000000
001000000000020000000001000000000002
000020000100000000000002010000200010
000000002000000000000000000200000000
100000000000101002000000222000000010
000000000000000020000000000000022000
000000000000000000002000000200010000
000000012020000000001120100000010000
000000000010110100000000000011002000
000201002001000000110100000000000000
000000010000110000000000220000000000
