41 3
00000000000002000000002002100000130000000
00000300333300000000000000200230000030000
00010000013010000000032002000000200200230
02000000000000000001200000001230100003002
00100000003000000013002000000000010000003
00000000000000001020100300000030001000002
00000020300000202000002000000020003000010
01000200030302000000201000000000000100000
00001210000000000000011000002001031000000
00020000000200200000001320310030000000203
01000000000000110200300000301000212000000
00100000000000001010000000000000000000001
00103000030000000010010001000000000000030
01000020003000100001000000200001020000000
00000000000300300000000000000300130020000
20000000000000000100000010200000000020302
00100010300003010000000000003000000100000
03020002013100000000000001000000001000000
00030000000100100000000000000030000000020
00200003020000000200000020013000000000000
00010000001000000001000020000000100000020
00200000300120000232200000003000001000010
00100320000000000010000030203000022003010
02000003000200300000023032000001000000000
02000000100000300000300330020000000300000
00000003010030000030000031000000200000000
00000000030000003001000000000000000000000
00000003000000000002000300000002030000000
10001000000002000001203000030000300000000
00000000000000010200000000001000000000010
10000103000000000000002000300000000000003
00000032000100000100000020000010000010000
00000030001000000002000300000000000000000
33000000000000000002000000000000100000100
00020000000000100000000200000000000000122
20030000000030030000000002100002000000020
00000030000000003000000000003000001000000
00130001010000000030001200000230000000000
00020030000000000000000000200000022301000
00000020300000001010001000020000300200000
00020000302002000031000300002000003000020
