32 3
10030200003000200000001200020000
00000100000000102000030000002000
00000000101030021002000030033102
01300000002100101200000000003100
02310001320223001110130000101000
00300000330000300100001002200100
02000002300000000000110003000300
00003000000100000300001000010200
00301000321020030100213002000300
00013000000020130000203013030000
30002003202000100000021103000020
00310103000030000000000023000030
00302230000100002031001230000200
30310012112300000000030002200000
00010002030000030303000003202000
00001000000000000000003000020000
13300120200030003000000000000303
00000001010021002302010200020001
03000100200000000320010000222030
20212030030030010000000002000000
00000000103030000000100210202320
00021030000000022000001100000200
00320000000100002000102110000030
02003021300000000002010000002330
30201003200230000100001020000103
00000300030000100200000000000000
02100002320200000001000302300012
00001300000100320000000200000000
02131131030011000000000010230320
00101010000002000100300000301010
00030020000000220010200000010030
20103300001000002000000030000020
