42 3
030000000000000001000020000010000100030000
100000000002001003022200000000200000001300
000002000300103003000000103000020001000000
000010000000123000300002000001011000000001
000000000002010000000000002000020000000000
000010030000003000000030000003000300000002
030000000220000000300000202100000000000000
120001000020000030301002100000002000010000
000002000000003200300000000000200003010000
100000300001000000001000320000000000020000
000020003000020000002000030020020000000000
010000000003000020000000000200000030200100
000300000000000210003100001300000000200000
002003000130000300020100101010002031100000
000000003000000022003000000000000000000010
000000010000000000030000000000000200000000
000000000000100000020000000201002000000000
200001200000030010002013001001000000000000
000002030000000000000000300000000000000030
000000000010000000000100030020000023000000
000000000003000000000120000000010300000000
300000000000000003000000003000001020000030
011020001000000003000000000000000000010010
000000300000001000000001000000000000020011
000000000000000000000000000000000030000002
000000002010000000100100200000000030110000
020000030000000000000003000200000000003000
000000000000003000000200201033000002000000
000020000000000003000003000300000000000300
000000030100000103003000000000030130000300
200000010000000003000000030000000000000220
030000020020001000000000000000010102020000
000000000000020000002200003301000000000000
030002100000030213000001020000000000000030
000000000000000000010003303200000000320001
000000000000020001000031030002200000000000
002020000100000000000010000010103000000000
000220000000000000002000000020021003200000
000003000100000000000000303030000030120000
301000300200110000000000000000030000202000
000000000001000000013000003000001030000002
001000000002000000000120000130000202010000
