38 4
00300200031200400000003030042010400400
40340010432000300000000000000000004300
20000040400000000000000000010100010000
04200000000040001012000000000030000000
02000000004400430001000000443102300120
03300002240302044400010304140000000000
00001010000000000040041343000000001000
00000000000040000001000001004100000100
00003201000220040003000040042000000400
03000000000000020000000203000003040012
30001001020003202000003004000011320100
00230030002000004002000000040010200000
00120030000402003030300000002000042003
00000000001200203000000000030000022002
10020000001000000200000000000040000000
04004002003020003420040100320000004033
10030000020000003000011002014004100330
00000000000001000003002004402420230000
00000014000000000000030000320010300000
00000113100004000030000010001000000000
00001000010000013000400012320000034002
00041033020000034022010000020100001023
01002002000000200000003003004100041000
01040100421000000300020000200000044000
00000034400000020000030001000004000001
03002400100000430000040000302100301003
00000400004000000000203404300000102000
00004020200002030004004040032000003001
03004000003100010000000000203000000000
00000000100000000013002000000400001200
00000030000030200200000302300020000210
01140003200030420041000000030010000010
00400010104104401010003201000000000004
20200000000400000404004301203020100000
03000020200001120010000400000004001000
00000020010000300010011012000100000040
00400302004003020003004011040003343003
10032400040240300000020200000020300000
