24 3
011000032303201200000011
120103110000003001002310
030300000000210002021200
100320230302002103200000
020203032000233000030211
222113230012000000000223
100030321020020301320000
302101201011030123003203
230031100223310330102330
000000010213100012302003
210202000002100011200122
000013220300303203100001
013120020013331003203123
303213003113020110003030
322131301110300301002003
010023000333220122120020
200020000313103030003103
320020300210030101310010
010001200101200023321311
002030230100020130100133
130212102010232312102003
030021020000211200001330
230030000200100110023022
100133020302022201000001
