30 4
020340004202203003100010340022
000040104200402012044044000100
102044000100100020000011300023
130020002001003100004040244302
001000020002323024040200040003
102200403114001400233014001303
040334401032040330000000001311
032002400300003000031000023040
340002303030224140300001402100
001000000002032440000000442010
020300000400000203400220000000
340200000103240400022200101014
122000001000011330030130000340
100012303210020300200333030004
110000144401104300000430401144
330220013000032020422230001003
020000440020440421004010001111
230420320002104004130000000003
230042330000220302304340200313
020202000320410003100000000030
003320201034040304103340210400
033400040000103303400411011040
040001043300000001200120010421
040302000334200000030040030010
000040024000002000000014000001
320122000004030140021003000100
200310000002322100100200400000
004010000103000001222041000004
442014120101001404000123040000
430001000000000102041100003100
