31 5
0202320103200300002105323040350
3200203000050400100100023051015
0025254103500220350300040505500
0000040134020034025341242053014
2001030010020432300205355000340
0004000105000201045100150040000
2102005304025040400040200040442
1031320050040020101452010000224
2430031041003000002421415332345
4001015030100100343003410000000
0530040402443300000500003000004
0200015104311050030000213420240
0000150400000050400440245145240
0031501402010300034000053355050
0022030055022440150340530015524
0003420515103001201000250100000
0400140035001251053525000103020
5305200000404513500300300002030
0000004520040400000021333051204
0330035034340102030200000201000
0053100350050101002000010101100
3401202100053115133102200404000
1540004301001001042301445051102
4102200200020304024004003540200
3005443002140211000515400212505
5030003240201020000540055003030
5000422202010400042040130400530
0232045004411505001023000434400
0131003040000500015035200150245
0010003052055000324023551314000
0001022050345520055213005110330
