33 5
102001032033100130010011000000000
142131000330005000052002010500000
000000250001022000540014453033030
341431504140000000003041210000000
030000000052000200003022040010402
512222010000004003200340500000045
005050023130432050324150230000055
000003020005040013224000503302050
500000003302400000001204000000000
304300005050550015055000000100003
402500440000100000030010000000020
500014440053001452104200010005024
450104032140300001000100404002450
330200235101001043424302041055050
041230200004010020204501100004545
015151000130504021404400504320023
032100100500030001045354100300000
320311041000103001315104302324000
015514000003030200200005450530000
050000354530014220302452505000200
543051203000021100000010031043000
301000034200420340000002300203000
334050045020554000030210100244022
000402020003040000552000041030000
001515002000201010025023005520005
200005305203000000150005014040542
000004014400000003020000002005335
540340300205204003010051000340230
130000003200130005002003415010000
003000000000014004001341501001000
004301020040101211224250503055002
045045005200054240000004040400340
034020101400535212300312030502500
