29 2
00220100210202010000020020000
00000200001000000011101120000
01010000020202000202200020000
00000002002002000100000000100
02000000000000110001000100200
20020000011001000100020200021
00200000200000200000102000200
10200200000002020020210011001
00200112000200000000000020000
00011210210000000000000000200
00000101000200000100100001102
10000022100000201000001000120
00000120020000000000010100000
00100000100010000001000100010
00002000010002000110100000000
12012000020000000021000200000
00010010200000200000120101010
00020000000200001002000000002
00020002001022002000200002010
00010002000000000012000102001
00000000200122010000000212002
00000000000020200000001000000
01000200000000000000211000000
00000000000000010020000000000
00010000000002000000000000000
10000101200000000002020010110
10101000010001000220000000200
02010000010000100000000220000
00000002000120002001100000000
