43 5
0000000444000300300000000002000430000000000
0050001000005000430010200005500004000200000
0005020034000000301000000000105010000000000
0040000502404000000020500000200300005100200
0200000000000353000312430000040000010000030
0020000010030100021200100000000001004002000
0000030000400000010040000533000000000000010
0000303000400004500000000000000043000300050
0300000040004004000500000000200300003000250
2000102001010000000003001054000000000000305
0000050500300005010005000052000011400300400
4300300000030100000000400344010503000305002
0500100020000003020020140000000035200000004
3000000202000000000000000200000300003100100
1130000000300000003000400000000000300000020
0055002000000010005000002003000050001500010
0403000001010043003000010000000200000420500
0500000020011040030401000050200000300000000
4000200000001000011012000002000000504000000
0000000003024000140103301500010200000230405
0000000500010001200000100000050200000041005
0000000004014000005005221015301003030002100
0101000043000000510040100000000120333050000
0051005001002500200040303050005002000530300
0301000004000000000200003505000000001000000
4000000500000000043000450040000020001044000
0000000020000000001540014004010022040200032
0302504400000030004054021000014000450000300
0000000050003204000002100040100003204032000
3000000055025000302400350000000000200005000
0010030001020000002000100035000040500054405
4000011000000004200002020000000000002300000
0403405020403020005020000300500050004001500
2203005303000100000001020500052300500404050
0002534020400000002000000003000404154010001
0000000010000000001010420052100000000540500
0000000000000150001000000004000002034000030
0002505000000000230000003001000000500301200
0000000050000001403050002030200520040000410
0000000030340000000105020000100000000010000
4000005042540001000010000002000040005000000
0000000000000000000024000005202500050521000
0000005240003000400000000020000020300004030
