42 3
000000002000003000000000021030000000000000
000010000000000100000002030000000030021000
000000000000000031000001000003000000000000
000000002000300002000000020000000000030013
002030000000301020001003020000000000200002
000000031000000002031021000000000100010000
020000300000000003000000000010001030300030
000000010000000000030000001000000200000000
000000000000000000000000000001020301100000
000000000300010000000003000000000130000020
003000000000000000000021000100000002000000
020010000200000022100300300000010000300000
000000000100000000020000000000000003000002
002002000000000000000003000300200000000301
020000001000013003000300000002000000000000
002000003020000000000003000000120000000000
220100010020020110000000000000000001302022
003300030101000010000000003030000000010000
100300000000000000000000000120000000003000
000000100002000020033200000000002003020000
000002003000000032100003000020000000000001
000303003300203130010000000001030000010000
200300000000030000000000000000000000000000
000010001202000000100000000000300000000000
000103302310022000000000000201100000000000
010030220030000000023000000000000002020210
300203000200000000200000000010003003000200
000000000000000001003000000000000000023000
000000000000000000200000000000000020000200
200000002000000220003000001030030000000000
000000000100002000000000000000002000000000
033000000001000002000000300100000000000000
001010003000010010000000000300000000000000
000001100000002200000000000301000000000100
000000000030001000100000000000000000002030
000000013000301010000000002020320000030010
000000000000003000001030010000010300000000
000000000000000300000000000103000300000000
200000000000011000103002000001001000000300
101000100000031300000020300001030000000000
002020000000011200002000000022222000000000
000000100000000021000000000200211000000000
