33 5
010420004000002100030004044502503
000000000030040021010500010040500
203251020510200300400000203103330
411202001335200010100221000203224
000020502532000031000000052053441
000052405500040410450104500020040
000053000550040251210030035304152
010000020104330254000010040454205
450400402000504425201135010150100
040001340420300105554400012300000
245310000050342400000000440200200
302000043005013050340400305005044
000240000053053000500400500032400
023200014033053041350310140350004
000535020250042502500045004210200
001050300104000205031003030020010
030502051300300005110003040040000
213000200003000111104000020050230
002310030020104001004052110550005
010103305150024000004540000000005
400020000034511000000400120504000
501053012500323400220000500004000
554300520002025203000000100300501
000400012042255400000020303004342
010000023400322000003403043003010
400000000501304100014000000000223
155003020104330500003101005504300
003305000003002540000305155201451
000220000412040045310045340010040
315140032000020140014004340253255
011312001012044033000203011100000
000020000100003000010002000202300
000002000115040302350520130000100
