26 2
00001000021100202001000201
00200002112000002021101000
10010000000000001002000000
01120001222000010010020000
00100022010200020000000000
00002002010001020000000000
10000001000000000002010220
00001002012010000002000001
00100200101100100000000100
00000000202000100110020000
00102000220010000000000001
00002000001000010102000020
20020002002100200101000001
10102002000210220122121000
20220000210001020000000200
00000000100020000000002000
10000000000000020202201100
00000000000000000000102000
10220002120200102002001001
11002002002020000010102022
20000102202021101012002201
00001000002001110000000000
20000020000220000000000200
01000020002100100110010001
01000000001021000000121001
20012000200000100112010011
