32 4
40002200104204000003300030001104
31000000341100002024202310001000
40002000443030202004302000024200
24313000204003002302000000211300
02230100020000000000032031003001
40200304010400100020420104010044
34000230002400000000000110100030
32030013000020013004300414300004
30044001000200000230400030204000
00030400000104003104104001402040
10000300301000200300043010410000
00000130002000004343040034000002
00022000002100000000030030040023
44202220000004020004000003331000
00010402003103102100043403440402
00000211000000100300200001000204
00400130010300102010000104100000
14302200200104022100203023003400
03400410100320120014001204020400
00000000000040203403340000030200
41402000343300403011031004000202
00000100301300003103210010000000
00030020220100004100003000031000
01004000202010000000102310000012
30240420400010000002002020001000
30004000000003004040003300040004
24000202101040401100000032200030
10403000001401312001411013303400
00003002021030400120034001003000
02010000000040041401200000000000
10030330130313402203000100400042
00001000200000402000002004202040
