37 4
4001300000000000044020000300000033000
0000000000004034100003010000200000003
3030000403200002330030012001000200000
4131000001000300100002400010000200000
3202230020110000000143140430002040410
0103000400100004420244000010032000003
0100000200004420000410000000020000020
0000044000000000000003042404000001002
0030030000000000004000000001003000020
2001020010340004001000000002202000001
0031300100000003040000400100020001010
0000040030010040000000042301000140032
4200004220002000200000100000001400100
2002000000000000000002200000000002000
0000030000000000000000200300000000003
0404400000303000000000030113003120402
4110001400003302021100030030001000000
0010111300002404000000000300200000030
0300012200030002001100300000021000040
0000000004102000020030200003000000001
0002030000000000022000000020000100040
0000004104042303020400103200003100044
4023000040201100000000300020000021400
0000200000200000000004011000000300100
0001100304040300000040023000000001000
0000324000422100001003000401000000000
0010000002200000003000400000000003000
0002003030012003404042000000000000002
0003021300034230000040041000000000003
0203000000203000010000400000000400111
0000000000402000000040000033400340402
0000002000030240021010102000400300013
0000001304102201000000140303000003002
4041200000004000200000000400300042010
4040000040040021000100430130000030200
0003101204041343000000102300044301000
3000040000000103300000022000001000400
