23 2
12011200000101011100212
00002121020000020000000
00000000112100110000000
21000021122002100001000
00011000021101222002000
10220000221001022001201
01020002000010000100001
00020020120002120011011
01010000200100222000000
20020000010021000002000
10202000010001021000120
01200200100000000100022
01000002020020002010200
12000021210001000220210
10020202000200012001012
00200020000000000002000
01210020122212010210011
00000000001022020210101
22000202100000202020002
00101200201211101111000
00200000210000100001022
02100010010002000010200
00120100010000100002010
