25 4
0011234240414421341200100
2120333411311324041111310
4032004310311330320423001
1000102210044031244003120
3234100420000342034414130
4001000042422012132120430
1412020020333232242022002
2033100043100210400411004
2042103303323334234044010
0011404230431024000420414
0040304030032011220032021
1000020004220340004230012
0330320303412041403020224
1122400040000140004102034
2402200220400431100022313
3110020434102304431144000
0203103403242010330003001
2011240100031100141301142
2214423001004002342010044
3041010004100330200444401
0102030003444033211110023
4332102034040403034403003
4031321320030000021200200
1202130102203040403001002
1003410241213303334023024
