33 4
004140000230000231040303000024110
000000020200001300004040003100240
000030004003000000000010400320000
340200130001220100314003003000002
002001042010100004000420004001310
130000004300004414031300032000303
000013030010100000020022000000004
202002000000400013100300300000000
000001400140200000000001410333313
000100000000130200322104020100000
400000012000400040404300331000200
330311130320030043330020002000144
200402001003000000010104100002000
004300021000200001000000000230000
020030020000100034004141001003000
420000023440300304000040300030004
404201030420021020104000330000030
020213300200040100004100024004034
040002000020032400000004001021103
010001000022420010420000100404430
200020100003020041000033030201002
000020300000302000140003200200204
000000004000212301003030404122002
200300000043300440000000003440000
000000100401012002001010000044400
000120001200014040200202004012130
011000031100000010200030000310002
000030002040340200000000010400020
020000000020030010040040000400024
000140303003001000000331000000000
400000101342021202000103002000004
001440220000000200200403044001040
004400010043020310133200010000000
