33 5
200400020000312100330301440250023
000321100550500015002000000200310
140200020204040433040300400002420
400400040030004000200003400040231
054300525230400000000000023000022
230002010452002020000230000513113
500230000002302304042115043025200
100023000000040004405501000101435
523005000510000040000530110231440
102054150020001200400020003500501
000400040000503132000000200000000
454000305004302113040004005020400
121050000510000030255403003150320
300300250500000000404455033400110
041012002000051000004033010034320
000030020052003404000200020030010
241320015500002134000000100321100
410520440205000101003021043040030
054001351000005000003000022050105
500245010505200550450053005401010
500040011521020001014004000540501
000130201550410010204502000400010
042213004300202303340420105325304
001150402403000020015100003410001
000030040010030250000303403300100
005400000000233522030505441505102
003000000041010001113020450300000
055001044323003005000510104400000
001000000303000043205205452050300
055003000101013003055454410004000
455200005030000000240000114020000
052404333020155425530005132043302
200305010210100024000000200000050
