28 4
0444040000040003440200412400
4020004200000230144131100003
2000001200013300204334300200
1303424200000040010020242401
0400400100030101300000320001
3321320020441300120300023301
3014140400213430320234023000
1412414100031004041330400000
0330001443001232402304013102
3000440034112004201100010130
0202110113002000013204103300
0001030020013220000000003410
0023100031200101000004400100
0404020024043012000112000000
0102142023001000021300100020
1000020100002322020434003210
3024231044110404304010330200
0112301200002300022410011200
0100304000044323000400000010
0023310201040014434000001034
0000034130342202400104030020
0100211030300132210204000000
2030041000033000000231402030
0433230040231200442004310300
0030223200023104220204020301
1012003100020034400022200001
4100014040343300020040022041
2043000040140303403244104034
