39 5
002420400002042504000101405004000035501
004020200005030450004500000003304000000
000000310000203000000100204200050024200
005400301015050200150400000300100005000
000200000040000250014200400020020043044
000023000050000010200000001025000504000
502005025050000030000030010000010000321
400143150030000000100003200230043030000
530020112302034014001030224040024000300
150030002000000000004000010020000000025
001000100100100000100040000004012004400
050043005020340433000500002000020000010
000000001310010003310503000000001000025
100004040010100040404300105001000203300
000001035150015320400000240030000000032
050000400050220000001003030005402005005
204000220001400000030004021000512000025
050000000340000050030010200030050002403
000050030000030010000050200000000000010
000050000400000000000020200053003020000
000300500015002213000034150000000300410
000000000004030010000200300000030000002
000404052000001010021300050010000004500
040000501100000004000100540000030003000
035000000552010002001001000001140300001
020500050105003000000005000050501002030
000000005002040003000500000002400000000
510304300005001100000003000000040000000
030510000340004400000000300302000000000
140000020000010002310000500030340002002
000000000000055000202000010052030300003
000005004000313000135000230010000005453
303501005004000003200205102000100013001
005200010040522000440500000040155550040
500040040000100500005400200200303400000
000000000310004000400022052010003043001
100000004051000040010001040025500000230
000000040153010400003135500002000004002
000404200520030350044224000440004300202
