36 3
302020000002000000000000100302000030
000210000010010200111002000002300000
000000020100000000011003030020200000
000000000120000000003000000200002000
000000012000210000100000000000000000
100222000000020000200030222000000000
000200000010000000013010020200030000
000000000300030000002030000210000000
000001000203000010010010020000100011
012203030002000000000000000000003000
002000001103000003020100000003000010
003003101003000200000000000033300000
010030000003000303010100002000200000
000010000002000000000010000000030000
200001000002001000002000000010000320
100020200000002020300000200010010200
000000002200300020030000000030000000
000000001000030000000330000010000001
020320103100000001300010200100000003
000012130000001002000000000000000003
000003010000000000000031000000020000
202003330300003023000303010000030310
000000000000000200030200000330000100
010300010030003300000000000020020000
000302012030001300102021300003020000
100000000003000000000000000002000003
200123000003000300030300000000100000
000300002000000100020203000000000100
100020101320000030100231110001001303
000000000000030100000000300100000011
030000000300010020000000000030102000
000000002020001002020003030000002000
203000010300003010003100300200020030
002001202000001000000003000010000010
130000200010000202000000000001000002
100000000000000030320101020002000000
