25 2
1000002000002200102000010
0020001001002200010001000
2100000201002000001021100
0000200102021000200220200
0000200000020101200000000
0200002200000002000021210
2000000002202120022210000
1010000011000020200120000
2001020001010000000002000
0000002000000201221000010
0001000000000022002001000
1200020201010001000000000
2010201000000000022110000
0020200000010001210111011
2001210110000020000020000
0100010200000020000001102
0221222001000000020212020
2000201001020201200001011
0001111000000002000000200
0110000000001211020200000
0022100001000010200100010
0000002102000100020100000
1000001011020102100020002
0120001010001200010002000
0001121000000000210011002
