35 4
20003010000000020410400130000020240
00013200002004401000003200200010000
00140003400200402000303330001004244
00010000100300024104104000000000000
01042030133001400010003000000202404
42301040003340200040010000200003000
44401420400030310004100000100002020
40002033000423000020002040041000002
02012023000000002303400300000320000
00140300021002000300400000200440020
10100000010340040013000000000000003
40000240303120002000000000002300011
20000004202000000010342040000401040
02003000000032000301000332000410220
00003000301120000003004040140301000
00000000013001400400000000010002000
01020100000220000203000320400202000
03400033300001300133300000000000004
44000000000020030001000300030002011
04400200010000000000024240031200200
40000414000300011002200040300300023
40100001404304000100002100020000000
00300000033004000204001000400411000
00000010040000100002000230220023000
00000000220300000100000001000100010
00201002000401000000101040000331302
00000402000440011100030000420000040
20000000000004000014031100000004100
20000001400343141100300010100010003
00000000003000000020020110300032000
24000030003400103002400000000400000
03023020200000103310040000032000043
00001020140020000000100000100000000
00000040000303003000200030000002010
02000344400100300100040040030000202
