44 4
00000030000000000000220001000010000000400030
40000003000000040000220000000000000200020000
20410004000000030040000004004200000000000000
00004000000003000001400000000030100000020000
00204000030000200000000000030000000100004400
00000000000000000000000000300040000000000200
00000004004000000000010000020000020010000000
00002000203000000000001004000200000030400000
20000001010003000020403010040000030043440000
00130000400020000000004400000000030102000000
01400000033300010000000110200000000010000400
00000000010000000000000003000410000000000000
00000004310003000200040000000200020000013000
00000200000100000333000000000100000440000300
03002004003000040010000300002201000003000000
20000020040003000000000000000302100000402000
00004010000030002001002000000400000000000000
10000004044000001024000000010004300020020020
03003000000000000200020000002000000000000000
00012040004010000000000000000000010000024000
10001000000020000000010000000000020002004010
00002000000000000003333330000200000000010003
00304140000000000300000000200000310000400000
03101000000000020003000324010200000000400000
04003000000000300000401000300340003030200000
20400004000000010000000010000000040003001004
32000000000220000100000000000000040000003000
30001002000000030001022300000411040030430420
20003000300000400000410000030120300000101000
00240003000000200200030104000002012002010001
00000131000000000000000041000400004404000000
00000000000000000010000000000200000200000024
10000040000200033000100000303001000040030001
00000020000100000000003000010000000004002000
00030003003100201003030000003001100000000442
40000000300000004000000100000100400000010400
00010020000000330000000000000000000000000000
00200200000000240100001020002000004000002140
00001200030040120000000004000220002004000100
40000003000000020010000000000040010000000000
24000020000000000000000000000000001000100040
00003040302002004010044000042000000030100000
00030000002020012000003000000000001100100000
30002000000001000000004030003000303000101030
