25 2
2202002010100001000020110
1022010200012100000002000
2000000000100000101000100
2100021220200002002010210
0220000000000012110000200
0002011020120000002002210
0001000100200020000100012
0000200000001000000010100
2101010112002001000010002
2000002200002020201000020
0002000000100020222000200
1000010001001000010200102
0000010100000202000101020
0220000000001001202000200
1020022000200000001000002
1102010200000002002110000
0000200000010000010000101
0020020200000001100200001
0010020002002000121200000
0000100100000022011200100
1022002210020110100000110
0011000001211002000100022
0102200000000000011010000
0102110001102002002001100
0012000010000000002020000
