32 4
10420000010434040040120023000410
04130300000214010043031440440003
00340010300001010000000000020010
00342110004000034040014042313000
33031020230010200420024004004203
01302100010000000000030013020000
00140004000000000100400000030300
00240400304040020143000143323021
10030020002040020020030202002042
23320103304300310103000000401000
02000030022322400200342000303012
04000030130020200000010014000110
30000000101000104420000010400001
30001000202020013000200000110331
40030100002220030002020401040200
00003100040001201402000000300100
40000401000100010202004000200000
04001140100004100000122000044004
00302033200104040003300000024010
42410400030442043230000303013200
03004200030304000000200300340010
02004321243010300034220032401400
00003234030030400000020003004201
04300031000210000010101003400004
00002000030200442412000010000021
00000030013043041010000100013400
40400112002004420000001004000203
10010000000003000100023103000000
00410040030002004004200003000420
30001000020010300200000021200000
00000103400220000200001002003300
13020040000000040010010000030220
