26 2
20021000020000200010000001
10001202100102002200001000
00000201000020010000001221
00010010010000000001110002
21020010000110010100000010
02000000002100000000000200
01002002000012200100000000
02200110000020000120200220
02012000000021012101202020
01000020000200100001002020
00200000202002000020000101
00002020200000000000001202
02110010100000000200000000
00010000100010100200100010
02010010000021200201000200
00101000200000102002000000
01201000120020101000210022
01000000000000000200202010
20000100200000010100000100
02000000220200002200100000
10000110002200000012010000
02010100102002000100020010
10100002011200000010001012
10102200000000200001010000
21000000202000010000000000
02020001012100100020200000
