28 4
2430312400421431324400324400
4024400020000100120200002104
4444030040030100030003240012
1023000011034000004010101211
0003040021001102002004030000
0130030023011303422322103000
0220000000232440401313001003
0234000420001110023340301334
2120003200434000200000341200
4414040002240012014031210240
4403001044042202231201303140
1210000310100301001013042000
0000340004432020133400043000
1330000043000031020041103034
0141000140120001020304000040
0000400142303042020200301033
2324003130004001302320302402
0231130213301000042003110104
4310324134040010010420200020
2220044144020243000040010002
2100221000002010330303301400
3002400210100004033300024341
1300001000222000300300022400
0140004003000000401212013300
0312100240032001030013004014
1040040040040000302103400000
0020012423440311300300000020
0030122000120004000000002004
