31 2
0020000001000002000102000200020
1200010201001002220002100000200
2010000000000002000000200002000
0002200000200000000000201000000
0000000001000201101200200000001
0001000000001000000000020010002
0100000021000001002000010200020
0101000001000000000200002000002
0012010000002000001200020000000
0100000010002000020020010020200
0000000000000000001010000020010
1100000002020000002001022000000
0020000000000000000001000000200
0100000200020200000000021000000
0000200020010000020000020100000
0010000200100000001001000000000
0000120002010020100001200000010
0020000001002100000020000020201
0000000000000000000000000001000
1100011000100200000020100020002
0000000002100001120010000010000
0000002000012200000002101000000
1010000020000000000000000200200
0000000000000001020000012100000
1010001000000200002020000000001
1102010000000000000000020001000
0000120000210000000200010000010
0000000000001002000000000020000
0001010100200100010100000001000
0000200000000000002000200020110
0010000200001000002000021001010
