45 5
000010200003001001000030000403020003301000000
000002000004020000000000005000000000000000300
300044050400010000000000000000014000000044000
020300321000100000000000000050300000004003300
000011300000000400000030104000000044100035201
003002005001510000200015000004500100000000002
000000020005050400000404050000000000000040004
500500003055050000000002004000000500305000000
000110020001000000000010000020015002000000000
330000000000000000000000000000000500010000033
030000000413000200002000000051000000000003000
001400301000303300100040000205000200500050005
505033000000045004000403302021500400000000000
502003300012040000020100000000025000010000000
002450002042000300000022401000000000000020053
000000040000450030000010400000000004000002001
040000004000000020023110440350055003044000532
000005004040010500405000003000000000001500001
000400040003001500000000000000020050020000010
020000200000000003000000000005000442000000040
000400000401110020000000000100000030040023000
104000000010013010020005100040235051000000000
000000000000500000020000000500000402000000400
050000000000030000100010000000405000003000200
000004550020000000300002002030013100000000500
004003001050000000004000300000000300003004000
000450500400000104000000001001300000041034250
020000302420024330000200000023000000000003010
010005100500023303000000000030030200000000400
010000003000000000035000020100000002300052000
050000000105000000000500000000000000000000002
004024050405000000000010001000000040023000053
000003000000000100000000000505002000100000000
000000100025000000000010100002005201005001000
002000000055000000500025030005100000403041004
020002000000000501100000003000020000000000002
002000000043100000000000020320000002030000000
000000000000502204000000000343000050000000343
004000000002041100000004400003000001220040000
200204041004010500004400000103000000110000000
000000200500020002050000000004000000500020120
000000000050210302000000000500020004300000000
503301100235000000005050441400142000000020000
100030543300400000000500030051000100500000500
050220000040003000050000030000112000005003004
