25 2
1110000002000210010220100
1002020000010020200200000
2011000021000000000002000
0000120101000000011020010
0001000000100120002000010
0002002200200001102000200
2120200000000001100000110
0012002020020200010200020
0000120000000012220202010
0210001000200020020020102
0200001002100100112020100
0100000001010000012120020
0001211000102200012000202
0020001001200002020000000
0000000010000020001100000
0010020010200220000002020
2010100000000020110000002
0020020002010010002100100
0100000111000021000022010
0000101002000000000200010
2000000000000201200000100
2020100210000220001001200
0010001001000002001010020
0010001211200102002010000
2001200002011100101102020
