26 3
00021122000020000230001001
00210032003032021300033020
22000100020202000200302110
30030210101200300013220310
10000002010031323010202110
22001020303012012110030100
00001020010003102000120011
02310230030000113002130020
20030333002230023102000002
30030330000031203031212221
00002000100003301000330001
00300002031002000102010300
01001031310000102000000010
00020300032020003000020000
30000003311033002230012103
30000310122032000021030000
30000100203300131120300333
20100100230300201000000011
20030002000013203003300110
00122200201010100010000300
01000000023000111100211120
03322020010031002230323100
00200000000033010100001302
22010010000000031220003322
02030100000002330300002310
20003000101222003103310300
