24 5
312205434524412221331541
435052035203111032240351
343441022202104132205454
112323253401314504344530
232114345110422541334314
124322515144433324004311
142202250415534051525230
354132331244444005551211
200044330110241302015515
154501213551450535234500
010533343251254122223054
133252204112435430331240
504233354315354403254545
223524502510313342201452
333305535404334411114301
055121550515533145415100
503422253245451540140322
214200531222403520221114
535131445544404111401450
030452101222151252112513
354122000423210401042055
311045355530323201144330
135452223322413253322114
405115533342425535554341
