37 2
2000000002000200000000000022110000100
0000102202200000012000001001000010200
0000000000000000000000010000022000000
0000000000000000001000000020000220000
0100000000000000000100000100000200000
2002000000000000002001000010000001010
0000000020000100000002200001010000000
0020001100000000010000200000000200120
0000002000000000210000000000000000000
0001000000000000020000000000000020010
1000100000001000010000000000002000000
0000000200000201010000010000100001000
0000000000000002000000000000100000200
0000101000000001000000000200000000011
0000000020000000000000000020000000001
0000100000000002020000000000202000010
0000020000000100020020200002000000001
0000010000011000000000000001000000000
0000001000000001100000000000000000000
0000001100000000000000000000020000000
2000000000001000000000002200000100000
0000000000000100001020000200020000000
0000100100000000000000000000000000121
0100002002201200000000000200000000002
0200000020011000020000011001002000020
0000202010000000000000000000000001001
0000000001010000100000200000000000000
0000000000000000000002000000000000020
0100000200200000002200000000000000000
0200101000020000000000001000000000000
0010000202000000000002000200020000000
0010000100000000001000000102000020000
0000200100000000001000000000201001000
0000100000021000000000000000120100020
0000000210010000000002000000000000020
0002010020000000000000120000000022000
0020000001001000000000200000000000000
