24 4
031023022132444323122241
034103130010010110243134
403240330443103040343230
131201410024202002140144
342221101300400214030140
000000200333433311302120
004401004344002441420020
420100120142031440001002
142200132310011100440401
003000210321422403013210
101320422034013200130310
022233103344343402212142
030432330304032210022034
400132411030000043102422
210010112430410421003231
043234001032003244031030
033320441014322412110321
040030102014203303410324
143141304213020100031143
010242303342212404124403
322400040004030144121320
311143402331134102201122
004403242344120442210000
130020041040404033422223
