24 3
000120100200310202100310
000010001113033013000000
010020010013003030020313
300033320100012233303100
000330032100023103011101
010002010201322121332110
022200020320210312000030
301003312001020121323300
033011100330301300323201
210002000030120001313022
000030001000000331222200
000300022233030112022200
223002003133022120330101
200323120311210122000223
120101202021032020200320
000010120030320230200131
000130020322022031110121
300030100022032131000220
003001103100010003000000
301300223110000230020120
202000000320311320000303
332001002110120000001031
302130200000203201300011
003002003031000030001101
