37 4
0000004000030021403000100100000004030
1304000033000020201000411400040102030
0002000300000000320000020000400020000
3000202040020001100020000402000000300
0000000002030003022040040002000000340
1203000000401000000200000000100030040
0000300003110000100000000000024003003
0000041000410003000000233000000003004
0000403003320000004000400020000103300
0400400043030023000003400020010000000
3101200000301000000013102020000030100
0100012000000010200000001120040003030
0014000000004010230031002200000210000
0200402000004000040000001442000100004
0004240000020000200004040113300003204
0010030000000040000030000200040000100
1003010030003440003000000000000000400
0200001300000000000330002000001104300
0003000020040030200003000300000020000
0100001000310003000300034000022000000
0401000000100240410000000433000002002
0001001400000000040010010000410004000
0004000001004000011300040300000004420
3200002004000000403210033120403302002
0000000000000314204002100034002013002
0010000010000040020000210030000040003
0010140024430010300000004002000040300
0240000400000002240000000030200103030
0000400400001101000404002401000000240
1230000000000012240002001001300004010
0000022041002100000000000301000001000
4000100230041000003004040200040000243
0020113220300001010100000000000000032
1030000100000000200000000003010010040
4000020000000200020100004300004432003
1000000002000000000014300000022020040
0020000001002002030000000040000000300
