29 4
20030300000042003010020401220
10003400201100004300001133301
00004130240130403300400032001
00004020400004001000304120040
01011100000200241011400030242
40000100000000400041020000100
30004000300410300000002234204
00320332200240313134002120222
04202302032110012013000340340
40240032103300000404020040010
10013132212442102034040024000
03020314001234000240001440021
40200100011303014042440411011
04340000000000324001003130201
02000030241003423420020030020
12401034000411012000010003300
00100004000231210003000000003
03000040030000130200000200200
00003310430200000320430202000
04203100214210300001000100011
40104000030204301002340400300
00000000040000000200100123000
10000204200440114040000000200
40304114421440034030030040400
03003003300114430002202402003
04000011022200010400030401403
13014400302012041302233003330
12102201402102300020032443230
10010023243024000303021314030
