38 5
20020020101550400030005050403300004000
02000000230000000130040003200000351000
50301120001000540000000000410205324120
00400451035000500030200230003000055001
30023000500503020013000400050310020000
01001000002000010000250001100005400000
00005000000040005000000000004015034401
00200000040340000134000000000000000003
04005020040000030000040305000430000024
00000203004005002002040030400420500000
50002020000400540010000000000540000040
03104501000130000040501000004501000100
00500255100020000000032250142000002050
00043400000020100000050200130000542000
42300005003502000300220010300000002001
21010000330040005000000000005000040220
02001201030050401101403045040100000005
00304002400000004503430302130500000000
53004050050000450000000000014004053120
05002003204000000054340120010000300020
00205000030050000100200102330000000400
20330000003040000100400500000040105100
03204400002300000500001000000250050000
01500500000045000004421000000004020500
00000032031200000421000003421020100000
00040400000400013004201030005000030003
02005141450000000030000300010002004200
00000050000010100501054000052010000300
02200010000413330004034010002500030440
00000205000000000020001050050501004040
20203000000500051040040032100013040000
00004000022000000031002020004000350001
20035500000100002001000000500400002033
00400323050100001000305005151000004001
14030025002210000000103000132040050000
34001000022302005531000030553300050001
00543003001101301030440005200014300200
32202040005035000004001025011000050000
