24 5
532102033321054015123525
140053541131545400205444
403101450104455502114514
441115050504222415035024
414123334135005101412133
142014322430052551215033
423312050254200515254345
252251305501154512033000
405045554251524234035311
321134354034323121323542
324234050111535554332443
103520010031523435255342
532512542124344442250524
335143442315542222214013
324352231444214433335431
242504113154025200032432
032254325432542224012441
151032023510201032441545
541203201150133131141223
420241324301540224353523
433550131111503442531533
342250422315242043021035
352110423421141321153051
415155135215403141343155
