29 3
02000000000000302020110020010
31300300220000200002310310000
20003120000003202000203300320
00000000030330000030001000100
01020230003201002013000002020
33030201000000100000302300001
10012022010020113301200000030
20000100303100112000303000103
02203130110000100300030003200
01210330200021001012002121002
10300100020020030321021302112
00320333000000200200320000130
20310000000002010312300002103
00000203330013100010301020000
00200230000000000000130001000
10002000000020000000200300000
00300300000002100100000301000
30003030112030031000201001201
00100000020320001000000002020
00001002303100120000001000200
13201020001300000000000030020
00300201301000300330021000200
00000020231012030000201020000
20103000000223001000030020000
00000200012000110001000000003
10100100203311002000000310000
00202002000300203000001320233
00001010030220030003000010000
00300310011010202300000000301
