48 5
000002030000200000003000000030000000000401000000
000000001400410300200000240000020310000033000000
030000000002050040040000000000505325013100020001
000054004400003020234001000041000300000100005200
053000033003040051000303000030000050000500000002
020000030500300000020000003000000000000000200000
030100001130000002004000020001000000052000000000
000500000010040005040000301010400200030010000020
102000030020033100000304000200000400010000020000
500050000000002040000040030000401000100000000014
000000020404000302000000000400020000010000200002
000400000000500005000010000000004300000000000000
500000000005000000000000000000004000300000010002
000010010000000000400000022400000004004001000100
000403005000401000000021000000200000000000000000
025040020000011200200000204000000000004000050020
000010500200000200000000000000023000000001003402
030000200200400000100000050000050040100000051202
500000000000051000300300000000030000000000020040
003000000000000405003000000300010100020000000000
005000500500000000000000000000005000042000400000
000000000050004010000050000000100000100030005002
003050000000000023000000005004000050000000003050
400000000050000200000000500400200000400000000003
510000000000010030110020500000000004023000000000
030000005002000003001000000050000000002000004300
300000050010000001000300540431005000240100000002
040100000000540100010100000040400000050000000000
000300000000000000050020000201030400000003003004
200030000030000000000000500000101500000400004101
000300010002030400000030510000001000000200000000
404205040001000040040050000040005000302304000000
005000000000400000310004000300400000000000000000
000001200410000000000005004000000000030005000000
020400100005000340003000000000000000300301404000
004040050000001000005000000200012415500100004010
100003300020000000000050000000000510003300000305
050100020000012020000000000200000030000400000001
500310000000501000004300000000300000000002000000
000030000005005000000004300100000000000000200000
002050000000000020050000005000000000000000000002
400002000000000000050000203000500000000012000000
000500100000000201020033000040000000000004130021
005500500000001000004200000000000000200400050002
200000010004000000030014000001002050000010003000
405000000304503000100000402000000000000000003400
400055000505000000500000022000050505052200000050
300000500000300010040500000400030020000000010003
