28 3
3001031130300020221102001001
0020300101002203001000002122
0000100020000000230300102200
2300010000330033300001200010
3003202122003020000020001103
0100003000003020030100300003
0100223220332030200003012230
3322201200310010001003000001
2021302200012010000100302130
0200002303010003001000020002
1301303100000102010100132030
0000202010312012010000201110
1030020220000101010310010002
3303200010000302000320031130
0001030000330003000020013200
0000000030010001000031210003
0000200000011021213130002100
0000002002001010302023000033
1120000110020030013000310001
0003000331030001202200000000
1000300332301000010100010000
0200000003000003200000001002
2020300000020021002320000000
0100200000000101020100012000
0003000023332102013100023000
0000330300000003001200003200
3030000000003000000000202031
0000130000223021200000000000
