43 5
0200000100001002000210000300004020000210200
0400045300101003000000003010053003000000200
0004030000005001050040400000230000000001000
0203020000040000000001000403000050000210000
0000000004500010000000010400031000300054000
0000500002453000000003001401000000001004000
0205000000000000000100200212000004300500000
1032000000403500000000050500520000300503005
5302050000000100110105001000004000001024000
0300202000040035000000050000000005005100003
0000000300002000000030020550500000444100000
0300010000000050500000000500000000004043000
0020000300030510000000000200002200050040012
2402050002045200040002030000000000245000000
0000200000000440050000220000004000000044000
0100000000000000040501300000001000000302000
0000000002400000000020000000501000000300000
3200000000000020040520000000000020000000202
1040000440305103000000140000000000000000000
0012000000000400250004000100002000004000540
0020000000000030004000020430000003010000000
0001020000040540050530004200004100501000000
4300530000050010000030002000000000200000103
0005450000000300010405000000453200041040000
1000020002100221005000333400200000000014040
0013000002030000420000052500000000010000000
3005000000000405300000540000000130000001042
0200000030000000203010310001405010201050000
0002300000500004540100000000050020043030002
2010100020004500000000001002000003000000000
0500000015030000250000010220000000000005005
0400350100105001000050041002204040000000001
2000000010503005000540000000040350030502002
5114000000020400000000003000003001010300000
0010000200022000000300000000000310404031500
3000100000000000000420000042000000000020310
1050130000000000003000022000000000000130013
0013000454030000000000230000030000321005004
0041001400005010000030000005200015000005003
0400050000505000000000300030032001040400341
0004040000000004000000005053050100000004500
0530010002300030000052100003044000000030030
3001505020003004030200400140000550004001053
