36 3
010000000002000000300000000020000021
000010330003003300003000003300003100
020100020000300000020000012020020000
000030001000330033000100200000002010
002000000000000200000000223130000002
000200033000020300000030020000010021
001003000010020020013000000200000000
002211020030203000202000000020000010
000010030000000000032103000200200030
100000300102010012000000102000000000
000020010000010300000000300000000000
030000000101200000000000300001300030
000000010000300000200000220000030033
100200200002020000103000000000020000
100000000000000000030000000000000000
030000300003200000000000200300103001
210000000300003000002000300003100011
000000000000010001301002000000000003
000303000003000000000030001000200201
020031033001300000000110000010000030
000300000100000000000000100000002000
013020000000030000003200000000003000
001200000000000000101200200030000003
000000102200000000000000020200020110
010000000210000201000020000001000020
000000000301000000202000000203000000
000300000000100000001130000201300010
200010100300000120000002003202002000
000000030003000000001000202030000000
300001000200001301000110020200012003
100001033000000000000000001000000300
230000013000000003021001000000300000
000303210010000000102300000000000200
000001001000000000010020000001000300
000002100020000010002000023030100100
100320200000100002200300020301100300
