33 4
440000230400000001030044020004000
002002000003440003303004433240403
000001001010442000200001001003000
000000000002032000000000240003000
000200003142111002000410011000200
404440120010200100004123000000200
030000003300000000240101004003040
003004300004321100024011232401320
334030003312040201040023003000002
200000001000000310000000340021114
000020103000000030400144004000002
400000034020000040100000000012300
032030401421000203322321000000400
410043020102002000004002302010130
002020123020001021022022301222130
001300000000401303040000140000304
000020040000344000040230140000400
003000004020010000004300000200320
011100000230140320000000041000000
010300000000020040014100034000120
002040000400303000143040010043000
000000340200003030400040200000002
100000010100004300040400004203100
000440033103203000320200410003040
000000000143000300000001010000001
132030203030020001000033100040000
321000000002300422002000002004001
200000002000000003000320300104040
040210041000300430012003002200000
040000000201400030400001030020000
300003404002302100131000400100000
141000000100000100304003000100012
000030201011001100042002420140200
