45 4
202001200002100000040000020000000400200010000
000400000003000000000000000000000300000020000
002000000030000000000000000000010012020003010
000030000000003000000020000030000000000000001
003000000000202000000000040000040000031000100
300003004000010400102000200400000030300040000
000000000000100000000000000034000020040000000
100300000000004030030000000040100000000040002
010000000000003000032010000103200000340003000
100034000000010000040100002000010000000400000
200004400200000000020004002003201002000300000
000000000000100120000100000220100000001300000
200000000000001010000000200000340400400000000
200300012224000001000000000000020000200030000
304000000000000004303000000332000000000002000
001000000002000400000200000300022000001010020
000000010000000000000000020010400000001000020
003203000000003000000004000040040002001000010
024320040000030402000000030040003000000004000
000000000000001130200000020002240042000030240
000000000002000020001000100034000001000030000
010203300004000000000100000000000300000103000
300000000224010000000000000003000201000000200
310013000403000000400010000030204000000003010
040000000300040004000000000014000400000000000
000034104030400040300001000000001000100000400
000000000000000002000100000030000000000000000
000020000030240004002000000000000400000200000
000004000000000003000040000000042000004042200
000002000004000010010003000010100200030000030
003100040040001000000000010200030013000000000
000400000002003003000002000000032000021000000
000010000000400000000200040040001010000000400
000000003000300000010410000010000030020002200
100000000000400400000000000200123401101000000
002043100000000001000002000230040040000000000
104000000000330010000300000400020004300000000
400140004000000000000400020000001000000003000
003000000000000020000100000000400000000000100
000003110003004000300033004010000000300030000
040000413000000002000000100020001000030000000
000400400000100030000002000021000000004000000
400100000000000040000000320011000000000020000
000400000000000000000000000000000001002000000
203100000000000000300000300000304044000000000
