27 4
213200130003200340220002200
400040313104332302130030104
030003400343333010000043410
101100004033021043300100232
301000004421044034200044200
014100002403100202040000432
004230040143204210021004024
020000010003000201040302030
043013120023100422230100333
120131222241040100230200014
430001044040134000034040100
030032230100100003310000431
002040324402344014210422300
204202130000121432201140340
040014001024220004030042001
004000330400340002000112000
000402430101300210002032300
000020111210400022003203204
304232104014242143223011442
021320030410212000101014201
323030400020140300340300010
004000003031041004440342103
122212030000103403131400334
001040000143210134101000221
300210001003110041004030431
420403002201130302124000004
104000300000342004011040220
