36 5
003424005415000440200030301300024055
050051000054010101200020050024150030
020024020501100020003000001451040303
210000001555041400030300043040004305
000005000000204500400340000000003050
001000350301200004000500052300000500
502400420402400050030030404022100000
005001000004500002350004000000000250
001050005241020003010310012000011000
201000552000155004002000020000300020
034444000050530002125002110000334000
050501400003000000000401010005040000
000100003040005300003400300403004300
034005240000000000005403040500000040
000000510011402031000400525001300000
110403034000000500002011300004030000
010350330000100202000000400102200030
013000030000002430042000001000000005
000350000040003000000000020040401000
204200021004005003231002320400030405
402400500510000332220004050522021002
000500023020030000000004300000003500
000450014421235000010000001020000000
501053340025300340000020000024005043
512004000000002042120003030000230000
000001405512000100153502005050500040
035200311505004200000000000030005200
540030010030025301130000502003004024
101020040302050305000000003000102000
002350110202050000000010000000000000
240200140550101032003004300000240113
000133100040000100002000000004005032
405030102350030000000000054130550530
000200120050400410231001000412005100
000100040352454000000010051130012000
130020300014100400505420020000100040
