30 2
200000001000000020000100000200
020000212000200001000021000002
000000101000210210100000000002
000000000001002000022000000000
000000000200000010000010000000
010000020001210200000220100001
020000011000000000000010000000
010001000020000000000000100010
021001000000002020000022002222
020200002000000000000120000000
200000010000000002000000100020
000000000200001102010000010010
002011011000001000202000000002
200100000010000200002000001000
000000100002200000220000000001
000001000000000020010011100000
000000000000100000010012010102
000000001000000000000010000000
102002000002000000020000200221
010220000210200001001010000002
100200101100000020200000000001
012000100100010120000001100002
000000100010200101000200001000
200002000100010000000000002010
000000000200200000100000010100
000000100000110002000020200000
001210101200200000000000000200
001002200000000002002002001200
000000000210200220000000000000
000002000000002100000000001021
