40 3
3300000000000002000000000000000000001000
0300001030010300010220010200002001130000
3000000000000100001201000210200003030002
0300000020000000003100000000030000030000
0010000200002001000000000030000000100110
2000000030000032001000002000000000000003
0001030002000000000000000300001000000101
0010000300030302000000000020000000010030
0000202000000100000332100000000000000000
0300000022000010000200200033003000000010
0033000030002000002000000030000000000000
0030030002100000000300000200000030010000
0000210031200000000000000020000020000030
0000000000000010000210000000000000030000
0000000000000000010003000000100202003000
0000000000000010030003303000000002000000
3300002002000112000000000000002000000000
0000000120000000000000020203000002000000
0010000000010000000100020000000000132001
2002000000200000320000300000000003000033
0000020000000000000003000030001102000200
0030001002010020000000000000030020001010
3000003000330000000000220000010301000002
0000200000000000000010001000001000001003
0000000000030000000200033001000000320000
0030000020300200000000100003001002302010
0000000101000100000000100010000000003000
0000200000000000000300230000000000000000
0002021023000000000002101000020000000000
0000000000200010000000000000300000000010
0003000000000002000000000000000000000000
0000000300100003000002000020000210000013
0000000000330000000000130000000000000200
0001100000000320000120001000000002000000
0000200000000000120020030002000000001000
0000001020300130000000102000000000003012
0002001010000000000010103000001000200012
0000103001020000010000000010010000000000
0300000300000030000001200000200000200000
0201030000030000000003000100003010220030
