38 2
00000000000000000010000110012000000000
00010000100000000000010000000001000000
00001000200020000000020000001000000100
20000000000000000002000000000000002000
10010010000100000000001100000000200002
00000000100000020000000001000000000000
00001002000000001001001000000002000120
00000000000000002022000000000000020012
00020000200000000000000020021100000000
00000000000000000000000000002002100000
01020000100000000000000000001000201002
00000000002020100000001000000020020000
00002020000200000000002000000100000000
00010000000000000100002020000200000000
00000000000000000000010100000000000000
00200000200200000000100000020000100000
10010000000000000000000000000000102020
00010000200001000200002000100000000000
00000000100100000000000000000010000000
00000001001000000200000001000000000000
00000000010002000000210000000020220000
02201000021001010100002000002020000200
00000000000020010000100100000000020220
00000001000000000000000000000010000100
00002021000002010010000200000000000010
00000000002000000100002000000000000000
20000121100011010000002200000020000010
00000010200000020000000001000000000020
00000000000100000020000000000000000000
00000010000000000210000000000200000000
00000020002000021000100000000000000000
00020000000002000000100000000020000000
00000000000000000002000200000000001010
00000002000002020000100000020000010000
00001200020100000002000000000000000000
20022100000000000010010000000000000100
00000100000000000000000000000000000000
00100000112000000000000000000000000000
