26 5
31340500544320013443440240
20101330252420130000231303
50151300042241540122540132
02150221401033004454030213
51054021430013342335000310
14000152232233104013045202
40343104340503043010530015
33544025034050320313051451
43320105343250131412202200
20331143254154245010404210
00330025250451501330102315
42320043024245151155505450
41534104533244102100554223
02112450031014533512023054
25552033230451304001350504
00215250200554100303042133
52041554544041432230113151
10143405032435225010045240
01103325025200221525210315
05145150000400105412422055
55020212052150143020440522
42232222441031351005001004
43103440410331514420032515
23502404311530045001002005
51330220055103340401235440
31421545034003512204550211
