22 2
0210200001010001100200
0020120200100202212011
2110020111122000000001
0000000101011202001202
0111200010010200020011
0000122112000200010002
0200002100020012100000
1110001000102110021100
0000120002101220220000
0012000020000200100100
0100202012011022021100
0000102000000001012010
0210000000220002011020
0021012000000201000021
1020002212122000010020
1011022000020222012002
2111000000020000201000
1000020022002020002001
1220000020210000020111
0002220100000200220001
0000011200002021000202
0112010110101200000100
