35 4
00302000000000000040020003000000301
00000200100024302000000000420000000
10000000003400000013100041010012043
30010010040010033040040303000040210
00020204000000021023003000000000301
32041030300101000020000200001000103
00000044004410000300000040030420000
02000002020220000100310414120143004
00302100000000010400000201000200040
10000212000004000030300000000003000
21002200200320010022320000204200000
30000000230001204000200131330104002
00302000000414430003030000000000000
00000000310000000040204010004002304
10142000130000400200000040000302044
40000004400002400204000400100002000
30440100001004002300001002030004400
43040020230003110030300240010040000
00033004100000310030000030010001000
00030000041000403200001300020000200
00100332000003140400100100040300043
00300100202300000040200220212010020
24040320300300000004000020002002000
32003000100040100210003110030400340
40040000200001000030004004002303001
01000003200031002000000304300030000
40043000024133023001000003000000000
00104040200000013002200000040010040
00211000000000010000000320000010001
01020000020000000000040000030000210
20204000100000010202040003040041140
00000200043010000200411000101001003
00204004200320004000040303000000000
11002000024000100030403000004031040
00300010000040001401003000040000002
