44 5
00000411000302000021500000300000305000000000
00042000000023200000000003005020000200000040
10002000020000000040000000400050040000000000
04301010030052000500300000000240000030000044
40505000043045050000000001014400500000300000
00000000042000004040050200100001440500041000
00000400003020403103000000010000000100500250
00000050000030000040300020300000104320000000
10030015500002000010000000100020000004420411
00040500005045500000451040020500200200002005
03000035000040001000010030504000000200000012
40000000000040000003000001020005003005150500
00000000023500305000005000050001002100010100
00500000040000500000000000003320000030000000
00000000005200000200030033000000200022050101
01045403000000503304000005000000000450030000
30000400000000310100030002404000000000000100
34050020350000400200000400000002001005000000
04500000020024100050000540004000000000405003
00000000000320240104000000010000100000000003
00002030503000010150005000000305000301000322
20000000120001003004020000000040033403000500
00000040000000000030000000000403240054000100
10100000015000030250000500005000404050010200
02402103000000000003400300005040040000010002
12000000005005100031102001000040304450433000
00000000031050100000020020000004000403200004
52030100000002002122000000000133000004200020
00030140000001000000004312350030400020000000
00000200000000000000000000000050004002030000
00000000000400000000000000300100000000005002
50300005000000000301540005000000000000052000
40000000003240000000301020100000000000030001
30000000000100000010004300500010000000002030
00203000000010000000000000000000003000020000
00005000042020000000004000000300120020100020
10000000010000205300000200000000000033000000
01004050000220000500020550002100500020240000
00000050000000000000420400000000131005300040
50410050000003050000005400000001000054300000
00000055300000000200004001000000000005000100
32000004000000000035300001000510000130001050
00000020000000223005000054000000051003000001
00000000000001010042010011000150000204040230
