30 3
230000030000102032010200020100
100030003001003031100012000213
000002002020221000130000000121
320300000032100001000003110320
000002010003230010132020030000
202100000020000000003110210000
000303000000000000200000003000
000000200000000000320003033000
022030002310002000000000000000
311020002010200201000000003012
000001020002000300300103000200
300000032003000100002110002200
020112000200103000000020012230
000110100101020000200203003103
200230003010232000000030002000
200000300000200200301000200310
303000020320030000003003000010
000000100030000102001001002000
000000021002300010300000300003
000002301203012000100000000010
020020231000223133030000003000
000200110201000002301000000000
001302321000110000001000020202
300000000003000100000000110032
301030002200210001303201000200
310000200233010010320200000001
202100000200330003102301100210
030030010031000030300001000030
111300300300110001000010000003
000003133000030001000211000230
