24 2
020220210100002020010000
100002000010102000200020
020120001022000002110000
100012212001100010000000
100210102002002200100002
220001000120110000002020
020000100000220000210002
000200022102001102001002
110002000200012021010101
101010000000102200000020
000120221000220000222002
000002202200210000100202
000100100200200000020100
000001010000000000020000
000101020002011200000000
120000000200000002010000
000001201000000100022102
000000001002200102000101
020200000011202021010101
212010000100002120001202
100010020002011010102010
021000010100020100011021
100201000000001010000100
110200012010001010000000
