30 4
000030113010400320041004042103
000020004100000001004032000012
333103020004000403000000013430
044002000010202040020041114004
023033043102000000030000000200
043302200000043404302030300003
004002131040002420322200200031
210000404000414010000230020000
010203420014011310001000400300
100402303100000202101121030000
433000000400144400000000000020
410303020403310100032000300101
101030210201003230000032304203
043000401300403332400010024404
003401343013000231400012000203
100300234000200003140100040403
010130144041040030221200012140
000000400040000123000002000014
044031030002001303042004000002
130424022230000000040200000004
420312301044010320030001330000
032110102402200202342030010400
000124001001410000301000010000
210210020423200420003000230101
000010330030024204042041002001
000200302002020000000200100404
110000043420112140000040230230
030024040000300000020001431000
020001400200332004000030000004
004123000401444310010001201002
