27 2
022102100000000010000002120
000010100002000000012010000
010010010002120002000000000
200002001000200200002020001
000020010000100000002020002
220200110000000100000000202
000220000001000000000010110
202200000010000200000010001
200000012000010000000000012
000002000000010000100021000
000000000000000000020200000
010000000000010020010020021
000012002022112200020202000
000001000000020010002020000
100002200000021100012001001
002000002020011100000001020
000102000000000011012000002
010000010100000000000100021
000000020012000022010010000
010000010020000010201000200
000100010200120000112200001
000000020020120001220000000
010200002200001112100021100
120100001000000100001010100
022000000000112000020100001
000210002000020000000000121
120100000200000200021002010
