30 4
220000410140003000002202000000
010044330202001043303020021000
012202103200000030203000004001
220240001014400020001030130000
003424010302030000131302022000
004043001000210000041102040004
300200030200401200012201000400
104040004030002033010440331104
103032130302201001102002001444
040310100120000002313014321004
303200300401100000000103403020
230041033002024030020303402043
141000034024000300023420310001
224003203240314024100010003000
033204402000201000220230040034
004030000003200014000000310000
002040130200340410000301000100
000120014220030000000310000140
203004030342300134240040343124
000000440140000004402030021200
103101202404004000100000030003
010040002201000002034344240003
000033100020203014001000034021
002003201000000023410010010000
400002002002002040032010000400
420430001300010030000300002404
423301044010400402100004010104
302300001003010000000000004400
032110204110004030103004100010
040223400001100000031401030210
