31 5
0002053000023150510050045103000
2012301020030410115042304155220
1010000430000400500000303453002
1045000220312440104040030002401
5200000510000453150000201053004
0200150220401204103505505011023
0323000130114041045300030231053
2051100025205052100024015025000
5000353000000010001210335003200
0004203325533040305334030310130
0230003052010301444201000410044
0000512524020125101000301000400
0204220000010002301000033504035
0530000410202040501031201121200
0052053030400251002040440210512
0105040001003000400005505000503
0034340041015240510011004500053
4005504045000420203404032040504
4003002520000500203000001000030
0000052010000053310540000150035
4030350140030004000444251501200
2003040020540052110032004043000
5020430040243044413553040333005
0020040200005330300050340255403
0152000210205000302030112155105
0450020040304042500000002524020
0201201020240504143203102001000
4000035020110313500153305032000
0052010300245404024402030023105
0304505005104300011230402201301
1000000020501401023044044000104
