38 2
00000002000020020000000002001000000000
00100002010000200202000200000000010111
01020000000000000002022000200020020000
00000001001000100000000000000000000000
00100001000000000000000000000102200000
20000000000200000100000000000000200020
00010000000000000000000000102102101000
10000000100001000000000000000000000002
00000000022001000220001010000010001000
00000000200100000010020101000000000000
20002000100100000012010000000000002000
00000100000102000000000000000000100000
00110000000000000000001000000000200000
00200000000000000000010002000000002000
02002000202000000000000002000000100100
00000000002000002000200020000000000011
00100000000000000011000000100000000000
00001002002010000000100000000002100010
00000100000000000000210000000000001000
00000020000000000000000000000000101000
00022000220020000000000100000000201000
00000000000001000022000000000021020000
00001000000000020000000002000000000000
00000200000100000000000000012202000000
02000000000020000000000000000000000101
00000000000000020000001001000002000000
00000000000010000000000000010101000000
00200000000200000000010001000000000000
00200000001200000001000000000000000000
00000100020020100000200200010000000000
00000020000002010020001000000000000000
00000000000002000000000000000100000002
00001102000000010001000001202000000000
01000020000000000000000000000000000000
00000000000020000000000000000000000002
00000000000000010000200200010000000000
00100001010000000200001000200000000000
02000000000010000020100000000000020000
