37 5
0100500000200202300300004005055040010
0001000450001000221031000230000003000
0200200000300010400030000041200512024
0100042002503300201100000010030004001
0000005005240100400004000203040015400
0130000004440010000004000350040000005
0310000010000020500030040054200020100
0001000000105000050053303005330000011
0000002000104040000040143020450030000
3300400232240030000000420020540000100
0050240000143210400101200032500020010
2500400000040450003010501000000003300
0300520000302000400025211034000005050
2030500005003200010005350340000003152
1040001013002000005044420200300000004
1302430004101000505210005030000000305
0050003443001403004000300051053220302
3200001000200002000001500000004000045
0000003330030200020200010004500200040
0300000400002000000530004500200200002
0401012000410430004000204402000200004
0000000300005030010202150000000500040
0025000500020502030000300002000003300
0010340040010140400004000000503055200
5000013000010000010030101000000004103
5050000500400001510050420140150002040
0400153330040400000050320500005051001
0100000040000005350500000500204200200
0101001010105300500050052000001000000
0015150005025000030224040210000200010
0200404400404440303020401200005010305
0002030050020001000030030002000050030
0112200000030040000000011001330035503
0500500001004000334245001000500022200
0040304042400030002005010500200003000
0000501000500002500120050000300140302
0010000040001300005030045550000343120
