35 3
00003000000000023000002200120002000
02000000030000000000210013000000000
10000010002010030000000000002200130
00330000010200000030020000200000000
00203100000201003000102001000000003
00030000002000101001300200030300000
30000200001000020003001020013100200
30000000001003010000000000010000000
30000000200000020301030030000000010
00000200000000330003000100112000000
30010200000300200000000200000003000
00000030101000300202020030000023000
00010300000300303000101130000100000
30002000000000200023100002101001020
02300020000002010022100200100000000
00000000110001000000000001200002200
02000200003000102000101000331003000
00200000200023030000200301000300321
01010000030003000000310000000000020
20023210030220000003003000000103000
00020023200000000000320000002130013
00100100002000003011301101010033000
20000000200000000000200000020000000
00000011001300003000030030100002200
00000200000300000003001000030000000
00000000030032030010000100030020000
00000000222000000021100332000012033
21030100000010000000000002000030000
10000000000000001020310100002001001
10000030000230300000000020000000000
00300000213000002100000030000020000
00301013000000010000130000000000000
00000000000000202001001100000003000
30000202231002010000000001020000000
00200010200000000000300000000030000
