31 2
0000010000020002200000000100002
0020000002000100010000010100000
0100002020000020000000000000100
0020200000000000000000100001010
0000000000020012002002000000000
0000000000100102000100000200000
1010000020000000110000010200000
0000000202012110002020100010020
0200000012000000010000000000001
0112000112000020000010000200010
0000000000100012020010000102011
2000020000200000112000022000000
0002000000000010001000000020000
0010010012002000100000100002001
0022020201002000100000010002100
0011000100020000000020200000000
0200000020000202000000000000000
1000000000010000000000010000000
0200120020102000000001000100001
2010200000200000100000202010010
0010000000000010001010010200202
0001200000011200021201000000000
0200000000010000001000002000000
2200000100200002000000010022000
0010002000001001002010002000000
1000001000020000000100000020000
0000000000002000000000020101220
0000000000000001201020000020220
0000001020000000000000001200000
0010000000000010020000010001000
0000000000000002000000000000000
