35 2
00020200000000000000000000000000000
00002000200000010000000000000000010
01200000000000001010000000000100200
00000020000000202100000010002000000
20000000020000201200001100000000000
00000000000200010000000110020000000
00000000120000000001100100000100000
00000000120000110000000000000000000
00000000200020000011010000000101100
00001000100000100200000101000210002
00000000000012000000020212000002000
00002200100000010000202000000000020
00020020000000010000000000000000000
02000000020000000000000000020000020
12020000000200020101000200002020000
00001000000000000000000010000120000
20000101000000000000000110010200200
00200000000000000000021020200010000
00000200200000200000100000201000000
00000002000000000200002000010000000
00000010100000210010000000000010010
01100100000000201001000020020002000
00000000200211000000000000001002010
00000010000000002002000000000010200
00202100000000000000201000020010000
00000000001010000000022000010000000
00000001200212000000001000010000100
01000000000002000000000000021000000
00000000000000000000002000000200200
00000000000200200000000000010000001
00000000102001000000020000000010000
00000000000000100000000000022000000
10001220020100000010020200000000000
01020010000000000010000000100002000
00000001000000000002000000000000000
