28 3
2011000102030002001301300002
0200230100210020000000020011
2003010000100330300000200201
0200030001030000030130031010
0000303003100000020000022130
0210100302000001000000013230
0000000333300022000000202000
0200031000203100000000010000
0320000010120013020000000000
0022000100232010000210130023
2000013000303030000210020000
0000130112302000031131200000
0230302003100300010002210032
0002020200000021010100033000
0002020300002002002232110310
3002000300002101022200013201
3000200100000300002130010023
0000000013100100100200300202
0000000001001002033000202100
0000303200000100030301103030
0300003020010333201033011030
0300000300100002300003123003
0300000020030300010012022000
2330321100120001303003300210
2000301202110101000210030022
3013200020001310300000020200
0000100000200021010113011002
0002210000000311300300011200
