25 2
0001121000120102221000000
0022002100120020002000000
0002000020010000210111000
0200210200000010100101002
0000002020022020000020000
2020100000011201200000202
0000100000010200020020010
0201001220021220000000000
1200001000010000000000200
2100200200100012002100100
0100020210000010221221000
0000210200000000012001100
0102000020000011020020120
1010002100210000002001000
0200101110000201100002000
2000020210000200012202200
1100001101020000000100000
0020011000100010002000010
0020000000000000002020010
0010210100010221000202010
0000010000012220100001200
0100000000020000100010002
0100200220000122001000000
0101000000002001010120000
1020100001100000201000000
