42 3
031100010000030030000001200120000000003000
000003000000020000003000002003000003010000
000000010000010100000000020030200000000200
000300000000010000000302010000000000020000
111030000000000000000000000000300000000100
000000001000032000000100000000100000000000
000003033000002000000000000120002000000220
000000002103000020001010000000010001300000
200200000000300100001020000000000003200200
002130031303000000300000000000000010000020
010000000000000202000000000030000000000000
001000000002100300303002000100000003000031
000000000000000001020000001000000300000010
100000000000000010200010000000000000300300
000001000000002000002000000000000000000000
002201000000000100030000002000200000003010
230000300002000000000200000000000003000000
310300030200000000310000000000000200000000
000001000020100000000200023000100000203200
000000001300000000200000000000000000000001
000100001010032000000000000000302000000000
003000030000000000000000000000000000120000
002002000003000000000000000300000000002000
200000000000000000001230000000320000000000
020100300000000000000020001000000000200030
310000300000020002100000000100002000000200
000000000030201000000000002000010000003003
030030033200000000010020100000300000100000
002300000000200000030000000000000003000000
200000000000000000000000000000000000000000
000000000010000002000000000000001010001000
100002103310000130002200000000033000030030
020000003100000020000000000000000000200000
000000000000000030000000000020000000100000
000033001310010130320000020000200100000003
003000000000000000200030020003000030000010
310000000000000002202000000001010201000002
000300001000000001001100000000000200000000
000000000000000003000000000210010320200013
000000000002000000030000001000000000000000
000000013002200102000000000000000000033031
000020000120000020100000200000100000000030
