24 4
120113013004040023330201
021230432010240221322023
010302234020100000213143
302143302230034300200130
024124333132143243001040
212210013244100101303001
140313042040424124021341
140020211402044430010440
100220421433400402132301
413344314004004300403143
300112404221210042223200
140011400044341003331401
202320243403440043431443
012110042242300042442001
012210110434403023110410
204201044413034140210424
000043310040041300312042
011120041310022223420100
140323430140101234310142
100103110203022301303240
400143432220333420430011
032310140422130244022122
034320030202430034211203
301203310120400303103233
