24 5
232423511354302135220030
221010430322203504112522
450335243523245503502143
554442151155421312442531
050511303115225532052554
231530151023353310150214
442535101323151434220315
302421323454441534415053
424514111113543040133041
242524243314003414244450
211320133123112211244550
544444125503004330321012
012532310001114125023341
544533112522025142400155
131051150313555143454350
540112424400052344443051
305155541314034313415555
431401013425224254333013
535005222204430512115213
254022455304302232054030
411424452212223050252120
432114413552205533544555
315423145023311245402323
434305143544233332210152
