30 3
300030033000110302310000020300
000100000000001002010000300020
000003021303300000000321121200
300020000000000020000000300000
230110320031000002033002100203
000000023300201003000000000020
220210000320002200300012020031
203000300120000000022010030300
002000000120001210003300000110
003100200203020301300001122000
020000200001111300300010000120
030000012000020000010030003000
000000020012010031000313300000
300001200310100000000021300100
122000002100202003000000000120
330000100030200130001100000220
003002032001030000100000011000
033010300031202013233030000000
002200010301000000000010000000
000000002000010000000020000101
302002100002000000000200000210
230101000001000100000000000020
123001300201000000010001001020
000000303202030103000300201100
001000300030100310002100000031
032312021002232330020000202300
000011300001011010230221000020
030002000000000022000021000022
310000000000000001030003233000
003000000300303010001032003003
