24 4
231011004430010020032241
010323131133024131441203
002110020404213012201243
014134344440110241021324
213222021404300304433320
411242132002103004212124
144110000432444023204201
402140010022243220430313
033013324020111200430040
111032203032010011143030
144112343013443404011110
043042412034044302041410
314130223102010402233324
300330021211342001441224
030404430004234324314031
323000101401002104102230
223302301030340303021030
202020440041034022243033
220230312203000113344340
041010022040430000420202
412320023031411032030100
113430310242400403031030
120240031030114040403240
400340020201120424400132
