26 5
12502054311202451330334225
03401523140003010020501441
30500125305214444534453310
35502402303010313242000114
15301245200010022052553332
33202514130250043004200150
55520421430413140021051414
44405054243530411415111144
44524150455105551415514144
55535031042003103523505100
04101255230540552450322040
42251423220335022044005055
50241331534034115140410301
30203032324310033001454022
03125414100400410052124313
30505312121453402035402303
44033030532440420140035101
40050302400003102005400000
04545251421400021122304215
00144105511542340302354412
03130323305004012533153224
24522013101022143052130103
23500120000130100320002204
23122325234203102530500000
10152433032015355313531552
25354144502205215202540400
