27 2
100010020000011022001210001
001021012012210120010000010
002000100020100220020022100
001200020000022000221000010
100100100002000100100020010
000000010000001000000010000
000010201000000002000010001
000001010000001021000000002
000000200112000020020010200
100000120020201200000100100
202002000000020000000000120
002000002220000000101202000
000020000000202000000001000
000010000010010200002001000
000100010002100000200020020
020000020000002001200000020
020002000200210000020210000
011200000020000000100001002
000012000100000220000201000
000010000100010000000002010
000002000011020210001000100
000011000200010000200110000
101000002011020000200020000
020000000000000112000010000
210002020100000001012000020
002000000020120011001100020
000101000000000100202220000
