32 3
00001210202200010001330000300000
00010201330200000000010001003020
00000300001230000010000101000100
02130003100000000200220000002002
30000100000020330000000000000000
03003030000010001000002002000000
00200020003000001000100303003200
00120003330300300000000033003001
02002300001300230000002020000002
03000000001020220000000002300000
00102301011320100000001000300200
00000313000000020000210000010003
02200103000300000010030000201000
00000230201001000030000001030000
03230100023200003002100010012200
32200130300020031110003000003002
00001000300020003000003000000303
20000000000000100000003003100020
00000003002210000000113000002000
10120020010230000000000000001000
10000030220000000320101000100301
23230000010000003030000202002002
01033202000100300200300000001010
00000133010000003002000000000000
00001002023010200002000000310020
30010200200200000002003000300000
02000003101000200021020000200003
01010030020031300002010000000200
01010010000010000000020012021300
01003110133300200000000102010300
00000000010000120002003100000002
00000011030011200300030030200100
