33 4
311430100100240340000032000304400
101013110032000434000202100004200
000403030404030004020000430000040
000000000314130010000300044000201
400230000000004043002000110000300
000000024014000200200013200020002
101000034003400010001104000002300
032400040004100011124400021104201
200000210000000002020030400400300
002400001300020000012004033000040
001231104410010003103000044000003
003010000030300003201012030400020
022400300203030010441000000203000
001000000410000200100040210003230
002003100140040034210010000000200
000240021100403040001330330000040
400400220000200300030000003000030
000320000000410004003102002401002
000000300100013000010310000000000
000000002042211000020300020400104
000300000402001321110022402000100
140000000130002100200040004024000
121001000000000003030021000002400
303020000042000003000002020033200
141000023401041040104300310303000
000000201030022000000000024000001
040010300020204030000003400140000
300232000200032000012030013200030
000400000330000400340004342000000
000003010120403000240201001100010
040220000040433030440000430200400
010000004202040001200000000002124
300420430004000000312203004010030
