31 3
1030000000001020000000303012100
0001000000200001010002000002033
1102010030331010020000300000000
1301000000300310012200003000032
2020203210000000300200300103100
0233100200000320200300000000303
1000022000100000000010001030000
0001020003010120000000000300300
0210001000000000210121000032000
0210023000202003002010000000000
0301003020301010330000020103200
0100003020013220000330120003000
2022000303001032001000000030100
0000112020102010003001010100002
1020000000010001030000002001100
0000000000120002021103110000000
0310300000000300100000100000003
0000002000020000001000003000000
0300010220203000000100202000010
0312000001012002003010000000000
1200100020311302030030020220000
1002300202020001000030200000300
0300023003000000000001020322303
0030310333100002010300001000002
0100120030300000000320020130030
0003200000000000200000031211000
0002312000000000000000000020000
1010300200000023000000022030000
0000300100003000300020001000133
2300030322000310230020000210000
0000010000000010300000120000003
