29 4
30400020002340100000030020000
40103233000001431021320133204
23403000103002204210330033133
23021000020100412001332100130
00000002001021230000300244112
02403010440101000010040004000
01310002104004010203003301210
00402410033402403400004200413
00320034020200300032014000000
24002000414400222204211421100
03000441100204040002230000331
14033000003000410300400000001
24004140000000010401000000432
24020000310004001121004203010
04010000040003024104203110302
03042400400030400020134023004
30131021341402004232200023004
02014300230003003000200200000
40204314100232110000004020323
00000100110200143040340022001
40003102010310100304040020320
00023410011000003000240002002
30000300410003020011040003203
01012431420003203043040000030
10014044021122000020041044400
00011000032240420012001030001
00021030300012401000104004000
00023004000000100244304240002
10300002103443034000000303003
