43 4
0000000004000040000040420240000133000410002
0000100200000100421000040040000000030000000
0300001100000403000000000000400040000000000
0400000020100000000000000034404000310000400
0400000000000024000000003030000000000200000
2000000300003000000000400000010010040020000
0020400202030100003000030004000000000300100
0030100240400203004000000400000003000000000
0010000100110000030043300000000000302300000
0000000200001000010000100000000000030203100
0000000200020000000034000040100000000100000
0001000000240030000002000000000100000040003
0400300403202000002204000000000000000003400
0000300000000301000004030040001030100020000
0142000020000000000000000000000130002000303
0002002000030000000230000002040004000000003
3203300103100004030004020420000000000000022
0000000000002000300000400001224000000000200
0000010000000103200000000000020003020430000
0400001100010200000000024000404400000000300
1200000031100100000000200200020030000200010
0000000030000300200000004000000000200200040
1000000210000100300000030000020010044000000
0000200004000000010000044040001001001101000
3000000000040000100000000010004000020000000
0040000000000000200100000300400000304000020
0000000040000000200000010003000000000040302
0000003000000000400300033000011000030000004
0000000020000400100440000330000200010120300
0003000000130000000000030000000000010300000
0000401000000420010000000020000001000200000
0400020000000002402200300040000200200003300
4300002003010022012000330000001020000120000
0004010000000000000001300002000000030002003
0000001001100020002000000000100000004010000
4101000010300001200400000000000000003244100
0010200003000410000040040012000000300004000
0000000000000000004002011000000100000000000
3001000000000020404000130000220000000000000
0000000300100000041400000000000003000030000
0020004000002040301000130000000024000000000
3020000030303000003000000000200000000001000
0000000000000400100002040040010000014000000
