33 5
020000015040004004000430000050500
000305010455030153402000020000015
010505104000300140544500004000500
324003005003412034030500430500003
020033301003051015000304425401122
000000232005004100021505030000015
304524013210110000053012020040110
100000000004100000330012504120105
401300000050000000000214010000400
250220200000505001004030050205320
000140005011205200000405300041003
233144030025304553010300301400050
301230450105005212245304005402021
002210300050423003000030025401040
200022035403010000000040000430000
010501240055353405231030050101000
010102000002003000400540305240003
240442200425413100545003001000305
124102550035430230505055402101310
434010240250000202300110000203103
240005500000004005100300002024001
305000005000003502050340000000000
105002002221000450504010030000301
303050000200302105000025400000210
300040000110105320300144040223000
010220001240030000005420120040004
000304030000403000043050011033000
000002055030040000340503401000001
414320500225020050200002005000030
000004005200000021020205100030004
015520402004010002014023313330400
005400025104445530102403000040231
100400001023000052000111004104030
