46 5
3500000000020300000020220423103400005000000040
4000300000033020001400000023500005050000024040
0200000001103204003301000000000000000100103010
0000305503003203020000000000000000000000000400
3000000200040500040500000000000000500001000010
1004000004000000200040004000004000000400000004
0000003043050300400400010040000203000000000000
0000000000000040040000001000003050000020000000
3000011003000500000000000050500003000000000200
0100000040000040443200054000050100500040000010
0252004000004000502000000000000000000300000000
0001000040300005325040402000102000000030030001
0020220000000000000010030000015000000000200025
0022000000000000003000000000200050021140000000
2000000000000000000400100000000400100005000001
0003003100002000200100000010030014400030050050
0200500000000000002400500510410000000300005000
0000010500030450004001000000000000000050020300
0050051005150000510000000100300000000000000000
2000000000010002004000200300500003000000140000
0500040000104530000400000002030520000000200000
2200000100000000000000000000000250000000000053
4004031010000430000000004000000000012500200000
0001000020000000000400000040000000202005020000
3000050000000000001003000101000010000003500000
0000000000143000000003000055000005040000000001
0500000000401004300000300000004000004020000000
0000000200000554300043010102000000001030000002
0000000000001050000003000000020400000000100100
0104200050001000005001004030300300100012000012
0400001104020000000504004000000520000300000005
0042000005000000500200400050000000000004000001
3012000234450505000300001500005000010000200020
1010003000005010200000350005300200550000000000
4005022000200003301000040405000005010000000023
0000000030055031000002000000000000005000040000
0003000000002030000000000500020000050000000500
3000202402404000100010000000002500000200000000
0300000030002500000010002000000000001340001100
0000100400000000300000010001020000000100400500
1000320003030000000000300000000100004205030004
0500050200040000400400300005000000010000042052
0040030320000000250500000031004300010040020000
0500540500000300002140010000000300000000000000
0500010001000000410000000300501004000003403300
0000040030502000000020003000200000020003000000
