31 3
0023230001010203300000300300021
2000200000030101103023001030000
0000022020200032303002000120010
0010300000201030010000010030000
0020003000000012200000101100002
2031110030000010002110003002010
1000000001002000000120000003000
0000000330002200103000030010020
2010201030300000000313201002000
0100320000130130031210000000323
0100000000200030003000103002001
0010130001300112000003300300000
3000200000000030122000031000000
0002203310210000000022000000201
0000000020011003300000220000030
0300002331200022000300000010010
0000000031031000023001200000002
0000000000230003000000000000000
0000020023200000203000000330020
0000000100000100001000200000000
0003020000031010003130000130000
0322020000000030000303300100000
0010100013000100103001003200000
0012003001000103200022000020200
2000000100012001001011000011002
2000002000030310000010002020200
2003233300201000200100000001030
0200300000002020000020000000000
1003030002020100030202033300200
3000030010100000030130210000000
2000110102001020002331000000003
