34 4
0000430000020122034014000444021001
0130420001000023011030002000404000
3203032044010300001204013004001004
3203242030000040002200402000200001
0020343043034431240000000300300000
0000004040000200100040101000004000
1212204200000100340300003320040300
0101000031241000003000000030300210
1320000003400000412000022002000300
0000040000020303002041000000020000
0000000000420201000000030300003100
0010000200400442040032034210040000
0000240000000020040430000022320040
0010042010201000000100000113031010
0004013000102040020033020001000020
0000333004410004004001304003030041
1100030000410000001000000000340010
0040000023003102100203100014040020
4000003010040010002110000400432002
0000202200000400010000000000021000
0000200302040000104000000000010400
0020010000310000012302000000002030
4300002000000000401103040000000300
0010300002102400234420030100103200
0000000030010041041003000400100000
0003000000000040000004110001000004
0233320140002040430100230030100000
0004001203000000000100031203300040
0000000204000400000002004000004000
4020002004034001004020000340010310
0200000001020200013300023000400203
3002001020004102400000000004014120
0000004032130130013000004000000000
1300000002330000000010320200300012
