45 4
300100400030000420000200000000003000000020000
000200400000304301000000004000000000000000230
300000000000000000000200004000043003201000000
000100033000400002000102030000000200000000000
030000404200000014010000030040000200200000002
000000030042002000004001000010001000000000040
000100000000200000000000200104000003000000000
000003000000000010000000000000000000200300013
040000040000000000000100004000001044001000100
000000000000430001030010400000140000000301001
004000400000000000000002000003000200002232300
010000000100104300030000000130000030142000000
000300000000040010040000100000000000200000200
000302000001000000400000200010004000002000100
010000000040400000004100000000043043000000300
020020000300030003040200000000030000000000001
320000100100040000020030000030000100040000000
000013040000000000000000000300100220000000100
000000000004000000001400004004001430004000001
000000000001204000004400000000000401000000100
000000003000000000000000030021000000000000010
000000000000003000300000100000000020300000000
000000400001000020032010000200000000002040100
300010000000000030000002000000000000000120003
200000000010000400003004040000000000000304020
400203000000000104020000000200200020010000000
014004000000300000040020000000000120000030000
000300104000010000000030002000300000400002200
000000000000000003000203000020240000000000000
000001000000000000300004000002000003000000000
030010003344033040320000400020000040001000000
000043000032010002000000000000200003000000001
020340000030300043010100000000000000000000001
001002000100200100000000400000004000020000120
020000100000400240031200000101010000000004000
000200200000000000000000000030000000004400300
002100012000130031000000000000000000001000440
000000020200000004000401100004000100001302000
030000002030000040000000000000240000002000003
100000000003004002000000030000004000000000020
000001000000000010000030000400000000000130300
000000000000000000000300030000200000000000000
400000000004200000001122000001202000004103020
000001400000040000000304003000003000000000232
000130000000000000404202000021000002000040000
