34 3
2200030030000000030013020002000001
0000000000300000200000310000210001
0110000000001000100200000030200000
2000000000030010000000000000201030
0000000020001000002001012020000000
0000002000302300100002013000010002
1200020000000000010000000000002000
2010000000000000300100100000010200
0200000000000000000010000000010001
1020300001100000100012000000002000
0000000300100000302001300003000002
0300000330100200003000000022200000
2000000000001003303310003003300010
0020201000022010000102010000000320
0000000000010001001203300201013000
0200032003003200002200010002000100
0023100003003000000001000020000200
0133002201100010022000320120220300
1000033000001030000000003020000103
0230002000001010020030310000003000
2000000001000000030031200000000000
3000000030000000000300300020021300
0000003332000000000001000000030300
0000001000030001320000000000000000
0100010000000000203200000100030003
0200301020002011203000000000020000
1020000000030100000200000031000201
0001000020102230021103001200100000
0000000000300030030232000010010030
1003000000000000000010000000003000
0000010020330012000002103000000033
1000001310001203000200100000100002
0100030033100302000020303000000010
2003000020100032220020003003003000
