46 5
0000300000200000011100000000053202000400000010
4003511000000400000400000204003300050030020400
0102502050330003000010432000100000030040000301
0001504001000002010030500000000202000050000000
0000000000000403000000000400100005000340500050
1030040000020000001000000310001045510001000222
0000000000000000300000000000000000200030010050
4000025400000010200001400400040450020020000000
0202043000000000100000010000000100000000000000
0003000420504000001010000000320500000000100540
0200500001040000100005500020000000004040000030
0015000000050003003405000001000000000040020000
0000000110430530000005000000050004210000001000
0000520000300000000020030200500000400030005000
0400200500000040000200005404000014000003000000
2000210000000000430000000040000200040100001005
0000000001003400000000000023303000020000000120
0000400000100020000100000000000000000100000000
0030005000000040040000020302050005010000000002
0000100040300220001030000050000010030004200000
0000005000100000000540033000230020500000400000
0000003004400000000003040000200100050300000500
0021400000000000001004000000000003050020004003
0000000003000000000000250013000000500030010000
0000003000510000430000005005100000033303040500
0000000003052000000000000100200100000001000004
0000500000004000000004550020400052300000000040
0040202004020000000001004203000000000105010001
0000040205000000000040000002300020000005050000
0000000400005000510000000000020004012050100520
0300000050000000000000000000005010100030000000
5000005003002103000000000004001000000300000000
0005301100200000020100405044305300000030000450
0500000000000000202000020000100140002000000200
0000050003052200300000000000400004020000010303
0000000000000000005054200000000000000000000000
1503100400000303000001500520500001050002000000
0040140500000000000053500000000000020000000000
0133000040300040000005000003000340320001000300
0500305000202000021003000000000001500040000000
3000000300000000003420000042552210000000030000
0110205000400000012504000005300000000040351050
0000000000000000000040000000020000200000000540
0000040030000004004041000000514100000000000000
0400000003050000204000000002000102020000010000
0000012052330100000003000015040000203040000000
