25 4
0421304442313410202100103
2304300100030310021442012
1410440010030420101100321
3122401404021112203410100
0200300203401003041401202
0440343033334221030330200
0003000144304324000013130
3401000134000322004301030
0440004030003422001334303
4140343204333130003113002
4014012012300214021223014
0024441442134301222421221
3030210332402003302102320
2430231001202400031244023
1300013040044001010312101
4300001310000303030213204
4242310010020303030303202
0114004432221042100003044
1000230012424441014410241
4042230441100010003014403
0013200422034423140320303
1024020200013314410440220
1000024040021100101042210
1103330230100442024100204
3210200401223224124023132
