37 4
0004000000240000043000000300000024403
0200200000004004432002000000030010303
0000000004000000000004030140000000030
0000000000010000010041000040300401004
3003330010000000000300002000103000024
0201000040000200001004000033000110004
0000201000000000001000000000004310030
0014303300310000000003000011040103201
0030000030103340000032102223200010003
3030000300000020400030000004020000003
2000310010000303130040004000000000000
2044000020400314300004004003140300000
0430001000100100001003003004203040000
2020100000020001000000002000020201133
0000102104020000034200002100020000000
0030002004002030000101421004100002000
4032014020020000000000400002000001002
4000000020002100240001000021020000021
1000300010440130000010000000100040000
0000011010000002200002300140200000430
2001000330000000000011100140002000030
0400001000000000101400304020004020100
1220000020034002000010040300000200300
3040003000102340000003001034000000100
1000200042400004000003000400030400100
0020001200400000000000000432000000000
0030000041000020100003402400401000100
0200030000010000000000000000002200010
0030000000220030000000000000010100000
0002002000040000000000013420002000000
0030104000203013000032003220400000044
0043003000120000004120000300000002100
2000000030000240040001004000040404000
0100203100040000340000200030210000004
0310420300000443000104000000120040200
0303000004000000000020000000000002202
0400000120031044000000030000000040012
