33 4
100000000200021020004010340402000
000300002042003300000402000040300
402000000430001001000000020021120
002001043004002132020143013200300
000400200200000220041200000123000
000000014400300010040101002100013
024003400300040131304010140011000
000203040300004232201400002002040
003000141040330040213000300400000
200040020404003301002103030040200
104004000000200403000040002014000
430011003310124230100000243300330
043010000004000020100000000001000
200400100000001010033000204000020
000300000041000231000000001000000
034020402400242400200440000300001
040010304030040040000022420200042
000031001000301420100011100040000
400000330000000302103202202000022
030100000100000000400043004000021
000310100100203412201024000003402
000040100400300430030330032004000
300102002000000301103000030001000
200100431004000000000400032000302
100040000003000000001001030000000
042000022012240300000000140302004
330341240000002420000120031100000
100024001300043000402221100002003
400000000400004040010001301001000
004244302031200040030102010400000
020000030000000030010333040000040
000002000304000003100200000001000
012000024010110010303330000004323
