37 4
0032044000000000000000400000302000003
0003003440000004000000020400004000010
0000040014004000132004100000000004010
0030000000441041003000000040000400000
0130040200001000010030400004000303040
0212000000000023021103000000002000000
4300010032010000400000332000200000300
0000041221002400010030004003000300004
0001000004020220010000004000300040003
0000000030304000000020001000200401020
3100100240003003310002100000000023004
0000102000000040000043010003301201001
1000033400000401200000022040002000340
0401000003000040001040010001300010000
0010000200000030000044002000300200041
0000430200030000000010034001000031000
0030001410020030400000000021000020003
0030001000102001300101002210100010000
0023000101340000000240000000000400400
0201320001402000023000003000000020230
0004303000004002100030001000004100021
4000214300200000330040101004024004011
0040020003100210000222220000030424000
0000000001043003201030000002002000001
0001000001000300000030000200010001004
0040000300000000000044200100000400000
4000000020000003003024300000340000000
0000000024000000043000000000202400010
0020040100300040000300000023220223031
0040200040000440300020003000021003132
0400000010000010221001001030000040002
0002340000003300000403030200000000000
0000140001300004010000000000040000020
0000002420020013000010030000000002030
0000000022000100024030020000200000204
4400140010000030030000000200020010000
0000000011000103000000300000100403000
