23 2
00110001210021200000000
00100002111110200000102
00112020011020000010011
00001001210010220000000
00012000101120000020210
00000012211020000000100
00000022002002120102002
00000010000100000000002
00000210201222010120012
22201021010200012220000
12202012100212200022202
00012000000012000000000
20021210000210000012120
20010100001002002000000
20000021020110001010210
00100001112001000010000
00000000202202002000010
20000002122022000000000
00200000200001010012100
00002000012001001010002
11022112121200000000101
12020001212010010100121
00001021000002002002100
