32 4
02020301040000010000430022000314
00100000200001000412002030300000
00001240000100003004041101401000
44104324214000200001002200403000
01001040010300004300241200014032
01002000100001002003330020343000
24000021004003000024000010200004
32000000020004030300200020410100
01103011320001000020200000300200
33200141401003000234100003010200
34002010040213140030030442000023
03000021004002010000300101030301
20034012232410020420001100043000
44001100400423000000000131400004
02030000330042000001003041200104
00044400000030200100010400000100
00310030000004031101030000240300
31100000040000202300100000000300
40000100020003002110004100000040
01000033020100024013020000020212
01000002002340000013020002000201
32200020000000000000040300000020
14400000000000400110030302143103
40000300003030022200020023030004
40033030002000000002000000420033
30003002340010042004000000000001
00400200400001200000100330400320
42031344413030240004430300200000
30020434340040000321444112000000
00403004201000000200400401300004
00001000004024020201314420100404
20130000300201000003000000431002
