23 2
02011000202010000200120
00100021212000002200011
00212000012002001001210
21121010000201021110022
00012020200020001000000
01020200002012002000222
21000001102220010000200
00000000100110020100000
02002010022000200011010
00020201000010110000020
00022001000000000000112
10002211000101020000200
00000001001221212002001
20021100000000002220001
01100221022010121010000
10000000020202100100102
00010200100010200010210
00020002012010000220001
20010020100200000201100
01012020000002001012000
00200002010120200101000
12022000021000002001111
00200100101000001021000
