45 4
000000000000004000000000000310000201000000000
000010000000404011000000000000030002000003000
003000100020011000000300000000000002020300000
023000004001300000000000000000010100000000002
000000000000000000000000430010201404000001403
000003010040020000400000000000230010001000000
003400020300000000000000000030100010403000001
000030010000000000000121000000020000000040000
003404003000000020004000000000000020000400000
000000020010020040000100400000001030000000004
000001010040000000013041000000020000002040000
420000400100004000240000000002000000000310010
001030000000003040000100000100000104000000000
000000000000000010000000000003004000020040014
000040000300000300302000030200000001040000000
110022004002000000000040000020000000000030020
000000000040004020020200004030042020004300400
000400033400000004340000020000000040100000000
000000000000000000124000130000000004120030000
000000440000000000022100010000000330320000000
000000000200000040001004030000000300000000200
000000000300000000000000400300342300003000000
400000000300000000000402023203000000000000000
100000100000000000000100000000000300000300000
300030000002000200002000000430200200000040010
002000000000000020000021100000400300000000100
000301010000000043404000100000010000020020002
000000040000000010002300010100000010003003002
030000000011000000322000000000000000003440000
020100040300000020020030200030000001000000400
020240000000000000000000030000000410000000310
000000000100000310202003000000000040000000000
002000000002400040410434000000000401300000030
000000000000001000000010001000000000000000000
000001000000040200000002220400002400000000004
000102400000020000000000430010041000000001032
004000000001000000000000020001000000400030030
000100001223010003200000000000300000000000000
000200000000000000030130003000000030002000030
322200033000000000000000013011030100044000342
000000304400010000020000000000030000000000000
004000004000000010000002000000002000204001000
000003020004004000000000001000000042000000200
040400000000100000000000000000000000000300003
000030010030000003000001002200000000201000040
