27 3
000010110100012013300001002
030000000002300000001010000
023200300030000032120200000
202300022020013303020030031
102113110000100000030030003
300002213100120020023230333
330000003203313000000100230
100000020000033000020010000
103000030100131000132200021
203001200023030000020100000
020013003001001030030003220
013010000000002120220000010
203000101000000031031000100
101110010003000320122200330
000302002000000033102002000
100010301000030301100020021
201200130101001201200200121
002031101320000021000100310
000000200230023000002000110
201203000120011022302001330
010010030003032003123020000
303000100130200002212002202
000001331031100001002003000
101030320101002021002200000
222200302000003300233002000
002323000002032003020330130
123000003210001200033000010
