24 4
423202244022201400310431
010404240243433301431403
102104002442002010201400
003442112003004201144102
210401300101240102310103
300114042031333243231413
213422213043424001300300
200241001222443313020041
241130000330042404302004
401011400033003111102003
240001400433432133000330
113122204032433030311422
323012132211412243444211
112232144002400411143242
403040314334200023011230
121324303103104414010004
140043200212220300430331
000021311130011320002440
030300001000023312043300
342010214020014320210112
224210401002304312243224
243332301204013240012004
333444013220130013440204
444102042003304040020143
