28 2
0020020000121000000000000200
0000000000102000002000000000
2220100000000200020010210101
0100000000000000000020211000
2020000100010001011012010001
0000002000020110000000101220
0001102100000100201020020021
0000000000000000000012020002
0020100022001002000100002001
0000000000001010012021000010
0000000120020002000201000002
0012000000000000000100200000
1200222000002000002100001001
1002002202000022000010000000
2000000000120000000202100001
0020000101220100002202022000
0200002001100000000001000002
0001000200001000020100001100
0000110000002000000000000002
0010000000000100001000001010
0020000000000000020100000011
0020120000020200102110100000
0001000000100000120000000000
0000000001120120002000021002
1100102000100010000002020000
2000020001000000000010002000
2000011010000020001100100000
0010000022002000000000022010
