36 4
000043400300000200030132030400120003
400000000000000000000220300001030000
300000001003001004004003010140003421
032400300000201000000004021300002001
000202003000000000010002000323003100
000003001002000000000000200020100040
000000410000202021003000402040030000
011032000020000000200400002042130044
001003240001102300031300401100110004
124020104001000000000020240001000200
201040003200202000000000000000000103
401000000000003001001000000000000340
021000000000001300002000030002204001
003002000000000010042040040302003010
000000000000300031003040001303110000
430000400402000040300000100001000210
000014200030000000400040000301034040
040010200000040000000210400203030002
334000230200002000000000000400000040
020300000010002000001000000002400020
000000231403020300033000000240442003
000000000000010300000000200000200030
300201200000000400200000222400000000
000400210003022000000010040010043103
021000030200012000041002000000002000
344403000202111030401000000000300000
001044031010003400200104302423200221
021000000000000000000130010040004000
404001000034000401102020300001103000
000400003300001000001011203330400000
000000013440300003034400300110024001
000040320000000000004040023000000404
000003000004422000400300000000240000
140000004300100000000000001000000000
300200404103103000200001003310403000
000000000100040440000410040132042000
