29 3
00200021110220312101010201010
12003002000030000001000303200
00000000130032202000020001110
20000010000000000000300033300
00010000100023002001000130002
30001203002130001000000000230
01201210300003012200101000000
30111310300000022222002100200
00100331020320200000033030030
02000000020001030000000200311
00200030331011300000003202020
30010000000020330100000003011
00300330103002000022210003030
20311020300100030000000003120
30200100332001000000000020000
03000000100001003000000200010
00010112020202000000010120200
10220010000002200000000103000
00130030030003200300020001031
00000000000000022030000000320
00220303013300300100202330202
03112000220300001100000310212
02100020331003200210033001000
01001100002200030012000000000
00020000033000023000020010000
10300300303000012003000023000
01133303201000000012010001020
00302000010000000303030000200
00000013001020200300113102012
