32 2
10100020100100200200000000000001
00201001001000000000000100000000
00000000000000001001000020000201
00000220020200020000000010100000
00000200000002000001000000022200
00000000000000002010202000200101
00000000200010100000002000000002
00100002100000020000000000000100
00000002000000000100002010000200
01000000002010000000000000000000
00000000110000100000010000000001
00200000000000010000020200000000
00000001020020000001020100000000
00000100020222020002020000000010
00001020000100101100200000000000
10210000000000200000100020000000
02000000001000000020000000000000
00200100010000020000002000000010
00200002210101020000102000000000
00000010000010000000000001220000
00121000000000000202001000000010
00020000002200000010110100000201
00010000000102020000000001000000
10200020000000002012010000000000
11001000001000002000000000000000
02010001000001010000000010000010
00000000020000000000000010122000
00000000200120000000010010000002
00020201022000210020000000000000
00020012000200000110100000020000
02200011000202100000000100020020
00000000200000000000020110200210
