22 3
1003303001000301222110
1000103310333200012120
2023010012010220210323
0330000301033221023102
1001301233300302100031
3022230003103023300210
3303022001032003122122
2121103001301012233111
0030333202031021100000
2221200011030221113101
2000020023022001230211
1023020122103000103200
3201000132331023133320
1133001101233023320200
0220021020013122012230
0000333001000302210011
0100233310232100130311
3232132103222000030313
1000310002201100212203
3103021300302300111202
2002320131120030213110
1120010023330301000302
