48 5
000400000500000320000000030000000000002000000000
400021300000010000000020000351040400050001301000
330400000004030400000002404000000304400000020000
000020501405005000000000202050000330050005000300
000051000000000010005350003050000401000020020001
000000100000500540000000000002100000000030500050
000030000003000003000004030100000003000000000500
000000030000010400000020204001005015000050000030
000000000000000401501000000000002000200025010000
000030010150000300000040001500000000204000003000
300000000100240000500000000000000000010000000100
001000000000030000000040000310005000000350100000
400050000000000014000020010010000030000000000035
252000000005001000000504000100000002200000050000
030000000030003000000003000000051000010000500300
000000000042402000200000000000000000040000000000
303000000050500000000003000030000000000200040000
000201000510000030205530000000200001405000000000
102100000230025005000000005500400000000053400000
004000002000000000403043000001000030030250004500
000000300000001200420000000030013030020000040030
043000000100300040000050300002000000012400004000
003000000440004003000000000020322220034000000004
100040000000010500000000040000000010000000000010
000000330000000050050000003400200005000020000000
022030000000150000300000200100000500250045000000
000000500030021000000005000450000001110010000400
000010000020000031003400400000000010032050030000
300020003010030103000000000000000000000000041205
000000000000000000000000010000045300000050000340
400000000000201000000000020050200010002200005000
050000000200125005000000005000000000022000020050
105400000040100200000000000200003003000302001000
000000010000000000000000040040000000300045004000
040002000000000010000500000000500000030000000002
100000000000003000003010000050200004001000032000
002010104200500323000000000000000002000003000410
000010000000000020005000010001000010050000005100
005544000025000030004005000040400000050000003200
202200104020000000000004030010000000000000000041
051000000004110001000003000420040000002100040200
000000300040000500300004000000000000400104000400
200000000000002000040000000000440000500100000000
000004000000053000000440000510211003000000000010
000000404003120000000000000000020000000000000500
000214300020000025400000000400000000000000005205
000000000000500005000050300400020002000000000150
100000000000000000200000003000403000004005000000
