37 4
0000022000310002404004000000000000000
0000000004103030001000200000000000300
4000034000040300040000100021030010102
2000100300010002400003030334001400000
0404030000010001000000001030301000100
0000000000012000030030100001201004440
0300002020104200000010000400430003102
1000100000002110000004004000023000003
0000100000030200003020000010402010210
0000400000213004000300000020010020000
1004101330404004240000030000000000300
0000200034000110003040212030440004300
0400000000013000000000300020200043000
0000004000100140000000230000000040041
0012000400000040000000300103000001030
1000200004000020000200200000000000011
0000400000000400020000030202000020000
0000000100100000020200000104001003030
0000030201300030324003000402000100033
0000400014000230020000000302000001201
0201002000300000040002000004010034000
0000002040000320400000003004400110000
0310000000202000100000000442414301000
0330100010020400004434043002000102044
0034130000000240040440010300000000000
2110100033000030000000003000201400100
0302002040002000441000020000002304010
0000000002000400042001020000302010420
0030020300020000000300020300000042400
0020203040001000000000120330100000030
3020202042000000020013004302000020000
4011003000030000230004000000004002114
0130000000000312004001300000403200301
0012020000001002304100034000200004203
0002000000000000020000000000001030000
0402000000000000100030000033001400000
0012000000400240000001000000040013000
