44 4
00302000000201201000001110000000040002030040
20020000003000400000000000000400040000000000
00004000000100000000000000202004020300000000
00000010000000100004400000000100040020000400
00300000000000000000001002000004040000000000
00001000000000030030200000000043000000000000
02004030100000402000000000000024020000400004
00000000003010304002030003000002012000000021
00033000103000300020000010000100000000001000
00000003104000003004000004000400013020004000
00031000040044001000000030000004000000000000
10000301100004020002100400000000020000000000
10000001040000001200000300000000000004300000
00004000200000040011000001000000000000040400
00020000003000101000000200240001110013000000
00040020000004002304200020000003000300032001
00010000000000000100000001000000000000342100
00000030100303000440000120000001200000000000
20000040200300000300000000000000042021043001
04040403001000200010000102000000000000000001
00030000002302003000000010400133240303000000
00000004004200000000040030040330000004003044
30014300000000000000000440000000023300001000
00130020040000000000000000042210003000000002
20020000000100000000000330000030003000000000
00400000000000000000030400040040000000000000
12002000000000000000000000020200021000203020
00000010000000400040001400400200000000000300
00000000210000003001000010000000400000003000
00000401200200300004010000000000000000000020
00000000010300100000300010043000000000003000
02000000040000410010000000020024000210022000
00300000000020000000040020000000000200000100
03004010002220200040000000003001000000030000
20010000003300030000000000000000100000000000
30000000000000300000100000000000000030110000
12000100301430000300100004010000000010000000
00000020000030300000404000000100000000000030
20000000000000003000020004000000004030002000
40204000000000000000040000230200040200000000
00000000000000030000000000010000000114040000
00002001020300401120000001023000302000400000
00000002300000303021003002004300010000003000
00004000000010302000000000000440000000000200
