41 5
05045140021000000004501000000000520100000
50010300000400030400550253000011000500000
10000340000010203000411200440545100400000
00100005030215500000004005540300010110000
01000040000001001020020004400000503500000
00000010030000500003000040323020000100514
01020002020003000000020000030003000302000
00004010500000005002000000003010500050010
30000000000004225003012000053050020020020
00030030000000200001200030030310050000000
05020402000000040051003510450000040320000
00010201300400000005000020000001005003003
10030024000500000300000000300003041000000
00000000340010031000003202000000043210000
00502010030100000200020003000400000001400
04003400010000000000110005000200001000002
22000000000400040000000114400000000030000
00530050440000004050010100005050405000002
40000104000051000230030520054020000020300
00300300010004000001200000000005100000000
00000500000004335200430200003040300500300
00044205500001010000004000040004000240502
22440300000000000050000003000000000000102
00000200000110000003000500000310042400040
20102500052010300505000000000200240200005
01000500000250002014000050320000010030000
20000004004000200000000000400300040003505
00030300000000000000500300005205005510045
05030000501050002020304200032200000110033
00030514040005000000200220023300400303005
10005000040010005000022011000015002000500
50500040104000000000400000000012200500000
00001000000000004300300000000000003000000
20000100030030034004000200000404000305004
00000000130000000505011200002040040001100
00001040000003000401000033003500001300444
00020200500040000000300000300400504200130
22100440202005040000453000000000200050500
00400000500000012003105400303000003000010
00000002412500100004000231020004020000011
00000400005001000003050003000500000000000
