43 5
0100400000504010002055014000000020000034004
0000010020500000200041000450000300013000000
0040030400000000030004000420450003040000200
0000000030000040042400002500000000020540040
0000050500002100001000001500002400000400010
0000002000005202305000000005004012001010000
0020000300104020000201200000000300040050045
0010010310000202000000030003200000300000001
0301000000000024200450300030030000000103200
0003040400300000200001100152000020000050000
0000000002040100000200525000030000000130000
0000000003000002004402450003005002000030000
0205002003200000300000005020000000000000000
0000002404003003004000000430030030000000030
0002000040051020000000020500053020000500500
1000050050005350000000000200000000040500004
0400000000005000000030000000000110000500001
0001050000405100500015050000020003010300005
4032050000011000530014050000000200000330020
0000022510030104000000042110000000100010010
0000000001300500000004000000401000000010000
0000003400041000003004000250000301330004200
0100000030030405000020054300052010104000231
0005030550541004030000050502005010520050130
0000000005000002300000050010300000000000000
0000045002000000000001000002000302100030000
2400030004001005000000035000104000000000020
4403032500000500120000300000000000005200021
0004400504000004000400040400000001233500050
0030050053003005204003300000040250000012000
0030022300000001000000052000005500401000000
0200000000000000000010000020030200041400520
1030100000003000003000000000010000050005000
0000210200201001010000000000000000400002340
0000000010303000450100404000000400300201020
0001020000030500005200010001000003004000030
0005502000000000043000000010000010053004041
0100330000000204550000000050000030020300050
0100110000300000001200000000000400000000000
0110405044200040040010020000030000003020302
0000010040040450000014000024200200200000000
5004001000020050001000000000000000050030000
0403050040000000500000300100004100000050003
