28 2
0020000100002200111000020002
0000020000020000001010000000
0201200010102002010000200000
0000200200202000001000000101
0011100002200100000100000020
0000200010011000000101100000
0000202000002000120000200001
0000000000000000000021001100
0001002000002010022000200000
0100000100120000200100002000
0220001000000000000221120002
0000000000000001002010000020
0001000000001000202012020000
0000000000002100100000000000
0200110010000000002000000200
0010000200001001201022020200
0000100000020000020100110000
0000021100002000000000100200
0000020020000020002111001000
1000200100010021021020000000
0000000020000000020020010000
0010100000000001101100020100
0200000201000020100010201020
0002000010220200000220002220
1000010010200020101100210000
1022000110000000012120000000
2000000000100000200000021000
1201000021000000000020101000
