45 5
000000000000000000010010000005100050450240000
103300101000000000000503000040404200000000050
000000000043303424030000000500000000000004000
055050000000030000000040003000032000000000002
000550000500000005300000400000501000050000004
000300000000020000300100000000000020010000402
000005505020445000000000100003001000500500500
000003100100100052000553500030000010000010000
000000000000000000040001400200004002000000003
002020000000030000000000000000030200010001030
500200031003240000223012445100400000000005400
350000010301033000000300151050000050050100300
500000000000055300400002201000000005000001000
000300003000000000000210000200500000020000000
002020004502300000005320000040000000030000100
000005055055004000200003000000000000000300005
000000000000000240000000100000300110222200000
005000405000400100000000200030010000000530000
410003000540010020000000000500002100204000253
400500001000000050100100010000350020020004000
000042200000050030150000500200405050410000203
332001001000100044000200400000000400000410000
000040003203000005000000200000004102004200210
000000005000000430200014000000200000000150000
000010001500000040001000004200010000000003000
324000000005000005003000510304000002002001000
032001050030000000000000000214401000000050000
100000040010002000400000400003002542000000003
000000000000000510520000000350500530003001010
430000000042040403300000340000501030000400000
100540000300300001004004040000530000000003050
000005003010402003010000000500040004100000400
000500202430000010000000100040001000000010000
000001050301000000000023300000010030000000004
000000000000000000001000022500044045000100003
500040000300202000000300100010520000000005200
100050340431000040000040000000500000000000400
000003000004000000000010200005000000032400000
000000000200000000002000000250000000040000200
040003050301050000030230400000030000401202003
120105000020000000500000021000050200000000000
000000030000000002000000020400203000010443000
000000005010000010000000000001000001200034002
003000002040300200000400002220000300000400000
040000000040000000031003000500000000102041000
