23 2
00000000121222211220210
01000000102122000002010
10100020201002200000010
10100011102200001000211
20220020001000100000200
20220112200020020020001
12102001000101211200000
10000210020200000011000
02002000001000020000012
20211001002000200201000
00210200020120200101101
21001000010000010000000
00001002201012000002000
00220000200012000000000
20000002121110010211200
20102100102000200100200
00120121010000001010000
02022101200102000220021
20021010020001001012000
01021000000120000201010
01021011000010000022010
21001220001200000000000
20010020000000011020020
