31 3
3200000003000000300030001030102
0000000010202000000003000000010
0000000003300000100200031002110
0020000020110113120120020000000
1002000201000000130200003200030
0000201310000000210033200200300
0302101020130300000010002100000
0300020000010000000023012020302
0000000020000000020000021100032
1003000012000001001033010011000
0030200100000201221301001100010
0200103000103300030002002003100
0030000002000300000103001330002
0000210000003000000210000100000
0230301333202001021201000020000
3000013000030001103300200300202
0000000210210100330003002031001
0000000000000000000000320000212
0031000030110030000000000001200
0010032000000000000010303212303
0100302000000020002100030000000
0010000001000030330302202031000
3030200201000100220031000030000
2000002000230000020000202321102
0113200030100202030003000300000
0000303021000000003000020003031
0020000000000000110000000000023
2000001030003100000130100200000
0010103100000020003100000032000
0000320000030000003213302020100
0001020002000100200200200030000
