24 5
452045242533044513504022
444233451121342201055532
321531025123543434252520
514134413123002100132410
040545050535104411202030
331253454232100212023032
005230501451333111501045
232153412143011124423045
021242214012430153315525
543535451041042445233353
345521545233121511100532
045343521242111054212422
540540251531151532242313
525313542404332311341231
354450520412122515311413
551123534341125101335423
522102115214520001423030
453034003105002353514241
332031233025305235411454
133540151453524031421104
253031444144245315205222
433351313552442455014522
335014144504555514040432
312524444005332423240422
