25 2
0002000001000200110010001
0102000000200002010002020
0221020001000010002022120
0220001002010200210001000
1000001221200010102100100
0000001101000100221202010
2010100000020201221210000
1001000100210122020110010
0020002001000002200010000
2001000220020000200001000
2011000201000100000100111
0100000000200000010202000
0000100011000000002200010
0012002000000110011000200
0011100020000000220002000
0100100100000200121202001
0200000002010001120000001
1002000022020022020102012
0002001002120210012220001
0020100000000000000000001
0000002000002010001000000
0000201000000000000000000
0202002000200000120001010
0000000200001000002200110
2000020000002001120100210
