34 3
0020010000002000000003010010010000
0010200000220000000000030003300100
0010001020011000300000000020000300
0010000301200010010000103031000000
0000030000000020000000000200010002
1200002021202330300000330020002020
1002320000000030000000000000302000
0001000030000000000000123002000000
0000100000300300000000002000000000
0000001000023000320010300000200001
0000001030020000030010000210000110
0020300030000000000001100030130011
3003020101010023100002100300030200
0000102000000300001030320001030100
3301000012020100000000030200001000
0001000033000000200300020000001000
0000000000000300000302000003100000
0000000003020000002032000032100000
0030330200002200000302003300100100
0030203002002010021300000002000300
0000000000100100020000000000031000
0003210000110310020320000300300000
0000003000000030300100000000012000
1000302320000200110031000200020100
0030000002002010200030020010020000
2102000300000000000021100003000000
0000210032002000203003001000000002
3300001000000001000000100200000000
0000020000003003000020000101130211
0100030102130200103030100000033200
3000000200003000000003000000031002
0000022002000100002001100012000310
0002030210000000010000000200000000
0202000000200003000030010002000000
