29 5
05015004530400502005133410443
24322041140304034001401325050
42301431310044110220551100000
05520510243214432315053052505
03112200010002020035515013300
01415421030005343000320300022
03501550002004032205021030004
31440020000130120132240403510
01112300000024022530053105020
00100100051052020040000413531
00012455400330340020400500120
30400010042010052255522405120
52415250300032555240300101314
00210000311120030420153501154
30024000140100000000010300054
30410523041505115033000302004
53000345432000504051000003133
20431005502042002354001230401
41351030145310003234300540205
01300003000011004320300201201
25004004004020451500040502300
40505331034140200200003042120
00041041030050403121044342000
00200335002522554301350410310
24303200154501352200003024500
54100532025344203142500441242
45052010305522345001015040003
43050444001242400514202540054
40300220053025501000005000030
