22 4
1143414403202441122444
3001322104302011133231
0023132213240021231413
3433232101233433321121
1443440003220102201412
0141313144134233024334
1211402202433141132311
4430443223442313440420
3224032332303211310113
0244231204124223131041
1242041312134434400130
2321401432044310221202
3214204243142203120123
4143301142412213121140
1412304140034202311202
4233101014324333341043
1014011433444102220343
0024141243430023104103
1100333230224420003431
1402103430230023000421
4023244233411032200241
4322044441301241242020
