38 2
00002010100000012000000000000000000001
00000002012000100000002000001022000002
00200000000011000001000000000200000001
01000010010000002000000000000000000000
12100000011101201000000000000000000100
00000000000000000000000000010000200001
00000000000000000000000000200000000021
00010000020000000010002000100000020000
00000000000000000000000002020002000000
00000001000000000000202012000000020010
01100000000000000000000000000010002000
01000020000020000000020000002212000120
00000002010001000000000020000012000000
00000002000000000000000000000000000002
00000000200000000000000000000000000001
01020000000100020000000010000000000000
00000020000000000000000000010020000200
00000210002000000000000000100000000000
20000000200000000000000000000000000000
01200000000100200000002000200001000000
21100020000000000020020000200100100000
00000000000000200200020000000000000000
00000000000012001100000000000000100001
10000000000012020200100000000000000020
00000002000000000000000000200001000010
00002000000020000000010000100000000000
00000000012000002000000000100000202000
00101000011000000000000000021001000010
00000000100220000000001000000000000200
00000020000000210000000002001200102000
20000000000000010100000000000000010000
10002020000010002000100000002000002000
00010000000020000000000100000000001000
10000000000000000000010001000000000002
21000000001000000002010000010000000000
20000020000000000010000000020000001000
00000000000000000010000200000000002000
00000000000000000000020100000200000000
