30 2
020110011101000001000000100010
000010000002000100000120000220
000000020000000102010000000100
210000001000200010100000000020
000000001000020000020010000000
001200000200000200000000011002
000001201200200010200020000200
001002000000000000000221001000
200202002002000000201002000202
000000011200000011000010000000
000002000000011200002100201100
000002000000001110100000200000
001201100000101200000000000010
000020001202020000000211100020
001021110021001022000000021200
000200002020000011002000002000
000010000000200001000002000020
000210000200000220001000001000
020000002000000212000002220002
010000000010000000000100000210
000100000000000001000000000000
020000001000000010000000000020
000000200000000002000000000110
200000001010000200012000120010
010000000000002010000200000000
000020002000000000000000000200
002200000110000000000000000000
210000000100000001000020000201
211000110000000000002000000010
000200000200200100020000100000
