24 5
150345311330053122520514
121243253042530022011114
422114123241235530242031
142023005432525320012455
123404114213235442334425
421120432041112243432423
323244315324351042413222
554541535232440555440554
243015120343154030203535
114223403453454412401402
215013103122523331513403
245101132415512445520543
451401245455544025533503
035314143550223355515452
555342333501433504152453
431530110442115321134251
305413131224425012031521
551431454455514233031305
300454410050011322520124
152154313440305412155322
110142315100411324052024
401301233051332214030000
115320243540522323025315
125544212103550424323405
