35 5
02100410000234100051042000100400502
14000200000002530030203030000020030
40020522420131000011000135420530050
01200420001050033005111000033001100
41534044000020014000515012000142504
04200400000010001000002500054204020
20014430021000050404524000043400352
00005050500402035005010050000000030
20130110004030054021000402004000000
00120243000105000250405330021000000
30050505035002040404300002300044011
02000005004002040000003015003030043
01030000005005300005504320000000540
15020100302002050032000000304450003
30050010100502350054200000504150500
00010042302100040231303001000021150
00040330004003505024120104200053030
00100000002000520140001010000555054
01400400100005000004005400000000100
05305000304005010411000214400140000
00003002105203300003201200503440000
42001001003000000312553000405053024
30040232350050400545001502043503100
02204203230000030220020250000010000
00000430000550000050320510200005000
00003004020000005000300134000404430
00003010051500503500400300050000303
00234010003010013032200203210100000
10040203000043020431000551000000005
20100400001000000030050502000500010
24050001033000002000200000000510000
00011000420200434000200000000300041
00003000400350020040100020100000445
33034000000500000030045010042000002
40310002000022521000010001000020010
