31 5
0045354201031540400013010304005
5044510533011103005514111043020
2150030300200003052112103230003
0300525140122053050302002032150
1004050005030010000004330000400
4133510040302530051040330123022
3500052030500500000000440155010
2000400400040001140001200352400
0020234514123055500503003400020
0230402200005002010200300434314
0505303340013531010003014000010
3000050002500001404035505340544
0020501300505000000304250020201
0042041000041502004010015203502
1150101205023500020544010002400
0200001000104035520032210005314
0240000303204005055010500200054
2000400330020131230013020004301
0004012250001351001000402330004
2004210003402244001004500520050
0500011301500444110250004002505
4010020040320500500054532014253
0202533020502245104120004435020
0000015030050400302001010010034
0200034230003310032114300040305
0001222000104042003500411000533
2013010010000210230300004003001
0523502000400030500004543451004
0443022500141052405240000423504
0420011000202051000205203100000
3000020450443440030514200500010
