24 2
001000002101021001000000
010001010000010120020000
100002000002002001210000
000000100000120111101012
000001000011000110001001
100012000000000020012202
100002000020100200120220
001020102110100201021002
010020000002000000000020
102202010000000002200001
002000010221000020000000
100112020201000002102122
020001000000000000001010
201200002212000002000101
101221200000110100122100
000210020002002020010010
000020000200200221000102
001001010200000100100000
101100220200010210000200
002111200201110122100102
100202000000022001000101
020000000000200000200201
000010200200000200202000
202020000010010002220020
