37 2
0000100000000010000000001100000020000
0000000000200100002000000000000000000
0010010001020000000020000000000020000
0000000000000000010000000010000011000
0000100000001000000000100000000000000
1000220200000000000000001100201000000
0200200000001000000000000000000010000
0000202120000000000000010000110000000
1000000000102000020002000000000000002
0011000000001020000000000000000001000
0000000000000000020000000000010000010
1000010000200020020000020000010000000
0000000000000212000000002110000000000
0000020000000002200200000010000000020
0000000000000000002000000002000001000
0010000000000000000000000000000000000
0000002100000220000000001020000020000
0000220000000000000000200000000000000
0000000002000010000000000000001102000
1010000000010000220200000000000000000
0000000001200200020000000100000000000
0000000001000210000010002000000000000
0001100000000001000000000011101010001
0000000000000000000000000000000000010
0000000000000000100000001212000002102
0202000002200001100002000020100000001
0000200001000002100201100001000020021
0000000010000001000010020000200002200
0001000000000000000000001001000002000
2000001000000000000200000000000020000
0000120000000000000000021000000020000
0000002000202000100000201001000200000
0000000010000000000000200002001000000
0001000000000020000000002000000000000
0020200000000000001000000000002020001
0000210200000120000000000000002000200
0001000000000000020002021000000000000
