24 3
011133303132300000020012
001003201300112232222021
003013031101303010201233
320001233100212003200030
103000300201110000022030
300000310031001033102000
000120111003132333200002
020232000102113033030000
330030203200112000200010
012301100001100003201231
033000012330020000030300
022000023013123003010100
201100032200033023300000
301000010000203002320120
010011023312302012300133
022021223302302330000002
201110100030200000121000
010110010100012212001010
202200001221000020302002
021102330101300100022013
223210001003320000230100
313000013102012012033020
300023203302003013030101
132000003021302001022122
