45 5
000000000000020000310000000305200004200040000
001002040020000400400003012550033050003010024
000000000000000030010001300000000003200200003
001402105200003000000010000520000000040100020
000004000050030300050000001030002040500002000
000010540001000002000004004003000040000005010
000000002020000001500000000000000000001000350
200001000400300000040000500000410000504400500
000140003000004003000311003000000000005000101
002050103000000000000014000540200000000001040
000000020000030042030012024300000040000000204
150000012420002300040000100001200000000000000
000000000010000052020003500000002000002001030
305310000300031030010005251000000001005404000
000500000040051000202102002004010000040000005
000000000010000000334020000000000000400500430
010000000050000400000020000000003000240004304
000000040100005400501300000000050040000010000
003021000000000000000502003000000000045001000
000002000500043000000000000000000000051035000
000030521022500330002002000000500040240000500
000000000000000400000001400000040000034400500
301050000000205000503050000025002100010005020
000010000000105000000200000005005001000002000
003000005030400000000050540300300000030000100
030000330340130100000000003000010300000500000
000000000050000000000000000002000304055403010
030005002020400300400001050001000000020005032
000000004001000012041200010040000251500053000
020320000101000001000000000500000030050000300
000030000000000200400002000005045000000030000
000300102000000000002000014000005505000000104
100130005000000000000024000000040000020000030
000020003400050200101000500001002000000000000
500000400532000050000030000010000023400000020
400140000000002404004000000010003023301000440
400000000000000050000000000000030103040000100
005005002014050000000020450003200000020500000
050000000000010050000000000004050130000000250
000000003030002000000000010050040505000000002
020000000004000000502000400020050000000040000
000000300500103200010000400103000000003000000
044000100020010000500152040530400200000040030
000030000200310000252000010400000001000000000
004400120000000050000000000203330430400000000
