37 3
0000120230022030000000000200000000020
0010001000000000010000001000003030000
0020030001330000000010300010020330100
0100000333301001000100000000000010000
0000000120300200001002000300000002002
0300030201200012000122000000030003100
1000100030000000030230000000030000000
0000020300000000000001003020000000001
1002000000000000020001000230000000000
0000002200101100020330100000100100003
0013000300001002000000301031020000100
1000210001002000021000100003002000000
0000000000200000000033020010000000001
0000000000030000000001310000000200020
0000002100000000000000000002001001000
0020020000002001000000000000000000010
0300000000022000000030000020331000000
0000000000003000000010001020100300000
0003300020000000030000000200300000000
0000000001000003000000320000000002100
0002023131001000000000000003002003123
1000010100000110200000000000002020300
0000030003000300000000010003200000200
0200300000300010300100300020001300000
0000030301000003000000000000020000000
1000003003003000022300000000000000000
0302001003000000001000000003010000000
3000000101010003000000000000301000000
0020000000302000032000000200002100000
0000000020200010000300000000011000103
0003020000000200003100000000000000020
0210000200030010003000000002030030000
2000000003022000000000000000000010000
0020000000001000200000000200002000122
0030201102001000000020000020101022000
0200021030020000133000331000001200002
3000200300000000020100000030000000003
