42 4
010000240000000040102000034000020020340012
100300000010200000040004004000000200000001
000203300003000000200000001414000000030040
000010000001000000000000000130010000300001
000400000000030000003000010040000000000001
000000140000000000000004000200010300010102
003000100000000003033000000000000000002000
003000040000000400000100010003333100000000
000000003001020004010000000000000000000004
003003000020004400001000000000300000200331
000202000000200000010000400000000032010130
000000003002400000000032010000240000004400
400000040000000000000002000000000020400003
020102000000000040320002004404001000010004
000401000000000430000000004004000100040000
400001000000000000403000140003022000020100
000030020030024000000400200000004000000010
010204000330100010030002034131130000000040
000000000004000000000030000002000000000010
002030340000000000000002300000000000000200
000200000042020030010400202000000100020000
000000200000004000000000100400400300040011
200000000012000400300000444020300300200110
000000401000000001000000030104000010000000
001000200000040300000000010000201100001000
000000000000000000003000400000400040001410
000200000100000020000001000000000003120030
000000000001002300003000300000120000402000
000320303000030000000000004301020003003000
004200002000000000000210000000000000300000
003040040000300204000100200100030000040040
000003000000040100000020000024400103210200
300000000040000010012100311020000000030000
000023000200000030000030000010001000400000
200031040000000000000002420440022030001000
002000000004034400020200000000000020000000
000000000024400012000020400000000400000003
004000000100030000004000000304000204000041
020000000100000002000040312300000000000000
000000302020303003130003000002301000040000
000210000000000200000000300000040000300201
000030000000000004002032000101042000130201
