45 5
413000250000000100302203030201040405504123030
000100005000200000000000000305000000500030000
100103000130050503500000015200000000004300003
000003000000000000000000020000000005300020000
004000000000003000305000020000000010015030004
024400300503505040000000404000004000002000032
000000000000000000400000000005000300000500000
000050000004234050330000000000005050020000010
002300000000051000000403000030200000000004030
000000000005000000420055500400000300000000005
000000010001005000001500000000021030004003021
000000000000050000500001000000020023000000000
000000330200003403022002050000450000040004000
005000002000000320000054000000005030400030204
050001020055000450000000400000210000301040200
000000040040000330000000000400050000003300500
000100102010050400002002040000500000000000040
000000302000030530000000000004000003000010400
050000000510040000000245002100202010020000010
000000000030000000000000021003300405055000002
000000010000000302000200003100304350001400000
000030200004002400000020000200000150000000010
000030100000010000000000004000130100000000002
000001000050000032202000440000100000300000000
000014512004000400040005420000004001300400002
133000000040010405000100050110000004000030100
000000002500002000405000500300032000000002022
044002100010000000000000002000500001100000000
101035010003001001000014000040010000000000500
000210000030030004205100050000000030000000000
005010500050500000400000102000000001403000300
000000040500254000003030000034000041000010000
000000000000004300002230000050000525010550000
020101000002051000500300100000500000020000003
004000005000045000000300010004000520001000000
000050005040501000000000003000200334300001000
000000004000542040530000050002000000005200100
004400000000000000000000000200020004001204000
004000030000020300000001100220000003000000024
023400010000340010002000001000000001000000301
000000040003004010000000000000005040423000004
502020000000005000500002100000001200400502000
400021004100000000000101004000000300000000000
000000000000000100004000010300020001004000052
010300000000100024000000555000003001000302200
