30 2
002002001002000220000000000001
000100012000000201000010001000
000102000000000010000000020000
000000002100000100000000000201
011002200002001000000001000000
000100000010002002000021010200
000000000002000010000000000020
000020000220000002000200000000
100100020000010010022002000001
020000020200000000100022200201
200010000100000000101200001000
010010002000010000000002002000
010000000200010100000100000000
000000000000002100200022000100
012000020020100000010001002022
011120002200200000200012000000
000000000000220200100000000010
000000100000001002000000000001
000010000001110000000001000100
000000002200102200001000201000
000010020000100020100100000120
000000020100000012000010020000
101100002000001000200000010020
200001022001002010000000000000
200020000000000000000020202000
010000001000020220000100000000
001200002012002002001000000000
001000200000002001010000110010
000002000100010000200001000000
002000110000011000200000201000
