41 4
00000000400400000000000002000020000000000
00000010100140010100300000001000003000010
02000020410004030000001000000000100030200
00000000040013040000000100000014000400042
00020200320000004103001000400010000000200
00300002000020313300000000004300000040202
12000001002000000004000010000010030000300
00020000000000001000000040201000200000000
14000100000000000000020000003002030003003
00001000000000020000000300000100000003000
00013000221000000000004031001000302200000
00000104244200000020000000000200004120000
00443043001140000004200003000200100000000
00340014000010410000000400000030014040000
00440000130040000330000000040400230000002
40000400000004000000020000000100001000000
00000000002300000000000100222000040000303
00300000200001023020000030000100040004004
30000000104000030004000000000000400000043
30000000000000103000310000000000000001000
00000100000000310030222030040000000000402
20000004004000004003000000001420130400100
30000010030100100002000000200040000000300
00200000232000002000000400000000010020000
00302004040000000000040000000000040104000
10000000004001002002010040400000000000430
00330000000043020000000001000300130000300
20003000100100100201000003010104000300002
00000404000000000300024000000010300100111
00000000010001100000000000102000400003004
00000000000040000400000000000020000010004
00000002404000000010400402000043030040400
00000000000004003000000004001200022000020
00004004000000000020032000000000140400000
00020032100403323030000001310000000000020
03000000034000004000010303030200000302020
00000010201000000010002222000010000210000
20030000000020000030100000230002040000000
00300203004000001000000200400020000000020
04033000130301000000002120010400320030000
00000030000040003020002430000031300300000
