22 3
2021203223320123211322
2010310030000300232013
0300203302201101121100
1220310102003210031200
0330120000303030013232
2333232200100321232003
0303120031112320210000
1131320203200301010021
2011322103302210210003
3003330020000200100001
3313020123112213303012
0313302221112021110333
0010303200120011030201
0020010100300102112301
3001100020120020301002
1021031002030032012122
0320101302230201011211
2311003310103033010232
2330201030312123103102
3002331000300000030233
3301023020022110110230
0020013200132331022012
