26 4
04102042000004123401034330
00310300002101200300233203
20440401200114200040100020
04322112121010143014000204
40344433021311013200123034
22430144010404203100200312
30000042202400133331031230
43010304032023100304013113
40022000200024042114034120
34000004011100202133230020
20010244003302031410014020
12023043100231132004332030
32410014211042303340040202
00330422444024110113224114
30043021240014430200100000
20310400440000200401200002
20004031300044103020300100
21144304300110024441002001
02230403411103300240230422
32000330100034031021000143
40203241000331320130024004
12003104400000400202442040
00204430410011022342230002
40012103000110202040134104
13040041300010001000223230
31430000403030000043032010
