25 4
2211224002441123030233300
0040144002132030040000110
3401201433200424402022324
0130110041303143423101420
4204400010023220442240200
1410331200310212043030301
0034422024410134102403010
3103204401000320041232144
4230401342310200034332104
1402023041200040344204440
0004001020244204201043103
2043011104010011000410310
4023100202112220230300440
0202042200432130211041300
0330304010121411030004000
1010034341442302124040202
4003244121403220030300312
0120003040343031003030301
2012340044011010023432113
4130323302113400201014131
3401242330003403130121203
1040043102303330000400314
4121000201020200201000010
2002204432000412003041020
0200313343313231030002044
