38 5
04300000030504040003004003003400000201
04040000202013502220100500510500000002
50030550021030004130000000150045030040
00300100040040002300100300400001000000
50405005002000000020030000000300100003
30150530300300501003314400001000105000
00000005030200204000000200132250304000
40042000000400502402404001002013005000
05005002502400000000000530030520005200
52020002000102500104004115040400214000
00005402000000000153004550000345003002
41000400300003200042100103000021002000
40003040000000000000501000004000000000
01000104004000110000001000000000000000
02001000030000303250000002040000020530
04000005030030002003100000003052430010
40002040200034300400155000001050015210
00000000000034010040003025100300302453
00210002000020000520032000040000301025
00200035000330005000220000000502000040
00005004340000300020200010000300004050
50100101250504150350001130000000000022
01000223402000000154000000400500000000
12100030020000000000000010220000131350
00000200030000300000000010000500005300
00000000052040005000000350000011400000
20440101000030105500500102000405030400
50555004001420400001021404000200000400
04000055000000000004145000000200005000
00103510002000003030003001301034000020
30504502030040002000503000040004010004
00551200003003500002001300403003000000
00020000000004000001022010010150001400
05410050542500000004151150430400102100
00030000500041000503050003020245010140
00041300000003100055000000300000203023
00240000030403001000000153210200022400
00304302232201000001054040000400100000
