43 4
0002000402000003330000203000000000000000000
0030044000040130000020020000020000200000002
0400040300000000021000000030120200000400200
0000000000002000200023340001003110000000000
0003030000020000030000410040000020000100010
2400000000000000000000000220120000000003104
0000001000000000200000000002004001200000400
3000003300033000003300000010200040000400000
0000024000000300001000020400000000000000300
0040000200002000041020400030000000000010000
0104100000000000000040204030010000020000000
0000400400000000000030003000201000000010000
0003100000030000014010000000100320000000000
0030100000040000040000000000001430000000030
0030000000130200000000000403400040010100040
0020140000000000400400100003000000000011003
4004000000000000443000010300100000040010001
0000003202001040000000000030000000000000400
0000030000200220004012010001003303000000000
0000000300003000010000100010430000001000000
0000000000000400000000000210010400000310000
2002040004000000100000010002020000140100000
0010000320000000004000000420000000000000010
0000100004300300004020020002000003001002001
0000000000000000022100030000000000040040000
1040324002001000002010000040100000304000000
0040000000200001000000000200000300400000033
0004000024002000010100200002100000430000010
0300000000003000004021000000300002000000003
2000002000000000000000002420000043000000000
0000021300200000003000000000000400000001000
0000040000021000300010200003030002000000010
0000130200001004000400320004020000000000004
0200000000003000000000000310404010000000000
3313100400400000000001000000004420000300000
0000010400100400000000000030020100004140000
0400020000020000334420003020004000101000000
2000400000000000100010010302003000000000120
1000301000020000000000004000020102000002000
0042001000000000040000000000120000200030000
0004000000012000130000023030000000000300300
0301020030000000000440000000000004000044000
0000000003000330000000000020204000030300000
