24 5
151414054230223301543312
213120554113222331321232
542440400411420324213024
423122522143515113012000
201214213133010413142014
453534522203410554433143
411152434141330335455325
434255135315124420155524
202343550343552234253131
545253254315354433513211
051111241000541512335305
144341220050454252543424
330134150550301125254230
154502533510552320005504
431224252525020142430542
242300314445141113313532
440201145304410310355312
533420422401114004424023
253345320500251301425253
553103242313020115104114
542102111023301225550344
551345225342153534550340
414133132514245250414300
453411554345123025250222
