38 3
10230010100300000000003300012000000000
00310000000020000000000001000000000000
00030010100000000000030003000000000000
10010000001302000300020032000000100000
20302000023020020000010200001020300000
30033000000100003200000330002100230000
00000000300000030000001000002000000000
10300000000030000000000200010000002000
00300001000001030000000000000010010000
00003020000000020100020000010000000000
10000020101030100000200003102000002003
10030010000300020011000010000000000000
10002000030000000012030001200020003001
00001002300000003000200003000000010100
00100200000000100003020200000010010002
00000203001000001000000213300000300000
13000000000000000022003003003100000000
20011002000000100000300000000300100000
00100000001003200000302000000000000003
01100000010000000000003030000030000000
03201030000001000000300030000000002000
13300000230000002000000000000100000300
00210000200200000020100000000000000103
00030000002000000000023000300000000000
00200000001020032220000311020000000030
00000020300000001000300000001000000030
03000101000020200103000000000300000010
00000000000200000020000020002000010000
00002130003001200000200000000010003200
00000000002000000000000000001001000000
00020000000003000031220100300200010000
00000003000020030000020101100002000300
01003100002000003000010100002300020000
00000002000000000002000000000030220000
00000100000000020023000000003000000000
02300000022311100002030013000011330200
03000000000000032000000000000220000000
00000000000000000000000000020010000202
