31 4
2300324300330040142200000102103
0240001000430310421011002001032
0000200300000220030044200000240
0000021001040140430001040300002
3401004002004001001004300000000
0021000140104420022014400231000
3002100212000000103030032100044
4003000403000000400440300034000
0002331044303101004040000000320
0232000400000020040110300010100
3000040401020444033004030030034
1020300200110003300000124002021
0230002100040020012030003300030
2020020400002040410030004000000
0010024004000000020000430400220
0031003000003030003100000024441
4100003003003101033100040002003
0003031300102000412040040300400
0030200320122100204304032043234
1004001140000230130412420102020
0400000042110002000421120000042
0020000300000102013040310000304
2012223023000000000031020104030
0131014101104300413022200400100
4303201002000320200200010420000
2002010100100302400000041030000
0000300310041241400101000032000
0300000234424001000000010040104
0040001100400000022200000000303
0003010241103000300120000004020
1013040000000033000040004300000
