45 4
000000002000000000000040000100002002400020000
100000302000000004100000000400200030004000030
000000000000000400000040000000000000000000030
022040000004000000401000200002000100020004000
020040100300000000100100000000000200000034010
040000000003440000000200000000000000020040000
001000000000040000300000100000000000200201000
033000300000000003000001044040000200000000023
000000400034000000020000000001300200000000004
002200030040000000300000010130002002000030000
011110040000000001000000000012100000000040100
300000000000000000000000010000000002002000000
000020200000004040020001002300300100010000020
000000002200000004340040401032401000000000000
030200000021000000000000400000000000000000010
010000344000004000000000404000443003030030000
000200300000000000000000000003000000000000003
000000002000000100020001003004000000000400000
010000100000304000001002000020100010000400000
400000000401000143000000010000000002000040000
000000010000130100000000000000020000003340040
000000204003010000000400004000033000000000000
000000300000100030040100010030000003340000000
200000000000000000000104310302003020004002000
002000000000000000030000400000202040010000040
000000000200200000000220000000334000102000003
000000024000000200030300000330100003000020303
000002201000000401400030000020003000200000000
000000010300000402000000300000002000000030401
101040300000020000000000000000010000000000000
001300400002000000002000400100003000000200301
030000000010244001003000310000000301040030000
000000000000040000000010010000000300000000040
000030410000430000003000000400200000000001000
000000000000000300001040200000000001030000200
100000000000000000000000004000000000010220000
000000000000040004000400000000001000030020000
040140000002000040001001002000213000000000000
000000000000042040200040001000000020000020000
000033000000400100200010000210000300400300010
000000000300200000030010020130102034000000303
000000400000000000000300002000100004100000000
000000000000004000003000000000001000000004000
020000020011000004002030000000201100000042000
000000000000312002003000001000202030140000300
