32 5
01000553015010020511035210304200
23031000000031000024000302001104
04000110000102300332040055035510
15422503001400530024040022300104
00014313041301000350010050304123
00000520300044054400510021030343
33001122224020302020100340004405
22000052100403253005000342050020
05204000001202000350001351000120
21000150230050045014220100501110
00000040140003500001503223220002
05004024301412200350000150320140
50045510120043002104343001005050
00002100004540110003000300141034
00000400502101010300050350205004
00050050100543004000405010200055
35100504310003325500400000000010
54530520003504430050103500450404
00002205204034000504002001003000
21000000005401222300203053552000
30305001300225440201040455120005
42044200000100000133040240040000
11320202030030000013155002405400
03402422300004350325000310013500
00300005012500030030041000500300
40000003000003505010000003005200
00000205400542420002503241503011
00051305000010000240400000201000
10500533021405305134130203044145
00241442400030050100000004200200
30013240130035000000451240100020
13040204230405200000000450401004
