28 3
1000030002020030120230230001
0011120001333000030002200002
1011200300010000203020230200
0000000020000000300023200030
0012000010000200000300003003
3000002001000030000332110103
1020020300301100030000130033
2030120103000120000300000002
0101020320112200103002000302
0311011200300011303100003030
2000100203203023230102200200
0000000203320300301010003012
1000000201010200030003100000
0220031000000130132300000110
0220002300032000300130010101
3000001103000133000000200020
3020000001030000022100000200
1033001010021233320220221000
1000302100010003000002300032
0000100000000101000020000230
2003000000121200000012300121
0003020030000000022000003301
2221002030303010020200100301
1000103000310010002000000230
1032100302000000001203200001
0102000303100023000100201310
0000001003010102013200031002
0010200000000030020000130000
