40 3
0023010000030200000230000002200010201000
1000002000000020000000020030000000200303
0000000000000000100000001300000000000010
3131000001010000000000000000110000330030
0110000000000000000000000000000000000003
0020000000102000000020002000000002000002
3000003200300000100220000000001000000000
0023000000030000000000000020000030000013
0003310020210000002330000020000003000003
0000000000200000000200022000000002000003
0010000100101000332000000000000000020000
0000000310100000020000000000000003000000
0020000030300000200200000000000000001000
0000000000000020000323000020000000000000
0000000000230000000030000200000000200003
0101001000003010000032100000000003020000
0200003030000000300000100003000002100301
0300000000000003010000000102012000303000
3012020000000000000000300000030000300000
0000001303000020003000000000000012300000
0300000000001000013300300200000003020003
0030000030002000000000020000003020200000
0000000200023000000200100000000001000300
0000000010000330001030010010000020200011
0000000100020000030000011301103000001100
0030010000000001000201000000000020000000
0000000000000000000300000000000001000300
0001020000000300000001002000000000100010
0001000010030010000000000000000000000000
0203000030000000000000300000012021000000
0010000000010000300000000000000000000000
0000000002002101000020200000010020000000
0010210000000000002100201100010100002000
2200000000000300003002030000100030000000
0000000012000000000000210300000300000000
0000000110000022300203000000011300100000
1020000002000000001020200212000100010000
0002000000000000200030000000000000100000
0000020200003000000000300300000003002000
0000103000002000000100000000000003000000
