38 5
05303242405020300500005030042323120310
00505500000005050000250300500000203320
00000005140300000000001000000400000000
00000402000004000000000000000300205001
40020551032402010400130002000400051010
50320000100000050000200000020023000000
00100010520014002524001500000530300000
00000000010000500000000000002041405000
40000011030050011500000000001200000002
00000400001200000542004000310330000014
00002000151000001110020000030404430000
00040300035000100005030310014000210120
00040005250004005000000130350001150034
00100000003000000040053044024201205005
00250023004100420005000100002000004040
00000000340000103022214000030000000000
00331004003000005000000001000000200202
00000001004110000504500330500001020001
03200300150402041202001240005043002000
00055020050533000242004040500300150030
30000005000040014400000224200000055040
00000000000000050004034000550011000030
02300002000505010000540020330300000142
20040040410030530540000300000300110000
14300100000000250103201004000000055042
04444000400250504000110410000000000000
00052000000002000020030005300000000000
03300000235000040030040034025005030000
00000015050050000400000301010144250504
52005050044050005002003003043300100000
00400235500500000500004020040000500555
00300103240204102200020310001020000250
32200423000000000000100030300030100001
12033000000500400000550030000500001000
00120000400430400140200310000010003200
50000000000000321230410030503021000303
00401300000000001040000034310100054400
04042000000302100120000011022000510002
