26 3
10101132100110032022000202
12301000230000000100012020
00200230100030110001210303
03000020003000203002200200
03100000010201003020300000
10011000112330020300001100
23020332320203300020000010
00230330100200001013001000
31000210300023310300320310
30033013012033020011100000
30020010000000003020020210
20302100000003001212310303
31003220103300220010033033
12002203010100030200211030
00010020200200210301000030
00303203000002103300200003
30103010000113330002203002
00020230200301000000230020
01000100200300101000000202
00131021000021000200020130
10230222003000000002331100
30202300301233030100301003
32122000012102010312000021
10000002223032100303000110
00021003100310210111000130
01012002010200003200010200
