43 5
0000000000000004020200000005000010000201000
4000000340000405005000235330400000000000030
0000040000020054012003000000330000000000000
0150000013500000000000005000000000000134000
0000030044000000100300400510500000000000020
0000300500000000000200000000110025000540000
0044000000202032002000005001000000020000003
0001000500200003450013000000203420000001010
0020100000000050000000022000003000300300020
0000400500004001000400443000000035520200100
2200050000502010000020030532002000401000040
0400000000000000000000000352000003100003000
0200200005400000000200004000500500010000310
2300500000005000002000000000000000550104000
0330401505001050300400050035400040001000000
3000400000004001020005520050050230000050001
0100040100105300030010000010002000020045000
0000010020400350001150003502200503000000000
0003000000100030000040000135004003000000210
4000000303520100000045000100043500000000000
1010000235332010030050500000000000001000010
2010200000240000020400000050203000004000004
0000000000000103004000000005000000240000004
0200200202000100000400000040012000405100000
4000300000000335201000004000303020100440020
0320000000203013000000100000000000000400000
2000000000000000405223050020300005040050000
0000000000000330040102004000000223005000000
1000035000005020000510041054504011002010000
5000300001020025005000040400501002102200001
0050104040130000020000040001000500000000002
1000300300000000000000420500000050000500000
0002000340000403040004000005005404000341043
0000001501320000000001302000300000010500554
0000003000000000000000002500400300200200200
0004003003000000000000001004000030000000000
0000200003020120005430000000000000100000005
0030315000000004000100203005050000000400034
0101225025000010004510001004300000000000020
0014000000101100400500400000030004000000040
1001100420000555030000100001000000000000000
3000010050000000000510300000000030040001140
4403020203000204503000000010004005004000203
