25 5
0400430145010430552314330
0014541034022213213541053
3424444051003252320353000
0101312300510442035521144
4153422314405221155042225
3155255110333142132314115
0124543501532344031143503
0044503325243124421422001
4332020214211045150150001
4521424423203123314321542
0420333145505132002220054
1035350052203442311442550
5434021352251320034525021
0050310154514440051451420
3143100110402003130425531
4503545023141225054243252
0501055200305454414211320
4352022155311514101152355
0152324503210034250214453
0304000401035413014313033
4211232040250414354151051
0052104130131330201100025
5023450500324023330215521
4214554532250344450122332
4452532223033255455051333
