30 2
002002000000100011000000000100
002222000200010220000000110000
000001000002000010220000010000
100000001000200000100000002020
000000002100221000000220001000
210000110000012000020100002000
000010000000000000000120100000
200212020200100020002000000200
201000000000220000020020000220
000000000000020020000200000100
000000010000010000200000001001
010010002002201000102010000002
100100000001000000002000200000
000100002100010000000000000000
101200010020001202000000100000
000000000002000000002210001000
000000002002002000000200000001
200001002011000202001200000011
000000010200000020001110000000
000010100222000002200000000000
100111200001000000001202020000
000020000000000000002010012000
000000000000110001000000002000
001000000001000102000000001100
200002000020002010010000100000
000000100000200010000100000001
020000001000000000000000200000
101000200001000000000002000010
012002220010000000000010010001
002000010200000000001200001001
