26 4
20002201000202341312000034
04333030412013422040300000
02000003032020020000420003
24001042111243243102000000
41300204102000000012211031
33102130003203400211042133
30000001000023400442402300
10034313444300010100030224
20230111443401410011033301
20003322403200033032140024
41400030303341012043200123
20044400443101211320204002
11001112440300040001112200
30101212000010400002403014
03042123220003141000000040
02333103014010202300044001
00202441002201002431420400
00040430231302242240200031
33321443420040320212020100
24042041400203201200010202
04001144130023031040040002
44340001200000430301431142
31134040413410442013203010
10001200300440243403331321
00030240034001044010024014
03414002134221333301300031
