30 5
100034410500000313000005101041
352000030335202003344131550500
015003401001100000004402500100
050100033322203450400443023012
000034000045014040130240251452
043024240310040353113232105013
400402402401210020103001524300
200200000401100030302021045250
001210020103024540300044555012
002204552130410200003200030040
512023220310220133003255150011
040044300240504204000332025005
000244222300111520240410025040
444305000505001045054303401500
510550030511002050353011012002
023003054105030003000040020003
000020024010503514415520323130
000052033130000023000000300131
515050410000000031400043055202
030004444430411504205010052520
150050030211332003400030550050
000505400551050030400444042322
210000000400303105005431440044
105000000150503534133415440000
240330532100003005320100102101
000100020040202425000312050003
150040000042020251050500251052
250000500013000354004441301224
301040020542002500305450510100
331001350541012003015022240320
