38 3
30000000001100000001000000000200000000
00010000002000020000000000000020000220
00000000000000010001003000000000200200
20000020000001002200000000000003000000
01000100020000000110000100002000020000
01000000000102313000000000030002200000
00031010020100003013230000010000300102
00001002003013000000000000000000000020
00000000002000000100000000003020000000
00003000001000200000000320002000000003
10010020010100000032100020000022001002
00001101000020000020122000000000000000
00001000300030030000000000003230300003
00003300020310000002000000000220000300
20000200000000001200000120022330000000
00003000020030000012011000002330000100
00000000030000000010000330002000000020
00000103100000000000000000033030002300
00303000000000010001000010000000000100
33000200000002000001000000000000000000
02000001000000030000000010000000002000
00000001000100000020000000210000100033
00000032000010103000000010000310000000
30003210000300103001000000000000000003
23033000000000001002000100000303032023
30001000320010000100000010000000000203
00003103300000303102000000200000010000
10020000000000000023110120300101000000
10000000100000000000000001010001030300
00100030200100002001000000000010000000
00003000003331301000000000200001230000
21300000000000000010231300000002002000
00002000000000000000201003000000230000
00000000002003030000000000130202200000
13020030200000000000000000000000000000
02000002200000020000000000200000000000
00000003000300001000020200000300320000
00000000030010000300001000000020000000
