39 2
000011000020100000200010001000000020010
000000000000001000000000000000000000000
002000000001000000010000000000000000000
000000000000000000100001002000000000000
002022000000000020001000000000000000010
000000020200000000000002000000000002000
002000000000000000000000000000000002000
000000000000022001020000000000010001000
000000000020000000000000000000000000000
020001000200111000020000000011000002200
000000000200000000100000000000000000000
100002000100000010000000000000000000002
010001000000000000002000000011102000000
100020000001000000000022001000020000000
000000000000000100000010000010000000000
000000000000000000000000000022010000020
000000000000010001000000010000000020010
020002000000000000000200000000021002000
000000220000000000001200000000000000010
000100200020000020000102022002100000100
000000000000212000100100000000000110000
000000001000000020000200000201000000200
002001001000000000000010000000201001100
000000000000002002000100000000000000000
000010000200000000001022000000000000000
000000000100000000000020001000002000000
002000010002000000000000002000100020021
000000020000000000010000000000000002002
000000020000200000000000000002002000000
000000000020000000002000000000000000000
000110000000002100200000000000000022100
001000001000000000000000000000000000000
000010001200000010000002000020000000000
000010000100000000000200000220000010000
010000000000000000000010000010001000000
000001000020000000000000000000000000000
000002000020100000000000001000000200002
000000000000000020000000010020000000000
000210100000001010000001001002000010110
