37 3
0000000000000002220000000000000300003
0020030000200002003000202030100032100
3300010003000303003000000000000010000
0012000001030000011000002023030003010
1110000101300000001000000300301010030
0000000030001300002200000000000000000
3003011000031000003000000000000100000
0000000000000030000212000000000000000
0000000002002000100000000012030100002
0000103200100000300000003202000000000
1000010100020000020002031300000000230
0030000000300300100200000000020001000
0000000000000023122000000000201000100
0000000000000032010000200200000000003
0011103002100023000001000000000000003
0000002010130000000010010003003210200
0000000010010300000001003010003000002
0000002030000000020201020000030030200
0000000030000010000001030000010101002
0000030020000100000030020203030000010
0200000003000030100302000300020020000
0000010000022000200003200200000000000
0200030030011000000000000002000000003
0000000000030000000030222300030000000
0003000200000020000002102000010003000
0002003000002000300000000000000000003
3000000001000200003000000000000002001
1030210000002000000300000000020100000
0200000022002010001000031000003000000
0002030000000100200000003203000010200
0010003300000021020000101100000000002
0000020210000000010000030000000002000
3000030000100000000000001000032103000
0000030010300030030301000000003000100
2010000010000000000002000000020002100
2013200010002001000010000000000000001
0030003000000002000000020110000001000
