36 4
140103001440020300302331103000000400
310020020201000000000001300003032204
200300300010414031230000000000000400
000224000000201300202000200000000033
000300000420000000000000013000000000
300330000000000020000001000040003000
400000001240000033003100004000001000
000000302040300000002010004200043104
000200022000000040200404000030001000
010100020120004020000000000010002401
031100000300000300001433001310032000
000040040202000100000000000000000001
000010043300031200400400200220000000
020030003020000000203000003003103330
004200110204000402000130020420004001
000200000000033000000004000004300300
341003020404401004010200002021001004
222042000000000230030000000230000000
440040003100000000000200020000041000
000000000000000330302010404000400100
000000030201000002102330002000000011
000033100104001404000000001000002000
004000102003000040404010130000200003
010420400000000033303201031100043020
004043240340010421003004003100000002
410023000400000010002040224400400110
000131000030000400000000000030000214
000000001010003000400100000000010000
001000000100100000420000140000110200
440300220400100200021000040000000000
000440000422202104320000000000000023
000000403000000100003101000000100100
400400120000343000000020000044300000
020000004004000200004000100340400003
000003100002012200400004000010220010
030000002000310020043012000001000340
