27 4
000203204003022001103022002
032002001121010010000411103
100100124014200030002200014
230401414022420000000442001
120142004100040102002332031
220204034302301030300304031
413100430400310003000031100
223144002410003301031130134
300212023020200334404020001
043311001003202412000003440
030002030000013401000303200
010001141000003000002334033
003400003000300200222111220
000000440001421010000102030
043022440213044203041003020
011401303302044134240201314
334010432424033240323200100
002040422130304002032402033
101003003004020201300444223
203430043041300031014102000
020042020040000000014303002
000342044200221000304010023
442030044000240320210000020
014004141233014211003412000
212424044040404012110004334
340410010101141011300032303
404030100000224001010014303
