39 4
030000234002000000000004000000030232200
000000000002001330003000100030000300000
410130002000000220200334300340021004000
400022232443200200004120400000000000404
000331000204000300000300022110000400020
100000020401000203400000000200002000000
010100000100000004010001200000030100000
010003330000110300000020000403101001200
040000300200000000000000030000000340012
041000000140000000000002010400011000000
000000000004003000110440104404000010000
000040000200420000030000000000400000000
300000100010000000000140010001100340300
310010000300300200002040002103030400010
000000020001401300000002002030000000010
040000200024000000014000044030000040002
402340004000002200000014033000000442000
000000321000304013000000000000300010010
410000000020000000003020100300010100000
000100121300003000010000040000230000401
000001000000000000001000240020000000000
001304100204000402000000004040000300400
000020032000030200000040000014000000004
002030040300000000000000000000000020030
000001400000002030000000000100040002000
303000204010001000400003200000000004000
000002302000000000020100100402310042000
010041020023000202320000010004303000002
000000000020000003400002000140002030010
400020000000040000000000003000000000120
030004000302000000003000000000000000200
001100000240000004000340200101000240000
000330100000304000003000034020030020000
000010000122020113403000020430004032000
340400330000100000000400000231000004000
020020000401400004031000000000000000000
030100000000401000000400000000000000010
000030000400000300003000000000000202000
041000010010000043103000000000020200001
