42 3
002000000200001000100000000000000010200100
002000000010003200200000000001000000330020
000000000032000000013000000000000000000000
021000030000200000000003001001002000000000
000000000003000000000200300010000000000000
002000000023000000100000000000200100030300
000200003000100001000000003000100000002000
200000220030000203000200002001000000030000
020000000000000000000000202000000020001000
002000120000000130010000010001000002030003
000003000013000000000000000000000010000000
000300000000020000010000000100303300200010
300000000002020002000020000010000320012000
000001000000001000200000000000000002000000
000020000010002000000002003000000000000000
000300203030110001000100100000000000000003
000000200000010000031000312003030300001000
000003000001000000000000200100030020000100
000300000000300000310000300000001002003000
000300000000000000203001000000000000130000
000000000000000103020000030030000000100000
010000000000000000120002002000000000000000
020003000000000002300000000000000000030000
000001000000200000000110023000000001300000
020000100000002000000000010010000000000000
000000000000001100000030001030000030001000
000030000001010000000000000000000002000000
200000010000000000300300000000210000002001
000300100312200130000023300000000000000000
300000000000003000020000000000200000002000
010000000000000000002000003000030000003000
300000000010010000200010000000200000100001
000000200020030010102010001000201032000000
302000002000300000000000103000000000000000
000003000000000000000200000000000100000003
000000000000020000000000130030300000000000
000000100200100302001001000000000100000030
000020103000000220000030020000100000301000
030000000000000000000000000000003021001000
300000000300000000000000002000302000000002
100000003020000002130200200000000000200000
000003102000100000003000020003300000003020
