30 4
003004020202030300140023110404
010304333020040000040000110410
342030000300020310001000131140
100400103000113203043001043200
330100004002200300420303030230
310004010000243241000010100331
030000101001320300010342400204
010121000043000000043000030010
000404000000011413044003401002
003002023200002304031044100400
020040202400030100402344004000
002000210230001101000422041300
120104033000010100340002040003
340000000430003102004000030200
020302302000200430030312400404
041200001000002033300131210240
003000012020241302414200340104
130302130201000100024003010000
103041004000302210000001000223
020204000400002400424000420004
300004104002422130100000012340
040300022000204030020100000000
041010030203000000104000304020
314000310000010244220100402022
400003000040023401000001200204
001231002140402023130000312010
100140000002302004044200010300
000340304140000020243000003100
001102000302010002000440300200
000114020200002210004004301033
