28 3
0000200032003202003000000222
0003003002120000000100000003
0302000030010020030013112001
2100003100330010111000000023
1230001001000000030000030002
0232200100002020130102001001
0000030000020320013120330331
0330300010031201032000000000
0102030000000321300300130100
1200123211000010222000230030
1010020001023303000002300300
0100001310300311023030002030
0102000000003003023010301000
0102100000301302000000000002
0130000000200002120030001020
0003001101000000000102000010
0100300001310022000000000202
0001120003002020000003000200
3200301100020300001001130013
0000013002020000030000100000
1021200010020320030002101200
0000001100313000020233210030
3100000002001200002000002002
0300300203000000102000332000
0010133113201311000020002320
0201200123000000320330122100
0022100030000020030330203003
1200200002001311000200202130
