35 2
00020000000000000000000020000100000
00002000000002000010000200001000000
00010000000100000200000000000200000
00000220200100000001012012010020002
00000201000000000200020000010010000
00000202000000000000000000001010000
00000000010001000010000000000000010
00000000002000010000002000000000000
00000000000000001000000000000022000
00000200010000000000000000020000020
00000000000001000100000000000000000
00200010002201000001000100001100000
00020011000000000020002000000000011
00000000000000000200010002010010102
00000000000020100000000200000000100
00000200201000000101010000002000000
20000000000002000201000000000000000
00000010000000002020001010000012000
02000000000000002002000200000000001
00000000010200000000000200021100000
00100010000100100000000000010001000
12000000000000020000002020000110000
00000010200210002210200000000000000
20001200000000000000100010000011000
01000001002000000100020000000100002
20200000000000010000000000000000020
02100000000000000100010000202000200
00000110000000001010010020000000022
00200000000002010001200000000000000
02000010101211001000000002000000020
00000020000000002100001200000000000
00000000000001001020000000000022200
00000020100000000000100020110200000
00002001000020000002000020000000200
00000000000000020000000000000000000
