43 4
1000100000000000400000004040000030000200000
0000040020004100000004000000030003004000000
0000010004020300023210000000340103000030001
1000023000100002002040000200004040000420001
0000000040000000204000000000000000100020100
0000000021003200201004000000020030032000300
0000000000020000020003110004000000000300000
0200000440240400020000000000310000000000000
0000002002000200003310213100000000030000001
0000000400300000010001300400100003004000001
0004200000000201000004001004000001000000000
0004000100010000001000000004000000200000000
0040000003000003003020000000000002040100000
0200000000100300002000000200000400000100000
0000000000300000000100001400000040203400310
0200020004000000000040101000200040300000000
0400000000321200003000000000010200000000002
0004000000000000000030100304010000400010000
0001040002040000000000020000000100000000002
0000140430303442030330000000000003230040000
0000000000040002000000000000000000030400100
0000000000000000000040040000000400000400000
0202000000120000000001000132200010040002040
0000000002002002004040000000000000000300040
0430003032000000002020000014000000000000000
0000000000010400330032000010000000000200400
0004000020001000030040000300030030000321000
0004031000000000000000003000100040000020003
0000003000202110000020200000004300000003013
0000010030000200000330301001000000030003100
0000400000000123002100000000100340000000000
4100301030002000002000414100030030002010010
0000000010100000200000000200010402000303010
0140000000404343020040010100000000000040340
0000000000030030000020000003000000000004002
4000200030040000000000001300010040010200000
2000000000000004000000000000002000000002002
0223000000302000000000004000000004000000424
1000000000000003000000010040040000100200020
0020013001000403000002000000000300000300401
0000000000120000343340030000000000020100000
0000210010010032000040004000010000000000040
0000000200001001000000033100000000000000000
