37 2
0101000000000001000000120000102000000
0000100100010000000002000210010000200
0000000000000000000000000000000000000
0100000000000102000000002000000000000
1002020100100120000020000000000000000
0000000000101100000000020200002000001
0000000000000000010000000000000001000
0020110020000000000000000000000002000
0000000000000000100000000020200000001
0100000000010001000100001200000100000
1200000002020000020000000000000000000
0000000200000000210000000002001000020
0000010000002000000200010011201000000
1001000001000000000000000200010000100
2200000200000000000000000000000000200
0000002000000000000002000000000010002
2000000202100010010000000001000100000
0000000020000000000100002100000100020
0000000002000001000200000000002000200
0000010000000002000000000000020000000
0002000000020000000000120000001010000
0000200020010010201000202010211000000
0200020000000000002010010000000020000
0200000020000000020000000100000000000
0210000000000200020000000000000000000
0010100010000000000002100100000000021
0000000000000000000001100000000000000
0000000000000000200000000011000000202
0001000000000000000000100020000000000
0000000100000020000000000022000000000
0000000000000000002010000000002000001
1000200000000000020000000000100100000
0000021000000000000020000000202200000
0000000000020000100020000000100001000
0000000000200200000000000000001000000
0000000000020020020010000002000000211
0000001000021000000000200000101010020
