28 5
0351000333200020015024351504
4040302014132140040040040000
5102001523414000010343000301
2251021004113021534113412001
2031523255244010031020210052
3525554520110023200000444150
1433043012443420400004304042
0535152020411410430540302153
2551245230001222002400252405
0100300543205304502000303200
0535055000213301301230125500
4241043420402004343005310150
0052015004000030004053154033
3020400351331321001443020500
0500205051435021500000205402
1143140042050401410003120001
4204022000451003310205515310
3503240050104000440125054050
3313350221234000040210023150
0334200103252011305125043215
5342212550000555415040005002
0101054001143455300313400004
0040305013511550452404212540
5030400532513000001001110030
0520453034241032004000513144
0502500000000220254043330233
4532545204030002213425401031
5205323100411001025300203224
