22 2
0000020011201100221001
1010122000001102020100
0100021001000110002000
0000000000020020200000
2012020200000001002001
1110202220001220200211
2000000000000022000200
2020220002022010210100
0110111000000022020201
2011000001011221001211
0000000000200011000222
0010102102010022001011
0000110000000011000000
0001010001220102001220
0001211001220101002000
0101000000112022000111
0122022200110201202000
0000000021020012021101
2100021222202020100001
0020210220210002000002
1000020000001211101200
0010012001200002002001
