22 3
2200310330003111121112
1031021003210200310133
0203032300010310132002
3003011303321021032013
0000330001030310001130
0311223100001003310120
3223222011311002030201
1303202320002230303200
0010022130000301201012
3220213201311310302220
0020312031303310111202
0203300201000232000022
1011030323221320010312
3232001010000101320020
0202300020112120300013
3020223303011031031010
0220000131310032020211
1033230203301120230023
3302310330012200021100
1232020231330032002122
2212312312103002033000
0311012001310021030212
