34 2
1100012000100000010100001010010001
2000001020011200000000200000100200
0020000120200002022000020000012000
0000000000002110001000000000000000
0100000001020000000000001000002010
0010001110020200102000002020200000
0000201002020220000000021000000000
0020100000000020001000000020100000
0000010000000000000000000000000000
0000020000000000000000000002000200
0220200000100000001000100000000000
0000000000120000000000010000000000
2001010000200020001100000120200002
0001002000020000202000000002000000
0000002000000000020000000001000000
0000100002000000001000000002201000
0000000010000200000002000000000010
0010010000000000000000000100000110
0200100200000000000000010000000000
0000002210000010020022100000000000
0200000000100001000000000000001000
0000000000020101201000001001120002
1200000000000202000000000000101000
0010000000020000000200010000000002
0000020000200001210200001002000000
0000000000002000200000001000012000
0021120200010000200010000000120000
2000000010010000000020000000000010
0200200002000000100002000000000000
0000000000100010100020000010000000
0020000000000000000000000000000000
0000100000000020020000000102100000
0011000000000010000002000000000000
0000000000000000000000000000100000
