27 2
000201000000000000100000000
020000210100010002002211000
101000022000000012100002001
010001012101010002010011000
100201020102000100000020000
100200200002100022110012010
100001002001200001000020200
002000000000100000000000000
011000000200021002100010200
020000021000000020020210000
020001000000001111000000100
010100022000002000200001200
101222010000010000200000121
211010000000000002000201010
021000010000022000000000001
001022000000000000001000200
012020001000220000021100002
000000010002001000200120000
000000110000002200020002100
002220000020002002000000102
011000010100001000020000121
100002000000002001010000020
200000000210000000020100120
000020000020000100202000000
001000000200100000000002100
010022000000020100000001000
200200000000000222000001020
