48 5
000000154130010000000005000300000300000001000100
000004020000220000005000500000000000000003000001
302010300350000003000000020000130000500304040000
500000502500550003210003010400000001003400000004
000002005000000000000033320000000005030000300000
100140000300003004100010050202000000000005000000
005050041000000000000003010020000041120001040000
000000005000005000050051300200000000004050000504
000000000000301000013040000053000000000000000400
005000050010000000000000000001004000000010001000
340150000320001200000000005501100000000005000000
000034540000004000000000200000040002000500000000
103500000000041400040100400000000000000310000500
000000000100000000002500050052050200000305000400
050000050300000300000000000000003000001000000100
020040040000002000020200000020000000000000000000
000000003045000300200400402040050000101000000100
000030000030000200050000001000000000303000000000
003000030020000500000300300000000000100000040004
105000000050000400004200040000000200020300040040
000000400541500000040000000302000001000030505000
511000000400000005040000003300000001002002004020
340201023004030000000040000000000002000500200043
300002010202000002100000400000110350000000000000
020000000004000200000050000203025510030000005000
515000030000000002005400000000040000205000002000
040300300000005000500000000000500040050000000303
000000000300000040344003004100400000000000000005
030200000000000000000000010011000000030200000000
000000002000000000022000002500002054200000100200
200003000000400050030050400010000000000014003000
342000000000000010300000003040002001000000000000
003050253400000010000050300000000000000000000000
033000000000050000000200000004000000300023100020
300500000042102400242000000102512000020301000040
002050002000000000000500100002004000000040000500
000000000000000000000000000200000020000300045000
003303000000010004300002000004004000000000000000
000000000000200004000000000200050040000000000011
500000040000013000000150043050000000300000000004
000001000040005000045000003501000000000002200410
000002040000004100500000200000300000000000003000
000000000000000000000100000000000200400050010000
000010000011100000500000000122050100000001000002
000000052000001000000005000130000000200003005040
100400300002000002000003005000050000400000000500
000100000000000302000000004004000000002000050010
000000001004230000000140400001000310000420042010
