36 2
000220021020000002010020000002001000
000000100011200000000000002000000000
000000010000020000000000000000000000
120000010000010000000000000000010100
002000200100002000000000000000002000
200100200000000000200002020011000100
000000000000000000000000200000200020
000000000000002000000001000001100000
000000200000200000000000000000000000
020200000000000020000200100102000010
010000000000000000100000200000100000
002200000000001000100000000010021000
000002002000000000001000202002000000
000000000000000000000102010000000010
000001000000000202001000000101000000
000000200002000000000000000010000010
000000001010002200000000001100000002
000212000000000001000000012010001000
000000010001000000000200000000000002
000000110000220200022000101020020000
200002000200000000100000000000010000
000000100002000010001020020000100000
000010000010000000000002102000100000
000000100000020002200000000020000000
000000000000010210000001000000000000
000000000000000000200001200000201000
000010000000000000200000001000001020
000012010000000000000000000000000000
000200002000000012200000000000200000
020121022010000000000000000000100000
200010000002000000010000000000000020
001100001000000000001000000000000010
000100010000000000001000002000002000
200000000000000000000000010020000002
000100000000020000000000000001020010
100000000201010000000000010000000102
