23 4
32012423223124032402230
43343314122040222224400
41440004230242403444142
00134110023200140412013
02001413231441041110101
30240113220401123430104
10401204321013211334113
30320200332300331130413
20404430323223241330403
43121012401303213241420
12041211240331040130002
41004201302333413210001
30320433341240340031321
13202043111030103442442
32420423202404024201144
10003414242324021030333
41022210121421142114031
33400020020202444413030
34141030212320032231422
04341130422030130000140
03404210044240433033000
40223102113433301121041
41423010132114202241344
