27 5
523500540023104021425101133
440320311255241031103435523
511000201032025104542445300
341210134531200300040502313
330500122043003000040523521
410501325005045201404220240
000220301205214214454003455
300012200003440402211504412
452024112013130004450500051
105003553334000110002550014
441150010100413010250140030
143500043210024044204045403
425513205030130430220320203
240254554010053100204303502
555041555000040300205202012
100330402303002210405024405
355014144150315542330331145
034534044000255023540403013
424105403205500030251510013
351300052335330400210025024
150004330203341020000544202
111301000325135050302501304
000550054242244551502205052
033005542402452530355032505
141021421032344345303043140
310130201240012531104210323
101041030010122221211235140
