42 4
000140000000400320104002000000130301000004
000000000034004000000304000000000004032000
000320000000000000000020000000000040203010
002010003000040030030300002200303200010003
000000010002000302401030000040000300400001
043040000300100000000000100000000010000000
000010100200400110000240000000000100040000
004000013300010000030304320000000200302030
200103003003000010000000000000020020400040
300100000004100000000300003100003100000000
000000004000420000002000004020004004000040
040003004004030000030030000401000000020000
000000200200003000004020100000101400000020
100000000003004000000000000000000401000000
000000000000000000203000410000000000000010
000000000000300020000130140022000100230000
000000200000400000000000100000020300000002
003304000200030030021020002040000020100010
100002000010013300010003000000020320203000
000000000000000000020000000002000000031000
000000300002002000000000210000303001030000
000000030002000400100000020002033000000000
000102020000000040000000000000000000010000
000110000001040000120000002020200004200000
400101000220000400010000102000000000000000
000040200000230004000000010100000200003230
000040003400204000000000000000000000000000
401003000120000002004042000000000000003030
304000000110004000020000004000000004000000
010000000000000004440000040113000000000200
020000000130010002040002010000000000000000
044000000200440000003000003400000000000010
000000004420100010011000030000000000300004
000004000000000000000000000000002130004030
003014400000032000000000102401030200201400
000014000400000200004034140010030243040400
000200221040010300000000403001000000300010
000000300020040000000000001000000000200001
000034000000100001010020040102000030400040
000012300000000300000030010300003000200301
003000000424000000104000000002000400000200
034002000200010040003030000000001000000200
