22 2
1000221000021020000220
0020000122000110010001
0022220222120002010020
2000100010220101201200
1112020020220200000000
0121010201100002001002
1102000001010220000000
0002000201210000010020
0002200000111001100020
0001011200000012010121
0020101010201210202021
2001000102022201020202
0200001000102022000100
0001100020000101001102
0000200010010000000021
0020021012100002110100
1000002100110102220001
0100100000012021220212
1200220000002000000202
0200200010000010102021
2111011200001020001102
2100101010210010000002
