33 4
030300000401200000000100232000100
000001204210134002403000000300003
302340444300040000033131002000002
310032404322020000001000000000000
021030310223100400000000300001400
400004003103000200001043404010100
013200041000000430000000002341001
002000000002001401400300304000100
400000104000340004002000010404030
000004020000300003010000000010322
000000340101001003112000000401430
110020042003000000000102200300001
224210022000000000041100020004020
000200000000220020000102030143000
003200400033202310324200003400040
004030000021020002003000200040010
000001000000300123000220002200423
300043020242300040110304302100000
000300004223421000020200003004043
000001040300000340003000000001030
400300111044010103000001000000213
441300400430120010001000300330100
104010040200400000000000000402213
030013002001100202000441042004204
004420400010340400000000000011000
000210013002003000000303000003200
040030040000401400003030042040331
004434001410000400004312200004020
300030010100000000000040400040000
010401402030000041030000320204000
000000000220022010000100002122000
101032000000000030013300020000002
024201001041000102000030000043310
