36 3
000300000000230300003201200021000000
001001200000002100200010000230030000
000000000000000001000000000003000300
003000000120000033001001002000023003
200200030003000000000010000300003000
020100000030003200001300301000002030
003000000001001010003003000023000103
000010000000010233000000000000110013
000000000000000010001020003000000330
203002000030000012310300000210000100
000000000000000010003300010020200300
000120002003101000010003000000030010
000000200300000101000030100022100000
000011002000001003100000000000002032
020002000000003031000002010000200120
200000002000000020002000020231000000
210000000000000100300000001000000003
000000000000000000001000001300001103
000002021000000000000102030020000303
000200000002000002000000002000000000
100000000100002200200000213000000302
003030200002003000000200003000010020
000003000010003001001300300000003230
010020000001000000000033000010000020
010000000000001000000000102020000000
200000000000101000200000000000000112
000030330002000102003210000001000013
030020000000100000000000000000000020
300000020001300002100000002000000000
000000000000030003021000010103000002
001000032020020003301000000003003200
020203100033010000000000000200301003
000000010000000000000312000002000200
010000300000000000032003203010000000
200000000000300000301100010001000202
000301000202000012010000000000000220
