25 2
0111010110000200001011001
0000200010002000010000020
0000100002102000002002001
0100000200010100000010200
1100002000020000010000021
0202200011100200120100120
0000200202000000120120200
1000200000010012011000000
0011000010001020101000000
0020020002000212000000220
0011200220020000020010200
0001012201000020000000020
0020220010101002000200112
0001010200000002000000002
0200000002000000100001000
0000102021022000010000001
0220000000000100200022000
2000000100201010010000100
0200210010000000000100120
1010110220111200021000000
0000020002101200002002000
0002000001110000202022000
1200000202010201000120101
1212000022020000102200001
0100020000101002011020002
