34 3
0000010003001003012310000030003000
0000200000000000000000200003000200
0000000002202000030000000302000003
0020000000000010000100100000300000
0000033000010000002000000210210030
0000000100010000300020010000311013
1000200230002310000002200033300023
0000000000300103300102000010002200
2100000100000300000000311103300023
0200100300000000000030000020000010
0000100021000000002000003000000000
0020000000020000033000000000002020
0020032020000010000000100000000300
0001000000000010000010000130030012
0010000003030003310000010001000000
0100330003000000002000000000000200
2200030003100000002330200300003030
0000001300000000003011002120000330
1100303203000010200000000000010300
1000000002301000000030000001000022
0000000010002300130000003000000220
0000032300100200000003101003000200
1000310000300000030000030002010301
0100203000200120000300002030000000
0000002320000000020000320130001000
0201200020003000000020010231020000
0300313000020000100000000012310000
2100002202200100000021100010200002
0003032300100100200002000200000302
0000000000221030201000101200100010
0000000010000003200000201011000001
0000001120302000000300100030000000
0200000012010002030200100023003000
0320000000001000100000000002000000
