30 5
010510230002000011301041235204
013430013003325540051010001223
030100010545420414000240002520
205302503015100523002502300351
400052420042542550234551500014
001511023001200033500051000510
300032154400033305030525031054
400000000002304144020151500002
025530030021440210304242341055
532133052303000202033001202003
010502000004200410021100501002
040250122100450400504030230020
400400150034200045021001403204
205340155515010405300050230001
450200300000500305120240335210
401400210005400030000303030455
134545400040312320032504000000
314240005010000000014030124040
040104130001053213053100024045
000500004040345400351030040001
020302003000211552025510002032
430000013055543020132052440450
302004031100341243251501120201
554402000000024124040342043022
223035040010200010033040300115
040100155104134500035200150432
033200000304004014504102012000
201050500310004320003043010000
040200340000005415025250501320
054500410000500000400030143113
