24 4
130020232421120320430032
121031110420403213140210
214004204030000243241300
100241022343230303002441
400414430414122301202002
402012401012102132422030
340234233021040110440113
404002333103140030144133
040043301100002132014043
312004112401024014324004
311143034000142113210030
214032212222420004020131
403100204412010400333332
341401130302102301332232
203130212421044133020432
300402040000004041040202
104301001244120441331240
334123440034002203044342
030034322004313114240000
204113414400132404041244
240323133003203040200402
131131014002021200010004
122413331003212010002112
233343043104033102321400
