33 5
102455201000000043150400013012000
000055320100300230024050011010314
050003002034035404034545240043042
005013000130015204000255410430000
000343040150500503440110000321113
312500014403020200050510400000252
200000033001005543053030003000101
213005240040020114203000004000401
540200010530000010422000500350011
000030010000200003020050433020411
040311005000100100005000400000300
005020043004300050020000102001010
000002100012030322130405510102031
041200523005045500050200340002052
242400005444000040002302423013320
012055540510001504020033240200010
053040004505001000122000203000500
002054020105001540050350000023000
000000001402004510003324041000440
400525500000005504001032000000304
000000050300402030312210252000044
533520000035040410504000013043245
400220435020010005504000105000030
200000033200500100110000450011005
330004350000050435000030054002003
030240003022000032050000030004100
000003050043200120010000401120554
003344100005022310203050000002100
100003250501050000000030000032001
004200505340040000042502104220000
133001004001004030025050404101000
051110053351201002330000002520100
440031140000222000050000040003400
