37 3
0003001000200300000000003030000010000
0003000330321203000000000003000000002
0120200000012110300330000002300000222
0330212010021010002000300000000200000
3000020300000020000300030200300000020
2130302000010000003000000000022012000
0000000010300100000001000002100020002
0300030102000002003010000200010200000
0013000000100000300003000000000000000
0000000200100001000000001000003000000
0000032000020000100000000000000030000
0200000010000100020010000000000003200
0002011303100000000230000000130110000
0032002002000000000000000000000000000
0302000002003000000000103010000100000
0030022001100010000002000020000000000
1300000003001030000003000000000030000
0000000000002000002130102200000000000
0002000200000000000000300010300000000
0000300300000000302300000022122110300
0000100001001030001000020000300010000
1013010000001000002000100000001000000
0010000000230000000000000203000000100
0000000003000001000000000000002000000
0010003100000003003001000000100000000
0010000200000220000020100220000030000
0003010200000002122010103000000320000
0200010000000000000000000010220002001
0000003000301000000000300000030003001
0300300100003012001000010001220000000
0023100000000000000000010203000001100
3000000000000000002000000000030000100
0000000000000000300000200000002000100
0000300000000200130000003130320302002
0000200000000200000130020010200000133
0010000000003000020100000000033001000
0020000000031000200012003330000000000
