41 4
40000302000000004300000010030002000300100
30013000403031000004342000300000000024000
33034440000001040000100300300200040001000
00010000000000000000003000140000000000033
00000000004000000020000000000200040000004
00000020000000010323000403000230000000010
04000000002220003000203030012400004000000
03402000000101000300400100240000200000000
00000420000002003000210002000001040100000
30000400000000100000000000001000000000012
20002003000000304003300000040000000000110
00000001200000200000000000010000000000020
13000000000410000000000100000000102203300
22001000000000000202000000020030000002104
00000004100000200412002000000000401033300
00300040000000000000400040101000010000000
00040030001400000000040000404400002002000
00100100430220000000000003020000200101040
00300000030004020001000004000004020300000
01100000004000001000100002400000030002020
00140003100000000000100220004040200000003
20401000012000010000000000300000010010200
12000010002000000000400100010000030000030
00202100200000100000000330002002013000000
30000000000020000214040402040010000100100
00010000030200100040130000000300100400000
00002044001203000100340000003003110230000
20340031300000000240000000000402300343000
20000041000400000040310400000000033040000
00000030000003000000000000000000004040001
00000023000000012200000001000330020000000
00000000000400003200000043001000000000011
00010000000000400020020000402202202020040
00000000000000000430000200000200010001000
00300000000300204000000233000000000000100
00004000400000400000000400004000000001000
14000004000240000023040000000000404300020
00300330020000000000040000300301000000010
04000000000100000000000040000000100000034
00201000000000102100400000000100000000000
00300100000143030200303000400210040423000
