36 3
300020200000000000000131000020000000
003000031000000003200023003000000020
201000000003200300031200000101010001
000100300003000000100000200002000000
030021000100101020001301000000000000
003003002011000000030000020000000000
000000010300020000000000100000000200
000000200000000020120000003001000020
000010000100202000000000021000002031
100000000020220000030220100001003000
000030130000000000002000003003000000
000000000000200000000020000330020300
002000000020010003000011001000000000
003000001000000200001000000330102000
200002003010300313300000021020000000
033001031000000013000003000000023300
003100000000030000000102000000010000
030100010300000300000010003000000000
100302020000300003030310030020001000
000000000000020200200000000000100000
100030000000000010000020000000303200
002000000200003000000010200000110202
000000001000000300330000000023030110
002020000000020102100033000000000000
000000100300003000020000200100000100
000003000030000000310000000000100200
010000030003010000000000001000000000
202000030020013000000001003000032000
000000000000000000300030000000202200
000210000000000200010030020000000221
000000010012000020000300000000010010
001002000011000301000303100010000000
300020200020012000000000300202310000
021000020010020100010002000002000010
030000000300000303303230201030010000
200000003220030110010022230020001000
