36 3
233000010000000000011100300200100002
003000030020000000201100113100000000
000000100100020200011000000003000000
100003000000000000010000001202030021
100000000200030000000000000000020000
000202002010130020030000000030302013
001010002000000000000303000000001100
000100000000000000000000121000300000
100033002002230002030010003023000000
200000000020201103000103003013000020
000000000002030000000000320030030000
000300020020300003001030000000330000
102000000101020000000001000300002000
000000300230010300000000010000000000
003000010010110000100000033100100200
000010300000000000000300030100000000
200300003000200000030200000003100000
000000000020000000210000030000200000
100000020000000002000003000200100200
000000201230010000000003000000001000
000000100000000020000200001020003113
000100300020000000000020001000030000
010002022202010000030000001001000000
000000001000003000300000120000200000
000100000000000100001000033002000210
000102000003230000000200000300001032
002002000000200000000010000001020203
000301000000000300130001000002000002
000000002000000001000200000100022030
001000130002030000000000203000000000
000030200003030310100000000013003001
030000000203003002001100000000020201
000300000003210000222000000000030000
200200002200030000000000000003010031
320010003002001000000000010200030123
032002000300002030000010000000030000
