23 2
20100200101000000202201
10100010021002201000001
01100001010100001102000
01010022000000002010000
00201200110002200000000
00201010200101010021020
10010100001022202100000
10210021212000000002000
00002000001002100000100
00102201122001020000110
22000020011200002200002
00010000201000000000000
02002102000012002100102
00000110102220000200000
21022022011000102102102
22102020001000002011100
00200110000200000000212
00100202201002100020000
22000102200110110000000
10020002021010002000000
10202102000121000202111
22020010201011101000100
00120200012020120000200
