24 4
323014412033103120340430
001402324000100404102433
324402220202244114100121
000010202213324010011022
302034314331214303300103
140100043013400440143331
201030002004024020230021
400022300301040420043234
200403401241230021314114
120302102404104022413324
340140201342430111413314
013022404223342304033131
032331333433344100000004
042003220212040204020020
104401122030004203330442
223004231441412340010200
100001112134040322322032
410001444124020314101034
202442124210102310311301
333124300440401202302444
120043244103110020242104
203004101320213400324012
004314201103000240133103
232101331110031133300424
