25 3
1030020022232322001301103
0000002033010020000313200
0010000000010030300000211
0021110000000001011211030
0120300013312003000031013
0300000120012010020002332
2012031002020000010001300
0322022201310001011001101
0002323302020020120100030
1001030013020000030030110
0020100320000033232000101
3300020100330032003020032
0222300013220313000101020
0300030230011010130030300
3300300012000301330212211
0000201000023112002300103
0000313310321001021322313
1001102200030020010011030
0300000320020120030102230
2003003203100102302302120
1302230221300230020201000
3000110303103020200321003
2330200001310120012000001
0200020000101003300102100
0210000220203330002320000
