31 5
0400003000001050440030232004004
5300013010020031000540400540021
4244030000303005104251502502120
1125210000013332243403212002005
3052005000004120032000010253041
0501410533012001040030345003034
0000411000240205310030000502001
0040215005401413204145340012000
0011025451201010035000550002031
0000300400403000510140000053303
1300500000332023400010040343550
1024343040500102410002052320203
0245021534034323103512304500003
1401224000000005200020000000340
0000551200010011304045002400103
0432200000003304344312500010020
2252014042130100545100110500010
1450004100055424504002030140304
0032020440220115200005300021442
0341205220130400015200550443200
0020200020003350312205044130002
0003023310000022055200030150444
4002403000501004413015010000222
3001000534001401025050500041320
1505504051503030050230303020005
2051023050451400505100502000004
0001000050010000355000502000005
3040030051403031400001020553500
0002000343001000003200200010400
0401250041200504150350040500105
0003300540400355000005502141432
