33 4
421021030400020040021101000040130
000300000000003000400303041100001
001014000043443103420030301010040
000341004400000400000100010000000
000003100010004310200040010002004
240000040400000000022000000201023
010410300430002002000000002202034
331010003023024022020002000400000
434142000001422102000000000000001
442040303200410320000030000000013
100030000202043020203020000300010
400030020000044030042000043100001
104200001000300040000000340100403
300013000401000001001040010403003
301402310201400010301400303023000
003002000140210004300410000341020
000001000000020201341000000000100
000300010100000000200100014140040
320000103000000022000323200100004
000300000400043001004012000033000
100000002100000100402000404001300
100000023030010330004004400401010
200014400000000400402404100344000
300004230001100011400010000200020
330023003420002000100300000011020
400200001001243000000030000100300
020140020020000000000000201000400
002040010000031002300130020030000
200040320400000001040020023002300
000024304010000300000002102030023
040200000040002032020204230020420
020200003323002000000204400000101
043100203300002002334100203431000
