23 4
14430312222330110201302
42210212213100342221134
02000020202124121444410
10442200200231334113033
40311300404232443411143
21101044003432424340231
32414120033041433022144
43041023012220304440430
23241320112033022411004
04240031031210102213340
11430133440030124000100
41203304322001113344043
22341033204410231204302
14020240022133333300114
24342324130111132234342
04004313000102142044121
40432043404204210101434
40031134221300201330430
42143323221321033223140
04221200340101240321040
04332411042340310032041
14010110034002342302340
21312100041113031322244
