39 4
020000000340201020000304040020000000000
010020000400010204000402000000020000104
030010040222000000001400000240302100030
010010000003004001030300010000304400000
300420000100000003100300000002000403000
310000000000340300020400000001003000204
000204000022003010000130200204000000000
403000220000000010004020040010040010402
000004002403000032004402040000020300000
400000001000000400300003104000200100020
000100000001000000000002000104003020000
203000000000000000200001000030003304000
010200001000000034000020000000000301000
000300300000010010040000001021320010200
000204000001000003200003000010000000000
034000040000400000020000030100041004030
000300000001000010000100140001142004202
000000002004003000000200000000000003020
000044000040400011020000000030000003000
410000001200300300004000000000000020200
020002010032004000003000402032040023000
400000000400104000000302304043020000000
000100000300000000300000100000003104000
302000000440002000010000000004000010020
030043004000000004001000002024204330100
000200000300000000100000040000002001000
000000110002010300000000403000440200040
000000040204010040040003000000400020010
320304000320000200004002212300101000000
000000403000020200000200000014001000000
000030001003000020310430000311100000102
000100000000030100302020000000000400000
004010000140010003000000120421000000000
013023100000000000001004020203000001010
000303020001000040230000402020010000003
000000040001130303000000000000040300100
000000300300300000031000000000000000100
000033303040000002100000423010000001000
200100000000200000044001000400003004000
