29 2
20000002001010000000002202000
00000012200000020102000001000
00000000001000000000002000000
10000001100000000110220020000
00202000020020002000010001001
00002000200220000201000000010
00000000100200200000021200201
21000002200000000000022021021
11022000200010000100011200000
00000000001200022000000002000
01000110000000002000000001000
00000001000000000000102020010
00002100100000200102000000000
10010000000020002000010000010
00000010100120000020002001001
00000010000200120201200010100
00010000010210000000001000022
00200000010000212020110101200
20001000110102000000000000000
01000000001002011000000000000
00000002000000002000000000100
10022000000010210000020000000
00000000010000021202000000000
00002000000100000200100000001
00000000020000000000001012212
00200000010100100020000000000
21102002100200210120000200000
02200001101020000010000100201
00000021000020001000120000000
