25 5
3454525100324421400141100
2320330045001152145521550
4303552031204350030022410
0543230452545222453020403
2120423334114122013125010
2445402030030225530232152
2113523101104051552134044
2053433054334500115144350
3454053113012023521321144
5113003502230452450034515
0254202534105405310103034
0211531341211155350525454
2213254021550045422130251
4041024012540005250353203
0253022524011053115454022
2502443531240305104303440
3332230410020315430125402
2255535314233223340020142
5050434144334544051153031
3255233453451441225043144
1444445503121502200144153
3011101300454425444130050
2323532220210131211313150
4310415541505023010311131
1423004353204121003552200
