42 5
000000003000305002104000013000000000000005
051012041020020010200000004000100001511000
050350000000000500205000003020000000000300
300000050000200005000000050000000000000000
100000000140200500040001204500000000000001
000005020000500200040000000403002000050030
030403200300010000000004003100000005102103
000350000000004050100002200040045030005000
000300000000500400050050000510400005400400
033030020000005505000000304050000500010021
010500230102151500020500050005002400004000
000003002004404300000400010020000100200000
050302000112000022200002000000002400000030
530005103030400000000041100000010500004010
000002300230400000201040300050405401000000
000004033000000020000005000020000000500550
000000000022340001000050000300000410000000
000043000030000000105401000202003040301050
020004100030300000000401000000032020000000
350100000000500000000003004020000204300040
000002010050000040000015000000400020050020
000050030500042000200521000300000004004003
040404005041000040000003001000401050000130
050100100305221033331000000300002000000002
040000004000000345031335000000000000205003
040000500001020050350000000340000000450000
010203002200000040000000002400000000005420
300020000020400003030400030000500550020000
000002044003000134030000021004045100034100
000122300040000300100023000300013010040021
000000005325001003202000013000301001100122
002001000205000051200000000102000124000103
005000420002020000000000005000000020023000
230250040030000002000000000010005000005001
000550002400001003000004000200230000020010
000544000000003005004040000203000044003000
030102110000310004000440000300000000001000
001000000000000000000000053403010004020005
004100000030000051000500450440005004004000
000400020005000100100000300120010000000000
104000010000000000050000000005500300000000
000510000000000300004001004005000005000004
