31 3
0000000102003203100100002200020
1032100000000303102010000110000
0000020030000003000000000000020
1030300202000032001211000020230
0002100000100200002020203300000
0000020000000030300030100010021
0000000001000020321200003100320
0022000323003000303000000100003
3001000023100000003300330330013
0203030000001102000100200000021
3013010010000100001001100000230
0230110330103002000000000003002
1200100002000002203030121100020
0021100320000200030200002000200
0100000300000000002003000010100
0003130000200000100000000002001
0001200113000000011202010001020
0012002300120000001000001201200
0002000120000120010001200003002
0300003000032201003200330000021
2100223000020000020000030000203
0110000100100000000033000020003
0030023000301000000000032000020
0031000320333010003000100000023
2000000000120010011203030030010
3000000000000000030000001000010
0300000102220030010200200300000
0030230000000303000000000001023
0000002010000020020021020302000
0100100010000003001000100010030
0002030030030000301030001013000
