37 5
1001350005005000000030000100000500502
0400030004120333004001040505002000000
0001040040400000002100004000402200003
0002200000001005245000304102005001403
0040005014123404053000544300014430035
1002500504002200500040001034000020000
2030010300000200405000000100000235000
0000000000400000331000000020100050000
0104000030000004001230050030100524010
0202100000130000500020020430500305001
0000400000400020105000000400003200005
0200001002541305000100400501310001000
0020001004000000352313200404040250000
0000541400003530401003000130003430042
3500000000300000510000210500500403402
3000030040005005120102100000003100052
0000100431400000030000000010400010050
0050033002100000001300205004044051230
2103200002503013000002050000040030000
0424551003400432000020000000040020215
4003000005055300010030000140000550044
5023000500000500000300000003003000000
1000004020040405000000001240300404022
5004023000001500000000400000341500000
0003252120010003003550130000000030350
0040005505000500000000120025041050000
1001015021000303050100000150040020002
0500500002000030104022001050514000002
2000005000000000413000000205200440250
2210014000010350025000000000052000500
0034400000203203000202051050000305000
0011304003000000400050004010112025303
0005100002000000030040334420040000000
0030020010005104000001145003041500132
0000000000100040004102200000000024043
5000000203500040120010103000001205000
4225030500004210010403322000330200302
