28 5
0040035100500450203045350051
2243402511500155253204023122
2114540551533054000003502100
1032524004403104230500005240
4204330351103552503100513204
3123103152522501433000223511
0105000403200413350400210020
2102404503133150400310022234
5051000225025553445221411045
0310543030004435022042014001
0130050200052320105422425304
0000500021120422340340020020
5410201522202201445440030110
1500540230550301100510050100
4401320320303022040025050004
1010331035003052053212330030
0510010331255010540002200121
3110204101450002032041154005
5543152434405540040034034005
3305131530400015401200501045
2004212131054044350050050053
0030000200030144404110050014
0020200424500004402450142041
2333021103330414050050503423
1033540401012434015005030300
3301010044403400301300104530
1401320020001001000150323225
5244025304220312003013200544
