30 2
010000110000000000100020000000
000010000002000200001000002000
000110000000000000000021000000
100000200100100000000200011020
020100000000020200000001000000
000100000211000022000000000000
200200010000021000000000000200
000000000000000010200020000000
000000000000020000000100000000
020201000200200000000000200010
000200000000000000000000200001
000000000002001000000000100201
000000000120000000020001000000
002000101002200000002000000000
000000000000000200122000000121
020002200000010002010010000000
002000000011021100100200000200
002100000010000000010010010000
002010000000202100000100001000
200000001000002000020010010012
010000102000002210201020100200
001000110012202000101222100000
010000022101020000000001002000
212000000000010001200020000200
000000001012020200000011100000
100000000000000010000000200000
000120100200002002010020100000
001000002000002012000102120200
100001002000102002000020002000
000021000100200001010100000120
