35 3
00000000020300200002020030000003300
10000000103000000000000000000120000
21000200000020000302000000130030010
00001000000001300031300002200000203
00020000001000000200000020030030000
00303023001300100000000000002200001
00100002203000000010000020300030000
00310010010200000003020000033230002
00231000000000033000000020000211210
02000100222100130000000001020001000
10012000000003020000001030300000001
00000001010000032002320101000000020
00000000000100030200030000000300000
00302000000300000100200000000000000
02020000030013002000030030030020123
00330021000000000000110001000030002
01001000003000301200123000020000000
20030032000000133000100001000321002
01030301000000000000010300210000220
32123002000020000000010000002301100
00000332000301000222010000000020200
00200000000300001000000002000000002
00001000000300000010203000030000100
00020000000000200000000200020020000
31010000320002010000000300002100000
30000000030030200000000000000000030
10000100012000000231100000310102030
00313000000000100000000000000000000
02103000030010000003000000013000000
30000200000020003003000031100100000
00001000000002000012110000000200030
00030030003100000001000020000003003
00011200000200300000200001000000000
00010000002010200030000011000030010
00000000100000001000003002000000000
