32 4
00002031440030302433000000003004
04030040400000400411000204223301
00441000003200200200004004010200
20004403410002001000040040003000
00000000010010040000302001000020
21004120010000000200100003010003
04040400000003000000000000012400
34002001200000101013230004000000
03100100040040300021200000042040
33003002000000110203003000440022
00040020000000320324002000233001
20030140140100342033030043203000
13400000103000400010230000030030
20002000013422003000020000010100
10220030200001000020004000202430
02100010012440310000111302400000
03400002001004020001040300040310
00304040303000440000100040000400
34443300000200301300000100104302
22010100000330003401000004200100
11332432011300043004200000030002
30040000204331000400300322303043
21000004000032000100132021020001
10000100023423300402000010122000
03140020032000100000000000140010
41102021040040000000020220000400
20020000100002000042200040001000
03400000100040131100040000110221
01001402004241003003042100000420
00310003034202000010020042000303
00401002234030431100030000013000
43000014012002040300001001040404
