25 5
2230023300224202223003130
0025010442421321003100045
1310133525504235232430111
1243515503205035421255554
4301521414430232114100325
5553142144010551251033505
3241520405420500112430525
0053011352445425003344401
0032253555050015414133053
5020424425130555140253232
0013555342503255354204042
1100412321331413413300331
1240543120101001124415530
1103200003015245303243205
5235433111122525410552035
3110151203243015454440021
5325214232353022444043331
3445552151434434122243250
3030544131411030410401404
0004510225330042001100315
2502410401423253540555140
2330551043352404325014030
0314213532235445201551112
3112053041122440331434421
2300452414024221444052200
