32 4
03100200004020130000430000110020
42000030000004020000304010010043
02000400000002003001000014300000
04010040100200020011004232000300
04000233023200000412040420142041
30400040040003323100400313410000
10000001400000300000300023000200
04000000310020220400000012000010
01000402200030231010000003204330
02010000004000440400004004033030
00300003420123000040043020013401
03304003241130043000400010001032
10002403101241021003200000214000
01020400044200213030040001200140
20000044010002000000432010001104
00042400404000002000030000010003
00014404003130000030041100013002
20020400000000042012000002400030
40004012000004300020210000000010
14000000020014320040020004422402
01100000100301200000000000000103
00030030020040012204400002300003
24000004000430130300422022003010
14303000030030100010004010013000
02400001202330000100000040321300
10143402300020032200001110300100
00000200200001340002003002040020
30020004030010200003100110410100
13124000000120423030103000030003
00000000340004000100320330220001
02240300002004003030300013000040
01200400400010400000000023010012
