34 4
0304020204110410200212210000203210
4002000110310400003004100003030000
0400020102000133201100400330000000
0010031030401310000310302040300001
0000002023000002402200014020120000
0002001001200404304200001030000030
0001403002002320400100010100030043
0020002000003000000024000000000102
0010040003040001000000004103400000
0300000002304003032000300001004200
0204010400020003100003100300010004
0420043410000000011000000003033202
0000030004044040001010000030000023
1000002201002000100000002100030003
0014000400100034000003000020020000
0030024033200300004300010402020003
0101030100010003200042000230000100
0200002044040200101004433003000000
0002000011030402030000001000411010
0002000001040200000222022030404303
0304323003000004000130000004020041
0232012020000410000023014300000003
3003400000004230104040140000000013
3001400300001404343000000000040000
0010102000000003340104004010300000
3300230040000000004012401000020033
4000400001033000000000030000020000
0002100000412400043043004000002001
0004000200041004200010000403040220
0020110020414000022400000001000000
0000002004040340000002000002000100
0014000000000103024000010000000013
4414020000004000003000200130003000
0000002102002042010010002040000200
