34 5
4000400503250430123000103051315320
4400200001000204410322010000515100
0303235040404010200230305504000400
0010000002000000010544104005045100
3023002020050002002050043140400050
0500202040000300040000040020410025
0202101001500544304000030200034340
2340303002300100400240000521205000
0021200200000040500500002200100020
0200205020202000300000504023050500
0051300025011001000014000400110004
5205000000004015000045002300000105
4004001000030045000000002000000340
0200025400150001450134353500040302
0140002004201500103004030000000000
3211205033001054000400500000000032
0142505030000130040005100400114300
0000000000031243100001350143000202
0000020501000422000000111005322002
2000002045023023042044034003500034
0001020145300250300500050040005000
0200100025020304001004000520000021
4040300010440530002003041200503010
0400035102100050143001440001150042
4013000004022000005400012020500300
3500003005015000300050000000550540
1305000011000004101030151530000055
3020010050000500500001000350034010
5200040400000000205023001040000433
0300030201103002020020203001000511
5005033010004200000000535033520213
0030500423003103451050000501020300
0030340445030504114310002050001055
0400005220130103001304240430030000
