46 5
1002100000000103005000000002000023000000000000
3200000000000000300000100004002044400002000003
0030000000043005000000030050001000000000000500
0000200000010000500000002003000001000000100001
0403000050000053040020540003010004020022013000
0000000005005300000000400000015000100000032000
0000004442001052220100000050000200002004504403
0040000100040003000000000020003000000011200000
1040300505000000001000000000000500000003000310
0020000300000020100050030000003030000200050030
3102430001200000000003305000000000010010000000
0004005500000000300000000002000040000000000000
0040000000000200002000002040000002000000000000
0000003021000300100540200000000000000000400000
0000004000010000000200000000020003050000030030
0003040000000012000040002003000003050400000004
2500003000000050000100103240051000000004500000
0000000000000400110001440000204000000200000001
0110000000044000000120020300000200000520000035
0000000000005200130050000300001000000510405400
0100000001300000000000000000000050050050000005
0040004000000000400004000000120000000010220000
0000000000000000000000000100052004120040000104
0000000000005034050000032002005500205000000330
0000000040000020000400030201314002005020000050
0005003010000000320004020000003000030100400000
0010000022400405032000500040000000400000000002
3000000503100001051050005000000120000025000000
0000000004001000030000000000204000000000000200
0000000000000000100004000000002000000055400113
0504051004040000400002004000303000000520100000
4500030232000000003000000001000000000050000000
1010000000300003001004000053050020050040020000
0000000000002100000000000013000050000230040150
0050001000005005000050020000000200004300030000
0000000203000104000000500000000030010000000010
3302000003000040200005030001200014404440005005
0000000035010000003000000230102035000000030001
0000030002000050000000000000000003000004200000
0500000043000001000000003104255440001004500000
0000000000000000504000200020000002000300004000
0100050004000000000000200400001142300000000502
0400000500000000000000350502530014340002045300
0002001000000530030000000100000040000501001005
1101020030000010500005405500000300500010000500
0240000010501003000004100043400000000000020000
