40 3
0000300011000000000000200302300001010000
2002000230000000000101000000020000000000
0020000000000011300200100000030001002003
2002200000300000000000000300000000010010
1000100002300000000000000000000000000000
2300210010010000310000300000002001000000
1000300200030000010000000000000000200030
0300300202000003000000000030000000310001
1030020020002300000000100300000000000000
0000300000000000000000001000000000000000
0002000000002000103020000000000010200000
2000303301000000000000000000000000000000
0000200000000003000000202000000210002000
0010000000000000030001200003020000032000
3000000022000100000000000300100010000000
0300011300032000000030000000030000200000
0000001010000000000000000002000010000302
0300003030000231030220000000000000000000
0000000030000030000002000013000002100201
1100010000000000003000303000000002003010
0100300000200000000030000000002000000003
0000000000000000110200100000032000000000
0000000000000001130000000100201222003000
0100200010000000000000000000000030000000
1000202020000100010000000000022003000000
0300300000000003000001002000000000003100
0000100300000000011000230300301030023000
1200003003000000203000000000000000000000
2000100010000301200010002000000200300011
0000200000000000000201100000020000300000
0200100100000030000000000200000000103020
1000000000000200030000000001200010000000
3000000001000000000002000000010000000000
0000020000000003000000100100300003000001
0000000300100000000000000000200000000300
0300000030000030002003221010213000000200
0000000300100200000000000000020000000300
0000002000000030000010033200000000100200
0030002020001200000002200000000000030010
0131000001000000000200030020001000000000
