28 3
0032003000213021000200200123
0012100021000002000212003000
3000203203101030000010002100
2110110330003220000001200302
0231303200202010210210310100
3230100000000030003222000200
0010121100010000300201313300
0001103010103020330030200303
0201112010310000000000030000
3003130103000000001233000210
0220000200000030300002000200
1032030000210120000002010003
1020301201001002010033300000
2000001303201220023002300330
0200000021010000000100003102
1210010030000102300300001012
1001000102131100023302030002
0200230000232021220301102300
0030000320000002100230003000
0013000202001021330030000000
0000000300100000203112000003
0300032011100001030200000000
0000000200003001020021032100
3000300003110000000000000120
0201300000001002010000000003
0000020002100030300100030001
0000010300101000002202320300
2000000002323303100000300003
