38 2
00000000011000000000200000200000010000
00000100100000000011000200110220000000
00100000000000002000000000000000020020
00000001000010002000000000002000000001
00001000000000000001000000001000000000
00000210000000002000000200000000001000
10000200000000001000000000000000000000
00000100020020000000000000000000010000
00000000200000000000000000002000000010
20000000000000020000000000100000000020
01100200100000020010200000000000200020
02200020000000000001000020000000000100
01000001000200010000001000200000020000
00000000000000000010000120000000000000
02010000000000000000000000000000000000
00000000220000000000000010101000001002
00000000200010000000201210000000000200
01000000000000000000000100010000000000
00000000000000000000000000000000000000
00000000000000000000000202020000001000
00000000000002000000000010000010000000
00020000021000100000000000000000002100
00020020100020002000010000000000002020
00001000200202000000020000010000200000
00000000000000020000000000000000020000
00010001000020001000220200000000002002
00000200000000000000100120010000000000
00002100010001000000000000001000000000
01000000020000002110010002000000000000
02000000000021000000010200000220000000
20000000010000000000000000000000001010
00000020010000010000000000000200000000
01010000000000000000000010000000000000
22100002020000000000100010110010020000
01000011000000200001020000020000000002
00100000000001000000200011000200200220
02000010000100000000000000000002000002
00000000000000000002000010000000000011
