23 3
13203000103010122200213
02100020023000020203300
03020020033331023123211
31032033000000313023321
00330103013010200033002
20001322120112002011310
00303000000121023202022
30302301333000303130021
00030121133120031023012
03113000012120011010313
11121320012023231000201
00320000000000003020003
02310200203100012130321
30020011021101322130002
03000301122000022200313
11020011212211012130210
03112000330020310102010
32320320010330010221321
21000203211100010023020
30123020030220001103000
20033013300332010001210
21230230200000223033000
30100120013020110032203
