35 4
00000000200010000040010100400030000
00100140001300200000240024004340001
00000321020000000402240001000410000
04004203000000000002000000000001000
10010224104010010000004332021322023
03300000000000030003101100010000000
40000000020040002000000000000034020
00010003040000040000020030200003003
01030000430013002000201000040004000
00000023030000030320000400300400000
00400400300000100004002300102300320
30000440000000000000000103300040300
10000303100000404000001002000004300
00000000010000000403100014000400001
33400000000001000121220000013104200
40030000000000333100300304000400000
11000000000200130302000014004020102
00000000043241010000300040240304000
04030100001302000040000000030000000
04002303000400242400400000200230001
02000000220020000103000024010004000
40000200000000300003224204020403040
01010003030001040200420000303000104
00040300302000300010000000043100012
30141001003100200010010010200000440
33001104000030010230230000001010002
00130001100020400000023100401143104
01000200001021000202000020200003130
00100040400223040000100404212020100
03430000004003034000110040004000020
01003000000000000100000040000000000
40000004020022030000020300420002401
00203034103213000002002001000021002
00210030000020004003014430000000020
03000000000012042033224004040042102
