38 5
24450000010200004204033405503300040300
00002010000001025004200100102000013000
05000200000024004000005100005013300014
00525000500250000000020000002410000000
04023000303040005000000000004210001000
03250400005000000353500001053000550005
03020000002002000000000002001000000000
14030030120200005053045300001000004022
15000030130000050305021501400105050410
00000001050000013000000020002000031003
30000200440050500040020032100022405000
03250000301010000005000101000014040010
00001300000000004020445040205021354000
00010002000214030000010150150200000004
00000500010030010310050002221303000000
00400000400303000002000402022000005055
00030001045003310000050000000120204030
05000000000000520004000100030140004200
21052005000300200005020000200003003005
45050040041100000000005000300010000004
01430345020100004004050200002000300005
50000300000045041000402001300430500000
02500000005040203012040000045040510004
13030000000400003002045005000003000055
05040000010110030200200400000512200300
54500002000050000000020340350400000004
42000230000000402010300010003000014450
50000000000030150000004500404002045301
00400003001000001430204520000303000020
00100000000043000042000000300000430045
40050210110400500000000025300000114200
00040000303050100015334300000000020321
00000513100100001451102010102040440100
50000003002333000001100404030400001005
40000000200000300510200051300400204002
00400000002000002050034000000002012200
00300000000000350000013305000010332000
01100202004150000002053035200420003000
