34 4
0010030004002004200001023000100044
0021041120000001430200000000101000
0400002020010002010020000000040010
0040000000021000400203401000000200
4020000020000002000440400004103200
0300400040000440000040020130010100
0200320403043402012010443000100320
3000203100032200140000003020022102
0004004010004000000030000100400032
0001204003000100000010000000210100
0022020440003000021302440200030024
3200011000300010311002000003000003
0100400003300040400034004000000400
0012001000101124300003320342040100
1000304034000000000300002013000001
1002000000300000320110023000031003
4001010430000003402010104300101202
0040000000000000044000000400302200
0000003412003003303000000200220010
4300000300330010003002004000232033
0002033022024000000000100020303040
0020100010000000044000000400300020
0200100020000000003000000033000423
4000430000121000104040104012400010
1043010120321000023400000000400022
2000400004000002012300034444300200
3000100000104004000133102100030300
0000014403000040040001002000304000
0004000000410302010000000000200300
0000001001141030033010130040010200
0000104004400003030300000300041120
0002042000004002002000000400040000
0000030120000003000020000002000000
0303011032301004000000030100001222
