37 4
1000010330000300000002000010000000000
0210003000000202030014313102003000000
0000001340000001000200040430001200044
2100303100000010031030000400000403010
0022003210021000000200100230003000000
4000000030000040000204120020300000300
0002301000000200002020401200000000020
0000100004043004010000001042000003000
0100000400000200200000000000030002030
0300313000000001001040031300000300100
0000400003003000100000000000000040202
0140120300000203030002100003004020000
0001420000100000010000033300002000004
0000000000000004400230310410123100000
4100003003410210000002020300000302000
0002300000032404000020000040000002000
4400000202001003001000002430040000000
0200044000002200000000000032304040040
2400101204000301230000041003300000000
0040304000002200000000204000000000400
0002400000013000000040004000000100001
2203001100000010000000002400000000000
0000000001000000103400200330403001000
0000000003004000040000430000340120000
0003030004000324400100002004000200000
0403000010010200033040203001000010000
0000200400004000022401000010040221000
4200003040024030000443003242000003000
0300400010100032000000000001022123001
1000040330001003003240000000300000200
0004240013200020000000004000200001000
0004004440010130101000100001100413000
4002003004000000000413000101204100011
0400200000000010024000000030030020012
0400000000000140000400002003400002004
0004200000403000102000000004000000200
4100330002110000000000100000000000013
