33 3
010000000300000303000000002001000
000300130022033010000000010000000
002100000210010033000021000300030
103020230000000031102001000000023
300000000020300000300030000000100
020000000000020002003000100000122
300003301200020010020103002033003
121000102000002002103000000001000
002200203100000003000000020000101
000000000000000300010003200000000
000000000030300000210030003000000
000300031003023000020200000000000
003003300020230200130000000230000
033000300003000002003322010010000
030323030210220000300202203100000
000300200000200000030020000201200
000000300001102000020102000010020
000000001010000001013100310010000
101300002030030000000000000001020
000003020003002100000002003002231
000102000000101000000101230100100
002000003000000031020000002002000
000031000001000212210001010010003
001000100000020101100000033003000
020020100000200000000001000211030
300100202200003000300003001000011
030000000000100300000010200300003
003012010000000200000020000100110
000300001300000020003020000000000
300100220000001000020000002001200
000002001100000003002000020031003
013013022010200000100300000020001
200030010000000000000030000002000
