33 2
000000002000000000010000101201202
120200200000000000120010000000200
000000000000000000100220010020000
000001100210000000000220002200002
010000002000002000000012000020000
000220000000000000002020020000100
001000000010000201010000001000000
000000001002010000100000000002000
000000000001000000000000000020201
200000000000000000000000000021000
000100100000000000000000000000000
000000200020200120000000000102000
100002200100000000000000000200000
200000000010000001000210000220000
002002001000200002000000001000000
001000020220000000010200000010000
000020000000000000000000000212000
002000000000200200000020000000000
000000201000000000000010000000002
000000000020010001100000020100000
000100000200000000000022200002110
002000021210000011000000200001000
200100000000000100002000020000100
000200000000020000001001000000200
000000020210000000010100002200010
122000000020000001000222101000000
100000000010010000000000000011001
021000000112201000000000000100000
000000000000000002200000000021000
001000000000100000100021010100020
012001000000000001000000011000011
000000000000000000120000000000000
000000110000000000010000100000110
