43 4
3030000000000000000300000000003400020000000
0000000000140000000000002000000000004000300
0000002000002000000001000040030001030000000
0000000200000000000000000000000000000000303
0200000002140004000000001103000020020020012
0000000010000040000002003000420030000020000
0010004000200400030000004000201030000000000
0010000000004100102240130033000000000101000
2001000000040300000010040000000030002230000
0000001400001010003000000030000000000001012
0000000000300000000040400320000000030000000
4300004000300000000000000040001200002000000
0433000003000000100400040002300000000000003
0202004002000000000402000000320000000000100
0110000000314400000000000030000010041003040
0000300300000040000000002202000003000000330
0001000000000400402010020000100400010030003
0000000000000000000000000044040000000034040
0100000000100130000400000013000000301200000
0000013000002203000002000001000000003002020
0000000000000000004000000031000000000003010
0000000001401000400400200030000030340000020
2040000000000300000012000100000000004002000
0030003000002000002000000001100014020000400
0000440030000040001000100000024030000000000
4014000000000003004000000440000000040000013
0004000000030000201000000300000002010031210
4000020100000000000000000000041004003400040
0003000000000000300000020000003200024100000
0320000000000203010401204000100000001000401
0000000001030000021400000001000040040000000
0001000000023010000000010200000000000200003
0040030000002240300200000300400000000200000
0004200000000400100002003212012000020000001
0300000000040300002010000000000003000001001
0400000002102140000320040010022000004001000
0003000000002000340440000030402000400300000
0002000000000200010001020000001000004001000
0000000000000002010310000040000100040000000
0000020000200201001042400000003000000000300
3100100000040331300010200000004000004020200
4300032000040000001002000043030000000000000
0200300040000310002100000000000030200004020
