45 5
004000040000100004052000000000000105013003000
202000000000000050000000120300240000410040010
030000200300000000000004100200041010054000003
002000001000100000300000000000300000000000100
000010102004304000000000000000500000000003255
400300000204334512000015050035014000300010000
400000500535000000050000000000205000500020400
000000030030050200000400040100230500000401000
102000010004052200000000000000000350050000000
000450000000040300000000000030000000001000000
305000010020005020000500000000000000000414005
211030000450000500000001402000000501050000500
010100000200500203200000000405043000004000000
005300024300000000240000230002050405010000000
000503400300005000000000000000010000000220330
502000001000005252000000030100000000000000000
020003034024500010400004300504050024000030001
000000030001000050005000030300020000050100000
020000220000053000040120020000020040000005000
000100000000010000000050003000410000000001104
020000511000100004000000044031400000030000000
500100000000030000003000002250000301003000400
500000000020000000050041001003000505002050000
000000042000100500000405400040003540000210002
513504000003000403250000030000003200051100000
404000000020500000000000000000003003000000000
000000000020050000000020000304001005500010000
000000000034000004005000400000010000330304100
450200010001012000000003004300020005000000001
500050000000300002403003030000000000000000000
300042050000000010000000001000400300001030003
003000000000004000030000001001000000004500003
022300000000000000003000220004030001000300000
000003000002005224000004210000000020000000000
040000300020000000200000000000001200020000013
400000001000035030000000103400000000200004005
000000000305000000200100000414000000000400010
000000040342002000004200400000000000000100000
200400200000001000000500035000000001054000100
104301005400000000050200053000000100020000000
000002001000024010205510350000200300000050100
050000020040000000000100100025304000000000300
200531000420000050000000403000000000010000001
000005005002000004200041003040400002004200000
305010002000200020000010000014300000000500500
