28 4
0240001200002004000303010201
3022000020004033002442412032
0000000100020000400030100044
0311001210140103000104000341
1004034030300400102011044320
2400001001000004214300003430
1330423444033441304030033200
0141004002143020120042102003
2000000300044011000330201210
1101032000030300004300100000
0003230030201041003000400224
0330402030000204302131020000
2401410000421303030220000002
0033033012301214000322001000
0141201302030324001000240024
0020100103002310024331412001
2312224000030020000033201320
4022040102124210330023401100
0400200004401231041140002000
0031123140041000134003100000
1000000143201100132140402020
3001144032043340000103400232
3000040220102000440031200440
0034432113200012040002432010
0011102232000200000440400320
1240000101000401033030000300
2042413042030444000430201104
0042430004300213200004430440
