36 4
040000000000004202403230000200000330
033003000130200204004001000030000010
210000044000100000020014100000030200
034000010010000200130000000040041000
000400030000100000001020000041000002
301021040400000042000000021400020000
001140000130400100300002400010303103
000001000030404033021000004004304030
001001002000010030400000000000040400
000434000402000000040002000000400003
000300004010000003004000000004010002
421000300022021000000013000404200210
000000203103403030301000400000000000
014000000200400200000000003000000004
200000000001020000400002000020400204
202000010004240004300400024403201000
002001100000003020010232010000032002
010000400000300000000300000000430000
211004000030411020003030000400004000
000240024300001040202000000300020100
000030000000010002003001030032000011
001000000001400022010101000100102130
042000031000002304110002000020004400
004011120004000000000010401000000000
003002210000210140000320034100000000
101040000000000000020200320000040020
000002300020030000034000000030330303
020000000031230003000034200010203000
040200000100100000024100000100000010
003102000034000020000000000324000000
320010000300040300000000300200014040
004004004230001001200304020014000004
134030014300314000000400413000000120
040004230202020000000000002300002000
031004023000000030000000000001031003
104230000000003300403130022000004002
