42 5
050100510552000040000001201000500000101000
144400050003200023004000000045020000000540
003000500504000000000005500000500001000000
030003003000010400100000010000000000200334
000040202000000055004000000000002000012001
500500000000043100001013000011025410300003
000013103002040300050500002003000050000003
045200040003000000003000000000000050400000
010003200002002000000000100000040000350004
050303000000000000000000000055530101000202
200010403104040000130010010100200154013252
000400000023031402002400004001500000000000
003300000030002000000500013003510402115550
042401000000004301000042030000000035001400
004100000040300000000000504000020000000001
002300040000000000000000001000003005004000
003030005000000000150231001000202200001020
023000300000050000001003000000020020200000
300000400004030000003000015030200020014050
344030200220000000004001000040000000350000
000002405405005000050000000020040300002040
403020400500000500000103004000050000500002
310002000000200500000404302100100030023000
000504000210000420000000000140010000000200
003303002020050220340000000100013302000000
200013005000014000410000400000020400100230
005000000000054001000000040003005002200000
045000400000000200200000000000003000000001
000000230003050000010100401001200021050401
005300100040000000005013000300004000000043
200005520005001000000000000200502551000000
050353030000050050055000000050010002000205
000000000445320102504040030130010003100050
004000105240000000040000032500003000032002
000020000200000000000050005050500000010005
400500000004000040000240044000022001001000
005040000002030000000000000000300000004500
000000000040053000002400005050300044000000
000010000000000100200000400002000000000003
330400044100002030004003000000300030100400
040030000200100000010001050002000030514000
110000200000003002040051000055101000000020
