30 3
300010030031203000001000000032
200020030000000000210010000302
302020300201020000000000000001
200213030010000000020100102330
032200030000032301020300122020
030001003001010102000030000000
100000103201000010120221000202
000002000300000300121003000020
010000201000023002231101000020
300000033002100003300002123300
030000101000001000100000000110
300003300000000200130000020100
120010000030100030000300210101
020000300100003000000302022300
230010000000002002000002010020
000110000000330301200002030000
000100000000000000033003020101
220030020300020030002002001303
200110000100310300011010030000
010033000300000000000000002000
000201202200200011000003200000
000301120011002020000000300032
020000000002000303000101133100
010000103020000030010310020003
310003030031000000000100100100
020012002200000300000002000200
003321103013003000030002213300
010010031010002000302003101000
002121003220001300300001002020
022002223000000020003001000303
