39 3
010031000000320000200000001022001000100
300100000000000001000000000003000000300
011000000000010000030000200000000003001
003200202000000000020030210000010000300
000000003000000000000100020000000320010
000002020000120300100000001020100000301
000300000000010000001003030000033100020
000000002010000030000000200020030000000
000000000200000000000001010000100030033
000000031001100000003100000000000030000
200002000002003000000030200011130000020
000300000002000110000000030020010000000
000011000300200010000010000202033200000
000000000000000102000000000000000003000
000000010002001100003000002000000000200
100000001300000000000000000001300100020
022000000000000103000000003000020000000
000300030000003300000000031003300030000
000001000000001000000000302300000000000
000000020000000000000100030002030110300
020030022200000001000200000000000000000
000200320300000000000000200201000100000
200100013000000000020000000000000000000
000300300000000000003233200000100030303
000300000000000000010000000030000110300
000030020032100310020000000002030300000
001000000000300013130330000032213110000
000000201200000000000000000023200000002
202030000031000100000000000000030200010
001000200002003000000000001000000003000
000010012000000000000000000020000300000
000001100010000000030003200000000000302
000000000003000200020000000320310000220
000002000000000000000000000000000000010
020000000000000000010020021032200020010
000001000000000020000100000001000030200
000200000100200000000001003100000000203
102000000000010200000001000002000000000
200000002300020000000002100013000000000
