31 5
2530003450045223401504032142054
0013000013022210102001100403041
5005005030200411500012500531022
4000202241010051020410000001353
3204111000003000042100041440050
0000200532000133000502550003010
0040405030024303002051105202500
0055132200010435020050504010300
0420030015503020050200020050013
2000403500000304045100005440000
0004002040503044120450550500020
5100010000023050100135522302520
4400511004520500005104332340400
0000300002022100300040303020330
0300005444413200025010520401000
0143512002325000301505243210324
1310005115001530030503004551534
0000134011024405000042000003414
0205200040520000040004100003001
5103020323120000000433055023210
3344000200000051130110402100500
0400504003125300501002002005021
1020250001055004400243405050343
3244005430402012434330014502451
1430310010401543503404301204200
0012051325001010404235200004200
0330001410053010034300000000000
0550100000200403540303450200000
0025031440010150305102300003240
1230020000130030002102304243000
0500341505110542000020042050000
