30 4
003000400040030003340234000100
340030000010002223123000002203
000401040001002400030004040031
101203304111000020024010000401
014400300001000202100002124424
000043300304240030300220400411
321340040402130023021004103030
101000213400330300014140000220
200004000400400400200302003040
320000134004400102342300020300
000143044400010040000020230000
011000140000000103000030200202
222004142021002014000032040312
004002014200043000100000400002
310000002010040014202413000410
100444000021200103302012400020
003104340401134203310001021214
000033000002020043014100013114
011004004420021002000001240000
230020340000031104002200000200
010240000433240103003303040040
101020002003000200002023020000
000400000404341030021120431010
010220000310000034420404120100
110001002002403320010000430000
000003100001110000130002010000
000300102030020340102000203040
300030200000002300000330300230
000013031032201000202100334400
003400330400100040003431040030
