32 4
11401220000000000102010000430300
00140310120000204000200012300230
01020110001300430003210024203300
30100344034204000200030144000040
10000000032002301010014404000000
30432000300000000000443014041001
03002012003002010000020004000432
01000020000000440304310210040000
33000002001000210002010033001001
00001030003403000004200200000200
42242340000210002030020000033101
20000030000000010043010300232000
01220100410003000102000000000000
10003000420000040200310000403043
20010323400012000000043043000400
00000432000100010000034002004223
00240003010004000000400000000020
02400040300340243000000000010004
00040040020010200300400401300000
34101001212000203340130010000112
00000040010102100420003103003041
04110044003004000000301002000001
33400031032130000230000002020002
44404010000410001024014001300041
02000000000022404310424000034000
03020021420324303000000400020000
40300010000001300001200243040303
00314000240010210200131010002030
32004000001204204212003000100120
13000030300000102000404000021003
00240002030010040002200002040140
13000034000030000431000040220003
