31 4
0000001024230000030000321004000
0430040004040110402020203003300
4202004040002001202020011141031
4000403034002000012020410004003
0020401030020004041100000003200
0042004010000000000044002000021
1300020004003010203100004100322
1000400000100400000222303030041
3020034340101401000400320402010
0300320100222130010200001000400
3043310034021401030103400030433
0020040101133403000030001000000
3110004300210400040002000400220
2020000134000004300323010003030
0001230030000414000004410440200
0000010040200430000001002034030
0134000011000000204000134002000
0000114310000003000200042002001
4403003222000000100001401000020
3400001440020102020030000000023
0000000123020000000010000033001
3440000412030020210304010100024
2411204041000000004010144104200
0030000130302403301300322220000
0000000002000022003002213400002
1300320003300240302130302200042
3300002030000030400131000001403
4014000000402300000103010200000
0000112000010131203040001000020
4000010040400200344100300000200
0040221103300033244114041400200
