32 4
01001200020000040000000000004001
04032301401001000420020004100230
40010103020000000000000003000001
04030000000002200100030001331302
13041000003010000000001002024310
04042010000001102140120041301400
02020000000014000000004040340040
03020434000001010000000243300000
00042100304300040104001233000003
22001000010410002400021003000020
00002003024240000033001040422401
02000422000000040000003324400330
02000012421430000040004430031102
30004010040000200030333100012303
30034010000003400000004000000010
00020404034012303210032023004020
23020000100101030024330440040020
40030014000022200010000300000021
20002422402210300000440030000340
41003100000040100210000200040000
00100414033300001000000013300421
02000102031213003300000000000101
24000040000002243000000200203003
00100001000302400012000420320200
00000400000100300100040200044300
04104200001322003001200000001432
30000000204004130020000304020004
01030000000004130120030400020100
40000204303100304000004002401000
10143300300300210000300042210003
02011040111031000230000404000001
00004003000411131020303200220024
