27 4
012003002431421004320400004
410000440104042021201303024
000002431004300020002001112
011003001010102403300220133
200003110403040134004003210
120040104100012003222432001
300000000000000420020042030
404402000211130140240400030
014204020402003344031400004
120410314230310030300300004
132033230010112313000104011
012130210030420004042301403
024114112220004000022110324
004003143000101430004040300
321012044004002004020310000
200043042044400000100000020
020402010202102002344231000
013320440003030302442340340
432003310010430210000010020
242200102023213341030012110
010130004342040003013303021
033330021031113303104230300
232200034230400201314410333
110004420012420300044403033
404414213011020140320000000
040432000100121404030004020
100042000320303020020200221
