29 4
20000200240003143000100103103
30020010412233230230202003004
24031140000214044032200041002
00040003000002301044240024210
34002003000001112003140010000
20010042040142000400003040110
03243040003000020200232021100
03004401000000140300100041400
31131001000301033002410043000
02012401204003044200240012003
00010033230042223030020002300
02000300440000040000100000000
03022000000010040004324033400
40010033024003301000200342300
20004041013032000101000004200
00323040000300120102000021004
03010323043020002030001033300
00221144400244100230002400024
04040030013310200000000104100
30041000411442440040000040004
10200010300000002330144300420
00304330401011110414101040211
41340220030320000014031230040
00110042024210002304000101034
10000030400103200000032323200
00300104200300404120104120332
21020041400303100301112200021
00013010003404300003040102032
23113000040042000000202000210
