27 4
301303204010032420010013430
440031012100040240344401243
223032003300020232130121314
240042020102104302001032041
301000234030401032140304041
001231012203300004140000000
023002423401020301210000402
130230000110400402202330114
040100203000000213411023213
200001200204201323400204000
000223001002323003004001103
421300200010234400210004000
102042410400000041031043000
411010031334200312002030231
000213030000030010422340410
001034210004201100444014100
144124030400432304030400241
121313000000002301303030031
032400300303040040014003001
002000031042411300412341033
004003300014030202202030104
200022430220004012401003301
200040040000004000400420231
024202011102010244240023400
400302204000344100440024030
024423413014310000001303030
402010030012000143001011020
