30 4
003042001000334123000004020300
033020012100000200000303100310
000033110000000010000100001240
220000000032002001000040110201
002000000000000000000000203303
040400000013011000342400001002
233442003002000020020040004400
300102022001010120300120020000
312100010100003001001002242000
210002000440000340430004343024
003014340402040300030013210400
040001200202011400024004000000
240100142134440304000130040020
000000001000034000330030304002
100424030044220302300000300033
001201040220304000340244330020
100023122013302000000010200411
002100014010410340020103000000
012041404004012010442003303140
402000104100040000100200000100
243410040100300100301300400004
002004001210100000041222010021
000200020002011023203004301013
043012000300000333200240032412
304000034414001302100001010013
003021242030101040000140400034
020403000004223304104044430314
330200143000022241000000200220
003430301000010400000330010030
400404230401400130300022003230
