30 4
301400320423020002134000324040
020001020200000003012000000000
000000200100020010013030232003
000202130001400001340000201303
202204110000000110034001100000
301023220001034000044000244424
000000011000100040000100040440
040324401004001004040200131331
000000400010330000043000000203
000000010021003030401000034020
400320410301000000120003021120
400010223000230023011400002320
400020210301440041204402304400
200002140330304022201100000010
010021100044200000103400030004
400002031000132022030030010304
213400040013302430034300030330
002000020042040003040310001003
403000200002000401010004402300
400200003300000030034330100103
143200004433003440201000422400
000100240012001030010101010304
100020103003301020230434010211
000400104403004410000310420330
000042000402232403000130100010
000000210000320000143003332311
204304032001002000001000000220
220104300102000111040420000220
020030040044032414000400410022
201010042031000410020004003204
