32 4
20003302000000200000440010200004
40220024010100110000021101004031
02000110310020002320204310100033
03000000000000304000041030002000
10000002000024420020010020000000
10430430030002000001040003010041
00013041003004202000000200000400
22022100300000002200003004100003
30000114300010002103400300110100
44000000040200001040000002040300
30200024100203000022000023000300
00300340400000040302304000100000
02002300002220023001024300100220
00021200404001010000000103200100
31310041023033300303004323030000
02030000004430012110214300000403
00002133000010003004040200000400
02040004300020244020000000021000
00303200004000044302400040004003
41000040000043300244102304213210
10001002000004300314000110340344
44000041020041210100000000100320
00000014000400040040302030000000
00420001340040004331200043000003
40200003003032020040143000011210
00100430001013000101234001340000
20010030000000000104302400033010
40000110000120200032041303420204
01100000200010010000000032014044
22044210002020310142000000304040
30440010000003203000000300000000
00100101002010000004002000013032
