32 4
14000001331301000040300401200000
00004011000310140010000004210002
00004000000000030040000030002230
01303020020210003334204003033223
03030010021040004300004000000003
00010000004400014001000304010043
00120000010000000000300010041010
00041004304001304300200101000201
01300334000002114000020102400000
00032100000000104003024000000400
01220000000030323004300233430004
00004220212002000001034100404002
10000200000303102010012020000300
00040000401000020201033301030001
01413021040340421042000022002300
00000410042003300344000401240300
00020000000400000000200003000010
10000401020040110003004000140000
03030204020013400000040040032403
32010000300001000400000100000402
40002030330120000014000021201002
41101100002101043240100300040200
41200000043042103102203040024100
00000224143044201000303003004001
00003432000100000001244100320000
20100044000310000003000000030000
04040040230300410003001000340000
21004003002000004023203003300010
30200004100010000321302202400332
00000100040012002004203022401040
22024000104000000021000023000402
13000102000200320040002030220004
