28 4
4230040000341002400122144002
0000002100004310030430000040
0111000120030024401004100000
3003344032033430001101300410
1010002022023203120310041004
3200300003110030131314314000
4300422034014100040031301001
1400122403434012023010100044
3003001412002400200041000040
3102030021020001002231400024
3030000324334004422402000240
4440004244141230442003000230
0000300001310000040340003134
0302200002110022000400101201
0203304300204333202203021421
3310201042302002000102201400
0140303240240440103002400002
1100300401404312204100422100
0002010004400200300140031430
0400000000001031304030030000
0130130430013000200004021011
0002032241000103000440110030
0002400330000000200033041030
0000034044223000300210204410
4042300420004001002030100002
2103200030120120313104101422
4230202100023320020210100400
0031402330400000023020010010
