31 4
2330000301410300000002000003232
2014100020014000002014010200000
1104000313112402001004400000010
2020310002000200030100000000100
0020000000400111002002000002000
1000003043400302000002032304003
3030100100214000004010200403002
3000131031244102030400400230000
2003010012004101300002020100000
3420301004402001020001003200000
0043400000402420421022302100000
0122010024104004041030400000010
0040020001003103400030000023340
3130200320110002400440000200213
3000000322000433030230440004000
0000334403430243002013040000303
2220140000340040000010000021043
0022100000000000233310140000030
4020114040300220031000042201410
4020000010203022000404101000010
3010132000030001313000301402004
0000304024040020100000040002030
0000000001312420304040000030103
1400004032041010300000030003100
0002001103100003200030200400003
0000020230013200030004404000010
4001041042010000100040041000040
2210421000340004000004022330103
1100344303040004034440000000330
2000104200021100004340000000430
0200000040040022000023001000211
