31 4
0000030300402210404110240000311
1004410000042100140010003203440
3000001231000000331400040134020
0040302001000244020300033000030
2304020400032000003404000123400
1020310000400100343100030033210
0000000130003000020220000000202
0422004000430320000001333000210
3320242400403000012400034030401
3020000014000001041000013410043
4101202041004000000001000000040
0000130310200002000400044000000
3000040002020000010000033122403
0400110400010040101010000000030
2000200044000004022200031040103
3200103034010020000411000040030
0230413100000003002001000013200
0233100000300101104010334003020
0001420021002000000020203002000
0403204043030301000100203040014
1402002032400032241430300200003
4000020000420012000001101002141
0304004003003204034003020020043
0030200404000100402020220004033
4004120210410020000000000000300
4040001400000040200220000001000
0000300022401000000121000100004
4000040202000000231100000032022
2003300001040000313300124001033
2012000304000420004020101013030
0012044002010030001144103021013
