29 4
14320300041410000004300201400
20110220431300101000224020002
30222040001100221201000423201
43024004004030430010040410420
44204004031220000210300410100
00020442131003341301003304130
00042000400120010010320023002
24000300414032003003220400104
13041403004402000132010300020
40040120003140003010134404020
32010023230320001230403204002
00223010100041023430240042140
01200002003000000001044000043
10000442200003401030010001003
31204420033400002030101120000
01023040000000220020000000041
04120100400213000000103000004
00000030021303124000000200420
01001002004101030034310331041
02102414210043241133023004044
40030002003402000010040200423
30403020031324030001410000000
20001000030300202302033104030
00222030020003010000011200040
40300000323040000000310000410
00030241003011030000144000440
30100120003002110112000000230
30010003300000040100100000023
03402004030223430300044001041
