31 4
0044010002000003010010003200004
0004040000304010122013000100004
0213330020142000000142000000300
0000330000010030230200002001000
0104032003003220203000300003004
0400042204002103004030424300000
0200200004004003200024021113344
0012000304204003340032002400003
1120310440310042100024102130004
1000022103401033340000002300132
0000001030100204001334011420003
0110100000001232030002030001040
4040020000000001040103200421202
3004303100200400000000040001000
3130000000000201112000010400004
0420200023002304404203242000412
0344020203000404000100030001202
0000032000043201303020021400001
0140000020030024410101042030032
3210030303002000200000004001000
4000001040004022003002024401003
0024300031400040040000040210000
0040410001003004030212040320400
0400320024020000400414000110004
0043034040010301030301013000000
0000303400002001100040110001021
0210000013040011000300000003000
0420400020003400031100020323101
0024000000000020200440301200140
0021310002004300001001100310000
1000023030200031034001000420300
