27 4
000023300001002004104000030
202021021000030332234020440
331002031000201123003100400
002313402144200322103142241
210322040234201300024100303
404023431000120040130211202
001000220200004200320330401
043334302002022301203223030
034000120403010233401444030
004033430020003014040332004
033001410002000044034320040
044030321420200440300023002
232010100034340004021411010
100100201241040002302001104
114110101100041200004403021
021413120313231310400031013
003001110000004004114000320
300213023403010011320004304
030121000403004340001030410
222000043421031301122020000
313020424440432030340031404
024000020401030200103410044
040102000001200020003030000
100002040024000400000014400
203400400414203022010210301
040003002110003032234041312
424120001402014400400100130
