29 4
43313004000100002000303000020
00023220113300000400304002104
01001230000000003030400002033
00320100400000004300001430001
00003044000030100000400240300
32222221022130004030010222023
43300301010430031000030302040
30400003223104400001244022002
00011301030034124301103013100
30220201042000110021300000303
03100210011042310020200000404
21303000300023010400301004104
31000301400420024403120100200
02200331030404000400000120003
23030310001000134021243202040
20002103043242303212000400020
00000200004340041010003401130
01000010000030002400022200032
04103020304243000000010040100
10014001011000020000000104411
30340000433000444002404042101
32100001022044001000302010004
02010120010000300300343200430
40220300242022014000204104041
20000301044044142102000000003
20110304433431000240401000200
02043210400441041204111002400
10000000400100040104000020304
03300400024021420043320031001
