29 4
10004031312404013001204243401
00030004033001040030300301100
20300400030424110001022243001
00211134204200020320200300210
02221111000010010000430000444
24302130003302000000000004204
22032100034000030442011323000
43020300442032204130011002000
01131000400210041121400000300
00032030030003000040043303041
30140440043330000304000004044
00230044400222002030301004010
00210201003000010000001100000
04200101001003022043330000112
03420002412200400300102304004
00441004413002400041133230000
00040000414124224030000311011
00120300001113000000040210024
40303000003000200033300004040
13000023031120000410042000000
01200040000010003424100020304
04413400000000000104220000030
02000220004000030302100004203
00400200400000432010303240000
13333000000210012001433213200
22442112010020200312302220000
33200013402002212000003302444
44002011020002100140310000040
00040110000330200400001413104
