41 5
10040003004000100320200003051050004031200
00000003312000030200005000000024200004000
03133400000004000001000342000002004000050
00000000400000301005000002005003040040003
00000000300000000100430200000000030030105
04000000005300421201200002000005240001100
50000031040003400000041324040102501033021
30010000000000104200000030003000000130020
00004504200003230111000004100050110000000
00400000000020000030100310100000000020050
40000000005010000000100105004020040300042
00053100504010005200000050420000000001000
00300102000022501000404200003005500221040
01020010000000300001400403001003330000000
05005000104000040330200330021120000000000
00020430002005020010305300000000004000001
20001005000000113404002320010050050501300
00050000205003001020100004030003000042040
00030020030000010000010000300002504000000
10000000202021000000000030001004205000040
00004050100000004000551030005000200105550
01005202003000030004000500040043500000000
00045005000050000200000005530200105010040
00000004001000300003400110025000005040200
00010000200034300000000004000040030000000
00020005005013200000020005400000012000003
00100030050003024022204000000000000400004
00000403200203450000000000105010005004500
05300005010502000500002010000004000010030
30540000050204050000030000000400040040000
05000015000004000200050400050000000000002
00050000002050000010030000003020005000040
00301000000020100003020000000000000000002
01004000000000310050000004000000000000000
00000040120100253000003050000000005055000
40305220002000350000500000000300331104004
00005150004550410000200000000000024000000
20000000200000000300504000000050042140300
40001002151302230503005000524000054043000
03000300050250000044000400000000000000101
00000030240101000500000240010250000050030
