41 5
00200004100000040050100302000100100050050
00300000044000250000400002000000000250330
30014101002000001050040400000003025415050
30400000000023003002032043020040033020000
00040205000014100140100000503000021030500
04001045323005500553000003000105050200040
40000000000025030001000005000000122040003
20000200000210040200000004000000000000204
40100040003000210023020000000000002300015
00400002250200105410040000000000000500000
00304200100004000500300000002001040000025
00040014045520000000031000050002430001040
40304050000100000004035302001405100000500
00010400000400000000400000000340000000201
00000000000233000002345000000000014000000
00000000300100000010000300450050000000004
00030200005030020200540040040200100000004
04000050004040020502004100000304201000010
20200400500020000000004000400000030000000
04000030215500000300103000000005020100400
00031050000030050000430003500000500000000
00500041000000000050000000504032000030013
05000000054002150005000005203030400000500
45020020004000000101100450401400005030005
32105000000000330005000000001050000500050
00000000040030300000035000000000400000004
00003201102050000503000003032301000000000
23000130020400500100403010400000300003100
00200000200011000200030003010100050000003
00000000400030011520000000004200101042002
00000011210000300050101500003050202000512
00002002005000000000030004004014035501052
00000000000040000000010000020200000000000
00053453200341200100004100020000020000200
00043500000400020000135003020303005052000
04030140103000000000000000200033150000000
00000202000510300024000002300000500142000
00000000100000000051000003200100000400045
01103500100000000021010002000000023030001
00053000000105000000023000000040030405000
54000200000200005000010500300000511400000
