36 5
054400000210005002050104310004041011
404421300003000002000030300004040000
200005002540050454003051001030054005
000014050000002000000540434040140002
101044410001200000005002500004305000
014000200300100010202400500002000300
000000200000154010520300330250400200
001000020004003030000052000000005020
400345530150112210004050100020343500
400100000030035412050000002403455000
030002001130000003005010040200040053
042003000300010001200003303105542100
000202005453020010010000040002335040
000005400000002410220022003000401000
000030530500000500000020000000000000
000120240022000000001300200002200003
003200050200044004030004010400210000
030050040003235035404000030100541300
002340433301003000004000032205013001
000005010100350031000001403000400105
001030044400502000030003004000030400
200004450001000055003001040100004000
100055225000520005030030000023005000
000103005025004010200020050412454032
050400330000005004205000010051050250
200003010050130100300300330005053424
312100103001010004030510035040000020
000001010050530000205005010000030023
000000504421030010200102240000002502
032042200000311114000400035405000300
505520430000200000500005100000045010
000020440301110000512020000050300014
500000010014010003005022052114000100
140000000000400000020200000010005021
400023025035004030300500010033000000
000000205020000000004003500120020000
