39 5
000000000040000000000400551220050450003
020300022025002204000300000000003033040
042000005200200010201101001000000040400
004000003054003000003050000000450000300
300000000000000200000100000130003000445
500000550202305000000400000000000000140
200021200000300500050400050000100000002
140305250002300030201001220300004521021
001055040030200030025300000040000005012
000311000300030053032404040300004040005
010000020001004205000000400002000030005
050000000003011030004000041005115300000
030400004034001435030100002000050232030
000000000003500000000002100000000000002
000051000050030002000000322530043000021
000040130050000002000200050013000000005
000100104050520000020004224040003302000
420000111300001400040000010400003043500
000040104410410420005050000000005053100
005000000000001000130054303005002004050
103204000200040034000000040000000301010
022003030350550020000000410000014000500
055505050220050100300000000000000000100
010400430005000000221040033000000050400
100020010030000040503250002005010002002
002001000450045053200500010000000011010
020433030000003200030042005000000050000
400135100002000000000405152010000000003
000000000010002000500010001000040000040
200003100000230200000350000034015010100
030000050000300000304203000050030022400
450000130201005304105005034010002300405
040004200002000501012100010010000005000
000030500003104003100000240020240550103
341400000040100000110000000200302000002
000000040400000412000010500000050030042
201001000050400530040100000505010000004
003000020400520000000502000015400000442
300440300000000400010000300102050040203
