36 5
002500001125001024040040000102000000
043200000034050303153533500003502030
420000004000005000000000002402000000
002412000001000040000003010413310040
432020512005540004501042050040045440
020000000053003400005004333005130101
000000400100050000002000020052005000
040350400004000002012040014010010101
304003403005200000200000000030000000
405050500030000500003000000002000200
024230210000302503000503000520045205
050000102020001000050002000003100000
500130000020120424403000440000503004
030530000300010030220003501001450025
200005001502510000010050212401352000
013001000004000403032303404003000000
030010044025000004000023540000205241
040300001550110005010010005020020000
000010002001305100115100223000020310
050403000205000131500000535300000025
500052202100300030001210000400105004
243302540020500000000320005004002002
000000540000004000031500303010343105
000013053004000003300020000414415301
400300500300000051300102000000012510
000030000050035000000000000400342400
503250021000503000500402510300051100
050000404021002030444501222042003030
003000101000324001053110000004005000
000200000010400000000150010000005012
003000401320100530200010101520100040
005540400300010044024004000000200344
401500200030004000500004300040450000
100500400200121000201005344030000000
000040000000505020010303300200010035
300002400020421000000000010002540002
