39 5
000000030210010040000002550004131000301
035500110000353403040004005002001004100
400000004000410000500120500000000400000
300000033000000502020020000000000000504
000040000000100200000030000004000302130
521000034010025000043020010000021305000
400000000021000020002204035200005030050
020005100010000401400000000045031001000
054200440321040000000300100000000445305
020003004010003020000030000000000020100
400244005100245050350003000040020400350
100404500000000000101000005034504040000
001000000400400050014041020500003300000
230300500000010000000005404530554004500
000001000000020204300000000500431130000
001305120010020400401010000010040200000
100035000000000010000030002000200020202
000100002101005340300010000000421000030
300010000000050200520002000044330501000
000050200105000005000000400004300405001
400001000000000000200001055005535000200
000003213105004020101000400000000533500
450102030003100030000210021200001002025
010000000510200032001000203000000454020
300404540000040000200132030305002030000
523023000500520320300010000230000102405
003001004002050002003040000000010000200
004150350030000100000000030100000020520
050003300331000004340025000003003520555
050050005210304202000000300000500200300
430500500000000000000410000200400101025
300053000002123004550000000000443005004
300000000000100004100000300040001320400
200004000500150000030000000001240000204
000000055010000040201200000000040000500
040000003011041002000050223103040000200
000003004000250000000000400000100000503
515000000201000005000000300000000433000
002010200000202000410005403040500041020
