36 5
050210050040020500113004100000015040
400003020003001000000044255321405100
320003044030000000100000400002100015
001000000003240413010001050200000201
025025050004250302000004300242140000
500000154100100014100200023000020030
005500220524010333040440040010304322
000001500003030000001425010540500101
100000100501044000322000003010030300
201032000050000020250300505410005000
540030440103002303000300004045005000
200500350000000300502000000050032003
000224030043440000001200000040013000
550000000040133000003100001000530002
002000000010400002040230300453003000
000024000300523110010504004004200024
000010043023022000300055002101000000
100051005050341005003330000005002042
055050000145051450005000000000150000
000302420140000320500005400000300001
011000002003024303014500000000142001
200033023004050010052053410000004500
150345002424030020002000000001054003
500002100005000000000000000030000405
101000000000100004401050100330410000
000440101000200242041120202300032050
000101000004105002040310032000003500
000010401324010303010303004030025300
540100510504000004022250400000000240
300500000044524030510000000023403555
000015200500300510052302000120000000
030000500050433200002000204400000010
130500000040040005020401320005000002
300020000040000200541000110550000043
050200001350002043100030000000002000
000000002000500250000004101000304000
