36 5
055240050105140510301002020000103141
011135000002140050032005000125503040
000500520003500050010000010400430005
020201000000042205004020000023000150
402000020100003020001050015040103000
410400530050400405235235505354003000
121023100100502010304404001000501002
101550300540503041320053250400001300
000024001010430243450000000300022000
421244033000004240030140000002000000
020000000345040000150300105400000025
300400205001010000300100020044352200
005000000001314003000300052433000020
000014000301000000003000003000200100
330400551200000000013000000225410025
540000050000022010000000002210000000
000001440023520040045000034451043000
100001250002400002000004040200301002
000004000000203210500000005000000031
052502000000135000031004000051002020
300000505000000002000400515050004000
000000300404110000201003000502000000
500002000000030110002004000000400050
105301023420050000000402100003403000
051001050400100004000105140503010000
500035133000000300002000000400400005
030000200400043000202000100502001410
000020505000300000005220010040300005
210340040400211400424021040520400100
050340012303300350202000400051050050
004000040000300000333534020300400000
050043030010024014000020532000300251
000103200001005400000320003000002000
005200502005000340000505200030000000
500440030410200000500020030301041001
301303000000300200010430003040301004
