36 5
404030000034002100301000011012201000
021000005000100302250245510005001000
211111203520000200005200000300033300
005000000010403050000000400004300130
000550101005002020403000100450400004
000004030030201053040055002000000141
200000000050132050000004500430350530
002004000300003001004320200100000300
220500301000104220010000003400014015
020003300500045503402105000000404001
500500051300054000520353113220044031
004000010300000430050054004000055005
004000000040000203000040000010002024
204150000150005000300000240040500000
014040004000040015400001000500000204
001431051500230000500000505340005004
400431041500120000000420400005000410
130010500010210004010000204002000000
010500000003500004001200034300000201
000000000523000040200400020050150040
024002004320010250022203330030020034
004140300000005024230000020000000000
042004204100000500210000003000200023
304034031025205000210200004030005500
003455300332000000021000000510505043
500000012000355000000020203030000000
250002014000004000421100000101340305
522000030000002500200000500000020300
300240053040000005305422003300022040
000405352005114000050000333102000052
000434020224150001055130000004000000
101100000345000400000030030202000030
401001301502020003053000121001030000
030200000500000444000040011004033550
010303030000105100000050101032000000
000045010005001110020004003052000004
