40 5
0100100400010304001020000000000000041520
0050000000051503045000400004200400000000
0143003040100000004000000005030105004013
0022000024020000400400023000000020402500
1000000400000400100045000000020030540010
0004000020001000000004000053200003000022
0000000000000201000000301505102100005000
0000000002500020512023000100001050002322
3000000515000000050005000043000054035000
0400002000010200200500300000003344004330
0400000000000503404000000040505450340401
1105100050000000020000040004000000300000
0150142000100000000000404505000000001000
0005000041013000000200000300123003000000
1000001050355000502002240000005000530030
1100200000005000303003001200000400113020
0453000040000003050000203530020000000001
0105000030200000000340343000400001010000
0500003002000001000500052000000000520000
0000000000004300500250300105100000000030
4005000004000320000001000002000505300030
0040000450200020045000100003203005004301
0013400003050200005000000300000000000400
1010420000100000035501000030150005030300
1000031400302034002230200000000101020310
0000000000000020034000302015200030504050
0050100120200000002020004100105000001000
1000502005000030000020000400000000000000
0000055000400510020240000001050205000040
2001400300000220005000404050024000100022
1000000000300115150010011014000100000000
0000040000020000320100514000354200201400
0000000020210050403300000000055404000000
0003410000002002000020000050000004000100
5200001000503000000040000020010004232105
0004500045001400330001003030001000000005
2000102004342032044003000033031340420500
3000054003050030000403055043302020000040
0502000000000000000011040352020010020304
0400000010300000000000305020020000400034
