32 2
00000000100002000202220100000000
02010000102111010000000101002001
00001000000100000010010000010000
10000001001000000220000002000000
00000000002000000000000000000000
20000100000020000101021002010010
00200000000101000000220000000000
00000002200122000020020000100000
10000000000002000001200000001000
00120001001010000000010200000000
00000000000100000210010100200000
10000012100000000000000200000000
00000200000020100000101000001000
00110000000000000000020000000000
00100100100010002001000000001020
10001000101000001000100000000200
00000000120000000000201000000020
00000020001100000020012000100000
00100000000002220000000002000000
22200000000000010000220000000200
00020000201010200000000100000000
00000020000000000200201010000020
00000000000010000000000020220100
00001020002000000000000000000002
12000000200020020000020020000000
20000002000000000000001200110222
01000000001001000100000001000001
00000000020200002000000011021001
02000000000000020020202000200000
00202100000000010210100001000000
00000000000000202000002000102000
00022000001010000000000000000200
