28 2
0022000000000100201000000000
1000000001000000020100002110
0200200010000000000201001020
2000001002021001012000000020
2000120202101100201000000002
0000022000020200010000000000
2100001001000000110021010000
0200022000200210010201012010
0020012100000000000000002000
0000102100220000000011020100
0020200000000000200002002200
2010010000200101020000000001
0000000000000221000000010000
0000122010211000000100012100
2000000000201100000000000010
0000000010010000000000201000
0101210002002000022200001000
0000010000000000000010000000
0200100100000000002000200001
0020200002222000202000001000
2020000210001002010000002021
0000121220210000102000000000
1000001000200000000001000000
1000000000011100000101000000
2001000000000021000000000002
0002200021000000000001012000
0000101122001001000010000000
1020000200001000210002000000
