32 2
00000100022010000000002200022000
00000000011200000000000212202000
00020010001000000000000010010000
00000200010000000000000000000201
10000000201000000001000000000000
20000000000010000000000000020200
00001000000001100000000200010010
00000000000100000111001000200202
10200020000000020010000000000000
00120100010000210100000022000000
00000002010000000000000210000020
00010000010200000001000000000021
00200000020000000200002002000200
20000100020002000001010000000000
20000000000100001000010201202020
00000020102000012200220120000000
00000020000100100021000001020002
00000000002200000000202100100200
00101000000100102000000000002000
00000002000000000010000002000000
00000000002020010001010000000200
10000000000022000100011000200000
10000000002000000001000201011000
00000000000000000020002000020000
00000110000000000201020000000000
02002000101000021000022000000000
01202000001000100000001002000001
00000000010000001000200000010020
00002000000000000001000000002200
00000000000010010000101000000110
00000000000000100200002000000000
02110010000010010200100200200100
