27 2
101020001020202220000000002
021001210012000000000220010
021121010001221010000001200
001000000000200201100020000
100200001002011200000000010
000000200000100200000000000
000000012010020000202000200
000000011100200220000000000
000000001000100012001010100
000001111200000000000000000
100100002001200000120010000
000000100210000010000010222
020001110000002020002000022
222202020000001011020000000
200010020100000000000000000
000000020000002200100100000
200220000200022000100220000
000000020000000000000000020
120022002200000100011000000
000000200020000001120020021
000021002001000020002210100
000020020011210100011100202
000000000000100010001200120
000000001011000100011010020
000100000000022002000000010
001000010100020000002100011
001000200011020000000000000
