30 2
000000101011000001210000000002
100001000000000000200010000000
011000000001000000100200200000
001100010000000002020010002020
210000000000000000021001000000
000010200020020200200200200200
000000001000200010001020020000
002020210000020020010000020002
000020000020002211010002112001
000000010200000000001000010001
002000001000010000002002002000
011200010011000020000000000020
000000000001000002000000100000
002000010000000101200021000020
001001200000000002020101000000
102001010000000101200200000202
100000220200010000000000000000
001012010120100100120000010000
002000000000000000000000100000
001000000020000000000020001022
000000000000000020200000000000
002000002000001110100202000000
000000002010000202000020010000
000020002000211200000000000000
200010002010012000000001001000
220200000000000000000000100000
200000200010000000000211000000
000200000000001120000000200222
000100201000000100001010000100
000000001000200000100012020100
