29 2
00010000002002120202000202000
00000000201020000100021100000
00000000000001000000002200000
10000001100000000100101110011
00002002210200000001000000200
00000000200002000200200000000
00221020000001100002000001010
00222110000001000100000020020
00020120020000000000000000002
00000120000000000010010020100
10020010000000202102000000000
10000000011010000000200200100
00010100200000000000110101000
20100000010000000010200000000
00001001000000200000000000200
00000000000000000201000000000
00100020000020200200000001000
00002000200200110022010000000
20120000002000000020020000000
10010000110100122002000020002
22000010010000000010100000000
00000010100120020000010020010
00011001002001200000000001021
00001020000100010202000002200
22000022000110000000000010000
01200012001000001000000200002
01210001000100020000010000200
00000022002000000010120002000
00000100220020000000100000102
