30 2
000000001012100002001001020100
102001000000000000000000002002
001000020000100000000000010222
000000000000000000001002000210
010200000000010122000200201000
000020000000010000000000000020
101001000002000011000000000110
200000010000000002010000000210
110020000000000101000000000000
000202000000000021000000001010
000000200001101002100200002010
020020202002000001100001200100
000000000210000000010220021000
200210010010000000010100000022
200001000010002000000002000000
102002200000100011000000020000
000000000002000000002000000000
000000010011002000101000102000
000010002001222000120001000000
000020210000000000001001101102
000010110000022000020200210000
002000100000200010100010000000
100000000000000200000000020000
000000000202000000100002000000
100002002000200001020200200000
000002000000002000000000020000
000000001002000201001100100000
202102000001020000002001001020
000200000200201000000020000000
000002000010110000020100000002
