32 2
00201000000100000000000011000010
00001000001000002000001120000000
01000020000000020010010002100000
00010020000002000010000000002000
02100000000000000002000022000000
10100000000010000000000000000000
00000001202000000000002000002000
00002110010120000200000000020100
01000210000101210200000000100212
00021002020000000000001000201020
00001002000000100100002010002001
00000110000120000000000000000100
00020002000200001000100000000000
00000000000202000000100010100000
02100000000200000020000000020220
00001002000002000100020022000101
01000010020000000000200020000000
00000220000002000000000020000000
00000010000000000002010020000000
20200020010010020101100001100100
00000200000000000002002000210101
01010000000000000000001010002000
00000000000001000100000020000010
01002100000000000101000000200000
00000000002100000000102210000020
00000002000100002000102000000102
00000100002021100020000010002000
00002000000001000020000002000000
00002002000002000000002000000000
00000010000020020002010012011002
00000000002000000000100000000002
00000000001010000020000000000120
