29 2
02000010000000002010210012000
10000000001000002021000002000
00000020000201000200000201201
00000000202112120000020002200
00211000000020000000100002002
02022110002000001000020000021
00000010002210210000200002110
00000000200022000000000000110
10100002202110000000000100000
02200000000010010000000000010
02010020000100011000010201110
00200001002000120200002000010
01001200002000000101010100020
00121000000000000020002200002
00100000002112000020200000000
00000000010001000002020001102
00010000002000020210000010012
02100002000001010000220100000
00020000000200000100000010002
20000000000002000001002000001
00101000000210000000100000000
00200000000100020000200100000
00000200021000010200000000100
00020000000000000200000000000
01000000100020000000001000000
10100000022002202000100001000
00000000000010202000000000000
00010100200100000002011001100
02020000010000010000000000001
