31 2
0020120002001000000200200000002
0020200000100101020000000000002
0010010020000101001100000000000
0000010000220002001220000000202
2000002100000100000000000210000
0000201001000021000202000011100
0000210000201010012000100010120
0100101000121000021000000000200
0100000000100010000202000000000
0100000002001000100000000000000
0100002000010000100000100202010
0200001002001000002002002000001
0012000022000000000000011000000
0000000000000002000000000000100
2000000010010200000020002010000
0000001000000000000002000002000
2000210021200001001000000000000
0001000000001000000000000002010
0002000020000200002000000000000
0000001200000002000000001000020
0010000200000000010100000000000
0000200020102000000000021000000
0001000000100000002000022010000
0010002200000000000000000000020
1220220010020100120000000000000
0010000100000200000000200000000
0001010000000000000100000201002
0000000001000100000000020000000
0000102022000000001200000000010
1100021001102200001000020000000
0200000000011010200100020002020
