30 2
000020001200002002001000000000
010020000210000200200100200000
100000002000000200120202001110
002020000000000000000000020102
002000000202000020000000011000
020000020000002000000000002020
000000010200102100000201000000
100000000200100020100110002000
000200000102121020000000000021
000001000010000002000120000000
000000010000212101202020000000
020110100000010001001000000020
010000000000000000100000000200
000000012000000000000010210000
000000000000020000000001002100
100001010020000012000000000000
000000000010100000000201000000
000102000001000000001201010000
000210010000000002202000012100
000020000001020010121110000010
000202020002220200000000001000
010002100000000000000021000000
210010002000000000001001200000
001010100100100210221020001000
000000000200000100000100000000
000200120000000200020000000100
000001002000202010020000000000
000020000000000020201001020000
010000100000000000000200000011
000100020200000220000000210001
