28 2
1000000000000002021101000222
0000021010000210010100000020
0201010000200001001000000001
2000000020000000010200222222
0001200102000000010000201001
0020011020100000102002000000
0001211000202010000001000000
0000000002000222002000201020
0000002202000010001222000000
0000000000000000122100000100
0002010000200001010000000000
0010000000100100100020201002
1000121200100001202002020020
0000001000000020000002200000
0002000001000020001010002000
1000010000010110000110210000
2020000000020100022001000000
0000002200022000101000100200
0000000000010000010000200000
1002100220020002011220020220
0000000000010000002010000101
0000200110202000000000001010
0100020010101020000000001200
0000100002000000010000012100
0000100000010022000000200000
0100020011000000000020010000
0000000000200200011000000000
0100000000011000000000000010
