27 2
200020000020001201102010002
012020000010000000220100000
010001100020010020000000012
020010010100010000002020002
000020022020000000022000100
000010000010010102111010000
011202100000020200001102002
020020002002002100002110000
200000000000001000000000011
100000000000002200000100000
200102120102010120001011000
000022210020000000000100000
000000000120002000000000020
122010000200100002010000000
200020010000000202010000002
001001100100000100000000122
000020000000010000001000002
010200000000120021100020102
020000000000110001000102002
002002010000002100022001000
000000000010020000200010020
122000000010200000020021001
020001000000000100000200001
000020001000000000000000201
002000010011000000000000012
012020200100001010010012100
000000010200100012202000020
