32 2
00000101000020010001000000000100
01010000020200000001000000002000
00002000000000000100010000002010
00000002000020022000011002001000
00000000000000100010000000002000
00002020000000000000000000000100
02000000000002000000010200020102
00000000000120002000000000000000
00000001000000000000000001010002
20200111000000020000000001000010
00000200020002000000100000000000
01000020020000200020000000000020
00000000000001002000000020002010
20000000000000000000001010002021
00000001100202100000000102000000
10000000002010010000000000020010
00000201000022002120000000020200
00000020201001000000220000201201
10001200000000000000000000000202
02000100100000000010000000010000
00000000101000020000000000002200
00200010000001210000000000020000
00000001010100000000112100000002
01001000000010010010020000000220
00000100021000100000000020100000
00000001002002000001020100000020
02000100020001010000001020200000
02000021020001010002000001002000
00000010000010002001002000000201
00000000200000000000020100010200
00021100000000002100100000000200
10020001000010202000000010000200
