28 2
0200202010010002000200100000
0000002020000020000000022001
2000000210002110002000000200
0000002100000000012010001010
1000001002000020000000010000
2002000201001000000000000000
1002010110110000000000000101
0202000000000020210000202100
0002010002101000010002200001
0002001002220100000220010202
0101100000000000010000000000
0000000022201221000000000020
0000022200020201022002100002
0000000002101000010000002000
1100000010000002000000000000
0200000000110100112000020202
2200000222000000000220200000
0001000000020000000000000200
0000020002000000100000000000
2000000010101011000000200000
0120000000010000000100012012
0200000200110000000000000000
0001000000021201000101000001
0200110001100100121000001100
2101000100000200101022000000
0020201001000000000000010002
2020000010011100020000200100
1000000011200002000000001000
