29 2
00000000000000000200000001000
10000000020000000120100100012
00000000010002010022000000000
01000000201010000000200020010
01001010010210000020202020000
00000001020022200000000000022
00002010000220000012100002010
00000020000022000000001000100
00000000000000100000000010120
10000000001000000200000200200
00201100001102000001001002000
00200002020000100020021000000
12001002000001000000000200100
00120001000010110000000000021
00001100020220200220000000020
00020000000200002002000002001
02000000001000001000202020100
00010100000000000000210000200
00000000000200000201000100200
00000000021012000000000012000
10000201000100011000010011020
00220120001101012002200220010
10100200001000100000201000010
01000000020010000201002100000
12200200000020000000000000012
20000000000000012002000000000
01000000002000001022000002000
00000000012010101000010000002
00110000000000000100000001210
