28 2
0000000000100002000000000000
2100000020010000000200000010
0010000101020200020120020000
0000000010000221200000100000
0020000101200010020000000002
0200000011001110000210000002
2000000020021101000001000001
0100000000000101000200002000
0001001000100002000000010000
0000100200000000000000000010
2000000100020100100002200000
1000000000120000000000102000
0200000002002200000011010221
0000002000002020000001011001
0120010000000012100220120010
2220002000001201011200000000
0020210000121020222000010000
1020010100000002000200000000
0001000001001100000010002100
2000002002010202020010000000
0002000000000200101002001100
0000000101022000000012000000
0000000200000100200002200000
0001120120000000000200100000
0101020000000000100000000000
0210000010000020200100122222
0000000200000001012220121110
0000000000000021200020100020
