29 2
01001100000000100200000201020
00000001000002000000000200000
00000001020002000000000000001
01001022000220000001022001000
00102000000000000010210000010
00000020002010000002000011000
02000210000002010100200002000
20020000000000001000000010020
00021000020010000000000101002
02000000102000011222000000100
00000000012000000021100000010
00000000100200010000000101220
01200001000010000110020002100
00000010002022002010000000000
00002020200100000201010000102
00001200100000000000000000000
00202012100000200000000020000
10001000000200000200201002010
00020200200020010000002200000
00000000011210200000000000010
00000010000000200210100000000
00000002020200011000100002011
11000020202220200002122201010
10010100000000000201100000000
10020001000200000000022101000
02000000000001001010000001000
00000002010202000001220000020
00000001010100010000000010000
00021000020000000100000200000
