27 2
000011000100000010200000001
000212001000120022010020100
200202110002001000011000200
000010010200000201002000200
000000100100000011202000010
000020000012200002000101000
100010110010000000000100120
000000100000001000010220100
010000010010000200100010202
020010100010000000000020010
000011110202020200000000000
000000200200200000001010001
102102110220210101020001000
200000100002101020000002002
220101000220001010002202000
010010000000000000202000000
000120100000201001202002100
000000010020100001020000000
010010000020002010000002001
102020000000000000200000010
000010000010010220012011002
000000000200000000000000100
021200220002021000000200000
020010002002002000001200002
000000200000000000100000000
200000100200000002200100020
000020200200000100200100202
