27 2
002010000200020000002000000
102101000000000200020001001
000010000100100021121002022
001220200100101200011000000
000200020000010001012000000
000201002000200000000200000
010000000010002200220110000
111000000102020100010202000
212021000200011120002100000
000002012002000000000001000
021000021100000200001001001
000000220100100001010000010
000110200022010100000100001
200000210002002020002000000
000101000002000000200100000
020100002002000000120001000
110000002220000000020001010
100100000000000000000220020
212000020000020001201102011
100200010000011020000000000
000200200010010020002000001
000001202002000100010200100
002020000020000100020001020
000000000020010010100200000
222000002021001120000020000
000000010020000010010000000
210000001000000000020000000
