31 2
0001002000000011000000000200000
0000022000000002000000000000002
1001002021000000202002000000000
0000000220000010100210000001000
0100002020202000100000000000012
0000010000000002000002100001002
0020000002000100000100000010102
2002200000000000000100000200000
0000000001000200000000000000200
0000100200010200000001101100020
0020010000100000022020000012110
0000000200200001000100020000202
0000000000000022000000000020101
0000000000000000010000010000100
2000020000000001102000010000000
0000000200020020200000200120202
0001002000021000020000000020002
0020000120001000000010000001100
0100001010000020002000112100100
0000002200000000000001001000201
0000000000000000002001000000000
0000010101001200011100000010002
0000000210000000000001000000200
0001020002001000000000020002002
0000000000110010002010000000002
0000000200000021010010010000002
0100110001002000020010000000000
0000000020000010000000000002000
2002000010202010001000220101010
0001102200000200001000102000000
0000000000000000000100001000000
