28 2
0222000222120000000000000001
2002000000000001010000120020
0012021001201012011000111000
0021002000000101220121000000
0200000010000010000001000000
0000001000020000000000010000
0001000000000020101000000002
2010000002000012000000000022
0020000000100000100200000002
0010000000210002000001022000
2001000000000100000101001010
0000001220020021000000000020
0000000000000110001200001000
0000100102002000000100000000
0110000000000002020010000000
0010200000201001110011200001
0100000002200010000022101000
0000020200000201000200002200
0200001001010102000100000001
0000000012000000020002200220
0201000001001000201000002100
0010002001020020200010000120
2100011000000001000001200020
0200000001000222000200200220
0000020010000020000000201002
0000010012200000000100001000
2000201000000000002000000200
0001100000102002002100000010
