31 2
0020000000100001000000010000100
1010000000000000000000000000010
0000000000200010000000001000020
0000200000000000020000001002000
0002011000000020000001002200000
0000000010000020000000000001000
0002000001200020010010101000201
2020000100120200010020000200021
0000200002000000000000000010020
0001102000000020100011000000000
0000000000000200220000000000020
0010002020000010012001000100000
0001000010000000020000000000010
0000021010000000010200002000000
0200000020000022022002100000100
0200000000200011122100001000001
0000000200002020001000001100002
0200000000000200000000000100200
0010110200100002000000000000000
0000000020000000100100100000000
0200201220000200000100210000000
0000000002020000000020100000001
1000001001002202102000220020000
0010000012010200002020000101010
0000001000221000000001020010120
0200220000100020000000000000000
0200000000000200100020200201000
0002000000200000000210000001000
0201000001000001100001100000100
1010100000000000000000000000000
0200000021010210000020100000000
