35 5
14200040000201334153100000050051040
30100000105024000043000000540005022
10504003025410033000000350300001000
00000441005000000100001222325002520
00000003000230040500002150150100000
04100020400035000003500000300203200
00214100205510100040151240030005420
04530040004000000040010002350305001
51030000010503500000040100540154110
05510005001000001004105550000000040
05040042003000040300000000000030202
00100500350000040034052130000000014
00520132030020101022553000400054000
01010403100020150012323042000020410
00034300510403110003002003002000200
00035400050015043002030200000001201
00200030002443000100350005001300210
00044030022505401002005400053425300
10204004000102504000405052140000000
04000020200300231005540302345000030
00000000503030000050215043003001043
20110300022005142001102005340100040
20300000031000320300000405100001100
01002000432300021000003000000005000
03022000122551040000000000500004300
04043042003405200100230005300050200
53000001100530100005040012430140040
00004043300015054430000042430344402
00000004400003000002030300050050305
02350300520412010000242100000040220
04100015023050001003020403500400000
00000314001250005000000203011020005
10050400010040002000030000003030012
00000500002555030203200000040200024
50001104250002000001000435000554004
