34 5
0400005003000021400230031301000105
0001003102023503011430100514044003
1123005201402001534000003130040003
4003004451012020400400200050300303
4240115400030522440140000052001003
2052002004245100001033001501025050
0201304205303000202410042000000030
0000500100000540030000520040001002
5013000000000030200002250010022410
2230000000000303050050000301330000
0520513044040000000030030000030310
0000100330000515015030040214200024
1502000052000510430401500040002401
4020001500402000000000105000000431
3410000030404004100100000304305005
4000001002501440310040001400000015
3554504020004000100000340440155040
1030000120355333500000200005500004
5031300101033011000100501200002025
4021000050013034540000004004030022
0533000051040520201412202000000000
0020200205000500233055202000404502
0000400000310020002504100205150004
0251252042010000140400000303002004
5000400505000120200001500300000020
3100000002000100053104030000530034
0030403003010025402541504005020420
0050001410000553052304000015015020
0030200035050023003030000300500405
1220400000000142000025210000040020
5040030000000002125523434004010035
4000400041002302055230130005004010
0005204500000540001000004000053011
3203002001030200000300500000000010
