33 5
002004000010000353040000100300000
005104200433430051000050450002130
330542300000400230103000210001000
313023212500400001151102010400240
025030034250043240503044030000500
500042000205301140400300502005001
500310000000000304404515441300330
003301020400300250004420000000324
000410040103212014030105000040100
000501513100000200000412310000125
550014005541002050003020102100302
101004420000104325000000222010000
401302404003500003420030000003020
313000405205000200005510543010001
050034401000000244000030302020205
100340005220003014025110001323400
405000022203202350044500020402300
240420000500005050000100040032000
105005000040054000500252330304525
000134250554003002500414000000500
013014421415240052000130025400015
000000405250030010000000001400000
005022301410300020500200000201130
030531431130530240134402501103130
501000050400230310503031100001050
000020002525002014050501001000400
000002200002000042050021100050550
035402003530504005030530300300205
503530043104034040000000022050004
510410234014003400001000054002003
200000223100100000020011253030000
054000010400403005500050405045020
020000401103040100100030000025002
