35 5
00450100000150101000001002100020000
00121200512030010203050405525501004
41400040202002032052312410000100001
03020005330000005200520005250300113
00000050000020401500000051010013005
10050044330232150030011000300022000
00420325100200000000300000450003240
44003050032304003053404402004032300
50350020005300040002250400001050000
00000200013012350003402030030430420
02100010000002400000040050011201500
10000004004400000521000000005053103
00000000000240000050420002003005044
54050021040300342035050000055000010
00000402000400300102350203000505000
30000000010000000405005005204303001
02220030035010000054040020032120020
12003110400034002000550035002403452
40040400400000054100303000003112015
00204003004505504500002000021100000
00002300000000301023003040500000032
00000000000340000301420320002000244
51034500004035413041010320040040400
03520010140013102000002000211005020
03030005004010000053005055010010015
02405000344000004300020203002045000
04030110422050051010432503040410000
00005000002420000400000000300010000
00250002010010300200000050505154050
05000101004030140040032300035530300
01540050000100040050023103002001530
00003053100414200010501000300000040
50201000000011000310020043040000040
00204030405200510004042000010023000
01000500401000100304030050000423015
