34 5
0104300000050320001000505001015400
5103000400513300041215002000000215
1005000040221302000500030300004003
1002000000043120400200235023050224
0010030030052033010100300000301000
0000500002040021502041200020000001
1020330033045410100140525500020200
1000010430000000200000500000000001
4000000000220012035221200322010000
0012400010405045340020053003005004
3035000500442000052031002000020150
0350040010035400300002030004220002
0005001021430010000010530104000003
0143132541203004020000100012002040
0305504000500205022301000531250004
0440002001240450510052050020040045
0040000220140000402000300004054040
0320005452302201442003004403000000
0021400200504150020443353040202005
0014003401000500300330554300225000
3100000321055030022110000000540400
0404030000522025503125501040200030
0300055000040424131004100415100100
3000012243100000002534300010055300
0000000503002000350010003400000030
0100000203030003501403050000000000
0321000000044040310404140110030050
0450545010000410041041004001405000
5250030033010504400101103005000300
0410410320005003000231500021053020
1301000500055005500000002000120000
4000020000050010403454035110000200
0004003004022000005050000540005050
0023350000310100033023000000440410
