31 5
5000040255000451151000015003350
0500200220101245500022203142400
3103110052230235000210451001003
0140000055030002320131054104024
0250003202304420040040343320001
4000002530501035000350544100000
0030550134000000000453154104052
5450400450104050533312300105055
2500000404003045005033000100132
0000220002433032410200300440000
1045020550023000030400314305000
2001003452015112150000334200302
2404000303200503511523100000134
4000002450042100000042023341044
0000001100013330300015510030022
0403520012240000055030200450040
1020003013241032144005204014135
0034501000251000044454401005141
5404014254000300100202540001300
0443520000300505010305120032000
5044300055032003100013420000525
1021342005000003451313000050000
0004030003452100332001103200203
4150202052000400015032301034300
0024411504000500032001505045141
0030424222230001530301305005505
4030041020003010011000204003000
5000002010400401200000012003200
3400000050000000020000004000000
3200220330115202050012205540421
0521005015451140010002300012040
