32 5
00405020100522004030032000320044
00130050303004012000150100110502
10003051314400500200050010030025
23000430105004010003353530543050
00005001050050330004555100050023
10013405005030200020020050501000
05400000052000000420022455400040
00005400123310010101102550004101
00010540131302000513010000020200
10032035004200432000031320000233
00224004300004340430151350353040
00202005220004351020031030433535
50400030000000011010000210341000
20050205052041013440002050210000
00305255000310211400000001221420
00030502131302431050454400040000
00345422014433000102000200100003
05101010040100000002250105003020
20203202010003410404004325020401
00010013400444023141200054000004
20350000000300005051230402003500
00200123000000500100200553044000
00404053000410031050050414404040
50010010020040312402202030000335
10054005005532000454010004002052
01031203000012000240402001500003
24305305020322013034440200010213
00305034220210004344000030324032
04215002304000300101150525000500
05200000050050150534401500002200
40402500005541000103030055400053
04010041404100010343055100020000
