31 5
0223504000044120130350032000512
3503005053433410005040201404401
5003204313021024002000104311415
0201001001130551510530404231005
0025041340434555054300002022000
0110140422430200040020003002003
1321000551500404535000003100140
5130300051022103402430000200200
0400453402004020120304104520500
3100403000000000000002340300140
2320102001000300250014400012105
0000350003542104015550212032005
0140014040020000204030410104040
4000543302243025203000505005001
0000500120001040230043020305340
2105150011000230300054000500000
0111000001020402010300143025410
1130013032200400044000502015404
5051203001000321005200014220522
0453034300003000020440354212020
2154311000230035301350300052000
3250430000010340200520302305021
0200200004013242000300053201400
0002100010150104003015355003204
0000035041430004003000303012005
1000000402030400530003030040200
0403013500000045540051403500225
0520441021502000000010050022200
5540502500505354040400005520500
5000412531021000143503030005400
3050050514210003005441150000130
