35 5
00124000000105202230134044200000040
13400500000430000400000003001200521
20004003030000400005000040513030030
02305023200000100000000001202004050
52001240030010505000000020000000000
00051003050003002302031500451050500
00323010050000304200004200031200000
30000021530044040220005030003001020
00500000001000040005000424300210200
50124024000000003200000400532005214
00000100003140400254301403000501000
00400341420411500003002550050001100
05120002005002100535003000535005000
40000300440040003002055000020021030
30450101000200044005002500002020410
00140000410050500340001300005210304
01000530243302054000004000500202000
40005204000030034345000300234000100
00441000500245000003000032005011005
35020301125000004005000000000002000
00005300500400000402332033115001051
50001002000030520203000400101014103
10300000023400004104533044550450000
01000030000050305000050000500010310
02055402155003520001001000503000415
03010000110010000001044100100403002
03340040010300300510000033040400354
53040540400010000540220032400105111
45502400020100000010021100000000100
02401321400240204021035400424401530
41520000510000003020300013210003230
02402005320300545101002254010010021
03422000000000000100250000000000000
00030000420052030300000500500302000
50000200002030240000050000010300000
