35 5
11050020020000003305520000023400000
04020110331400214100300500502030400
00215300013000050005023500000501500
00050525200400500022010002022451005
00000230000010000000300000105042531
50402002040000005042001301100232040
02203004305500024310303103010040000
00020004030050520014000554502101300
33043000004030500002400201000415400
51000000000300005002000000200054010
43000145230400020005400205300101050
00050010301423000020050000003050442
00303200005050020424030040000305005
30000200400010200500005000040020020
20053020051002004000042015521003000
00000103000400032000054530401000302
00043004000400000441002414000004000
02420010434005340200053133000530504
00500050510145104001204400001030020
00332300340104104040103003054404000
00030120104300004010000500000505254
03000000202030002503150000303005000
00004250001300205000050320100002515
00040304044400300140000034010000300
04011005020020010020402330042503040
50220500300400005100010403002000040
00000100030100040030000005031100055
00001000000000014300200040031000051
10141220410100100000551300300200020
00400310003402400020400505100000001
50020000050100130110040001050000220
00010022502120000005020043205004230
50100021002022005403300500030004000
30305000140000102000330002010030000
00104043505000010300000101100500530
