30 5
402030350001400030230041033000
250540003300415000005200200540
000043000340042544203541225050
543000115301401004540301040032
012001423010134012030034104030
035424105100451050513004010330
513304014020002250045004103040
000003050000000000000424250532
050013240000003020240541000100
002140023343300014003341504500
101400004030111010304005552011
224552023040004310020550430500
202405500440043154041440515501
054502012350022203151004514150
400202002500102200000512350402
022020001250000042041500521453
002022130402300200330223025143
013500450210050033002003301510
543412402000505100042000152450
123004005102000055045033305051
000003451004020125510300005210
030400021034350000503154201033
121330050000020021053552310521
033025000010000241003050313002
410450021043431415330010001315
023000020200255430202300300103
403204300240000035005040020000
000001522010003103022320003052
400540004000014110504000001354
140020400251114343150401522000
