35 5
00000020000015022003400503000001034
03410520000510030025001020220550200
03014505010010400302000025010502302
01000100300500130001004101300020001
00510340400242000000000031000551000
00200050000024033030220103000300000
05130400000005010030030004302241000
40140000015302045044400050200042205
20024103000000050000210541504034540
33005005500021040030300003003021301
02031000200000000200013000000050050
00250003022504003002005201033415000
00005055241000400005450000000000000
14220200023400000340010200002040004
04500123044000103000000010130024400
00205100000350000000023000000501340
00401304300500040004000503000010001
00010420140400130004505040440300000
00015100030020000051030000003102200
00000100030001150001003000032003350
05400020301010450025000243022040032
20504220100002000021002000202014202
00000052100000044400541504503020200
35100230400404004300500000040534205
00005200000050001002500000150130000
01103010013303000002043054220000403
00400200200001014003300500010500100
00500105103030500000000200030050000
00033021002005040045000153003002114
05005042015401410023000130500012000
20000500500440000100030504500001020
00503520103030450515050023500000003
00021005400005400402301004004400000
01000440003550000550300303400002031
34401000302421050012340410000000040
