31 5
0001040425143000011130000210003
2220434000301200502000002103353
0541520203003050000440420010040
0301301040052321002003405000303
0044151004505200051002450001015
0100442030423315041500000404330
2000113002005510500000053010130
0440002313200324030041203325255
0001403004100010002300225505000
3012001002000035410043000020001
3312012025004340250100500002420
5003240022500204305404100000405
0311020035001000130400001054240
0000033530312201100444404000240
5451015204432235405404030130530
0000411405120005022000031310120
0053251002010024500450230155004
2000042120525004005040400400301
3500053400001005340505002533105
3054114401140200400100053000000
1000540000301030100444542020423
5003300012004030512002010305231
0300300204230014020001333001001
0040501040430001030005420000302
0550155405430000402550500050104
2004014030103000402000455100200
5000100141000505253300000002220
0002535031502400500040200000003
0024552242030001052000551250320
0500432533340011130200012100500
1020033402030055000000010302140
