35 5
01000020230125010420540102020104000
00303150540000102004000050530040003
01501000004000000000000050001004005
00000201000420000300023004020520000
32004010310110003044054010002031300
03020004110030001300000032033440000
00002000003000043321003000055010300
04401055340003010000000002100030521
41001030000000101500550012030032050
34303040005445000102320100105030300
32002205000533000222500050051030010
00120304020230000300000000000521220
04020400002001003000100205031250050
00400050050000021000210010340020000
30400002001400500400000000000030002
20001300000300012024110000404003000
02000000000200530420554000005500000
00002000314001002450050020001000242
04000005004000150000205032420500100
22103020043000050300031500123040000
00250020000103500133004110000450002
24001304000000054335005110000005503
00400000000044100300402000004404431
05004001000030000010250041400000144
00100003500003402021000100500041003
52441000200302400110100504405000020
00020025221500004431000555452430004
00214230000001002005000045003000000
50030004140220544350000152404050203
20050155000430135320005003201100200
50005000000345050100043040500000014
00420114000500000001200300003030020
50145003230502450050102002000030040
01300044003503000351500000000050103
43053000002100334200000550010400050
