33 5
001400000040100404000000140431001
400000043400500042500335020024000
210004020320000000002002003245220
552040400000010012000411114000450
000544403012030050000200040221000
044020510530033403100003000500055
210203100550510130030100040000002
003000300555202000051000000100000
303021032100240040004554123001030
051300000040200030505030020004002
022425000510431005230403341000001
005021000022000101053404004150002
410100004015445500500040003353200
123022411001542100004302000204302
100003500130013000025533105001045
100010023005000003000100013150045
100000002000105531450310010304400
010250200150105350200354030000303
000140030014000103404000002010213
001140520000030040020030305003403
000100002015020350000453030500140
030200001005501000220004000401444
033020000212323030400005400030000
121402003205000400050502000000053
410012001000035340340001520503200
200400100000030003202502000000050
204400105055504050000254052105001
400000000055000025002000423302000
401053000010505500040044220030323
300000040200423024102200045500101
501304400520505020000300400025000
403100101340042404000052100200541
000100532304000310010533303325523
