33 5
010005331200151004004104040022002
550405000005510000023300000200200
103410002042003050002300022000130
550040000000010242404110001352003
000421000040022013310224004003110
050500305144101003503020500401110
000023042304002030050515000050100
501402540000001005340453050000050
050011040101030000012320540010025
353153430020000103230005103000553
030055000051020002120500030055100
510000045000000002004003520503044
030401241001353020330313000200000
005400233000424050000021010300000
050003002040003540400003004312251
400045300020002405004041500041200
301000104102000140000100300103205
005043100400050545003020000022340
050301241005300400000500000302002
514002501500110330050313010504055
004000000000200035020034300004040
400014020505000010000340010101001
342441533040020424000000050250040
054000500014000000010050100100302
002003051000400310520130000043120
000013000205003222305300020000002
044000404000000001000542041000140
030031351000013335304000000040444
200002020030033130000421052050301
520032000304000252021000245120402
410540003345040251000043004500040
330550020050000150000252210000430
020200050500010001004024222010232
