30 5
402434020050000035420500131440
000500205020502340045224440340
530250021002005033010230201040
500024000403001233300300033110
350131502055015110504001020502
545040430540002030201040020253
401440000002003004505010005100
100000003125431102532140000012
053225502021510033050110302334
435002054043012120221040033340
420104140005550451021040400042
512330045105125023534130400050
112502410203000002110025210043
101421005550002000000500100103
512202415500300331423053042230
050054004133520004213000000101
520415320100304003000300404330
505402030001020505111020500052
041000114040505450110050050000
000552425000200050141540424000
030230050003043012422350230100
004002200003055044000004410210
004400241500040000050000054331
350200505031210005000220004034
301314100000111100043100033250
002035100023423300002204303020
340105202034114201011010302002
135300000403034400253005314004
004400440503030203030050034240
005141100525003130005305252040
