32 5
00000503420535051010005020420304
00413500002050400051002002050514
00025040400330540500000010020003
00050004003034202540310035030302
00030001005051110102055200144405
34000215305222100001050452111130
20300403550041151002102330240254
50010020033542050105300244211500
03202023020104000031020402543005
05404002315001100145501424255554
20230025303540002400003132130101
00000000010002040150203310020000
03300040000004324315531055340302
30301000001301100000303455005051
00002000510200200005012010000003
44001434000000010530004310005500
30020504042000400300103001020200
02030330414120443054110003030100
04150030000000045100300200503200
05050000014310051502054120000000
40400000000120350002002205000200
00000142400120012000003005024000
03400020003000035140411031534300
02000034040055405215001000000000
00450505431034015103022020133010
44450003540000020040030210503020
01000002033013500020400400030422
00000503101051024000004145020040
12404000044000304240001205333400
02312031415031000000500323202102
55030002005300040500402041000000
00400542000352100202405040021000
