31 5
0035100300040025500101030020303
3030440400003030352002540100300
3030000432045401010300300035200
4105003040500040000105502022053
0004500201050011000320000505423
4004500104205404304201001544503
0340423024000400505004405522001
0000004000302020210423004210013
5502100010305530043025130011001
3221415035400440000053444222030
3030220250122300413200510040030
0200455540003300010341033251405
0114002502044040000020200002050
0031053330400005540041110550321
0001004003510410200402202503401
3000135320344520022105025030555
3300232100030301050003150520040
0010000024031005120404044100000
4003310000100011143020203014202
0040402004010000430233021000103
0020100302203000050052200001312
0000100104120020000044020033003
0015412535002000205005000300240
2004010022205543154025555540000
3042000225000532100000500003550
1541500300012000500101102050500
0040302034052201540010011150050
4000450000053004004150300000000
1304021020400104012551010004145
0320040205134402302000431003431
5100450030154050100103002105130
