30 5
130001022330544003032520000325
023304245015320255310100343000
254504330011305322100400004325
134250450055434250504303301051
353031203221525500014000442420
100145045010300200110001004050
345000204031450200003005034040
302213410200000050040003224022
030300152005330302410500322052
123330502201101003051521453100
500000330130044005050554202001
000334003330002154000401200340
050301510445121043000541004000
045003331200543000350004000524
053024510012032000010050031001
001050500200240000030510050000
000053500014304500043451344402
000010005000000153020514502102
523202300010000420355014000155
204020004001210130100025031023
022005012433142004212430030344
522040330003000010500142050022
010151430000200210400020400430
300503003525402203400202020411
015000404015021000410440002203
000010200010350002021041000410
052000500055003230541100035100
231005420404005000510100120041
304110024340150001411245540505
302000411102055405004004004430
