31 5
0500010000512300003000105250100
0031000005145043245400304505052
0045001102402532200030531023543
1240010000100005100201350505400
0400025400452200100400505440005
4024151205234521030055350200300
5031032054002040001302530105030
0010440300000152403502114501034
0040104000301010025013000002012
3240005025005010200400004004342
0540324123000400504503045301250
4515000030241051030020304020330
0000332553131310000000045030302
0141020040210000025200001203040
0100404010053230002233050240140
0200000431140302030244055002400
0505100245200004023022350141005
0010400030055041042003004301200
0251000501103003001000334000300
3054100205014252504000205335012
0444244000003540044320005002520
0003350110430010002020001130000
4051000304203205150002103000050
3022402330000220000032042243010
4000301350000410101415040150000
0234010032050101340031001405540
0000000050332040002101005032510
4102000012510350240324012031020
0502040235000100005001004300104
1420032001134000051201003035000
5045532530000425000001030041340
