33 5
000232005002000100211005000332300
004003050000030000100401001004050
100000002300000500015000024002410
104034000005503005054454530101031
153304223000315303050000302212500
003023240110000443000140413551550
020310000024531100105230015201032
004520005025553210005010500000000
105000302203000213100000200030040
404005022300000100100130003054000
510000300500500210054445233000030
000050010004013500030140440002045
021244233224000045213500000100201
250302000010524100510500000500030
340001144054200243022405414113104
020004000003445032300020003411240
130301002202004402000200121020524
350010303000004004100020400014043
310000440200204102530405200000050
030000001002024004001505051050400
010500010010003400524050000340501
100021350400000020210230001021250
300500040030100000244030034000400
304002000450002004030022000030001
001110000104033001000101300100250
000100000515020010000052314000035
020444005500200005350300000322000
004150000534004000000020410250001
043031400005030000000000301305200
000355550033031000502514010044044
030205030001220030003000002003300
055535000005505000503022002000205
040023040004000002054524031044204
