31 5
0000031511000000031000040400044
0000004510051040353135000000310
5153540204243001200131020045500
5050440143331003000104121020005
2400550005040323400000313034120
0000300003310204242350252205103
1031005002204003023000454050020
0021005031200520015004134200500
3044504020004020014323055000000
0410024242510000110000002134000
0102405520510502350540153000001
0501001020503002010035040020200
2104042000300422031341234100230
3021553030400000221200104010000
5050005003010313520500452000055
0505003520325331020400050024000
1104050000200033301055050223003
0300215010210004252500401404220
3504023340001050012000243000005
2000200304400030204010034000000
0150020100000502003230300030334
1100500000045121520002040043502
0111200343503010000200052353045
0200204002023200050005505020114
0310200055320010004100040040140
2000103000100040133502000043414
4440524551030003030004000043350
3400335220044550033444513012012
0002003331005015020140300050001
4254502013100410040155002110240
1441000204040401300105405014050
