30 5
535100025341524020314100333030
430025500330040040222200003054
100030504020052120432005500405
020000500500310000021020005020
025010000411430041004000305000
110030013101010324435500140305
055240500002250212500040150004
232040253055420242021420421530
130104340133302442500404403050
110035410212403030050040421042
054133303020001302000030502050
503534200400403004001105415304
003002303055120140410050000040
045501400230301403000230544004
100500033320205401501552400332
020030455200540310145000202402
203010400004023001000200000112
001105010353500401013230040450
121210023025220130005003003010
124004400002255300402000242011
033230030015014150303003000401
022004540001044000501301454304
000210200030204004251030005030
000500135403355403104045010005
503522204030550300003205105040
344000001320034054025500102502
243010010020001201005215140420
001451030055311000530530251005
201511001101000001011202514000
103000404300304402032402200055
