32 5
02011112200022002520121020050000
44100004031442120400020400003001
13044000002010000004000140300004
04003000040010412100045020450043
11302445000100002040300100201000
00304000043000110002510400305020
40204000040120200020005010035000
30505000205020005213300305000500
00012505400305500252330003013105
40054415000021052030000400001102
33541235121020000310210502400530
10403430004052025420005010500350
20001050401202303325000250415033
20200000005100023040040150051035
00004354001400140025400000000044
50000300514313001000205003502400
30005400020002215253053005001421
14424202355001210000310010301002
32003340534001401030524000535000
00001453000501005400031050000025
05020205300000000102000020005200
51010420445030553000020400002030
03030020531320133140042550300304
11102422440204310040000010000205
04015022034540003120000053200032
05100000254244003200000350520000
20035031052325000000305013304014
03000000401210010031350034020000
31504130413450300405000004541010
01035000005500500000404400000300
20001021445052413554030100103003
00052000034100303043001000452003
