30 5
004105103044050500053502004055
431003020040020030004303104300
000320050104032124241000101400
003100233000011001003504145054
105200332005041503514110411000
313121120303532025103010000245
013100053125200000553503000300
120005345300142002025240000202
322520003010344150451500000033
020540000050000215522330000000
014014000030030400051013032422
400140210300531000250222120100
002402001550502150400045303500
004303030202302313555320120401
422011120500101305200000000055
335134300033005004020505042025
523151003240500014200140000242
322144000510014001454050005200
405104505210003133050004035100
051500000104220030020200425215
140241144034004025000320200000
102102040005104200541304044130
002500201050000140003430002340
031413001035050100231055020400
010200203015400300054100050032
040305020120004244024345000030
000535331050054410442500013042
050000035100000203030400434030
341001242204440240455533020005
400401011350120544025325304003
