32 5
00502210400503000102402000405030
53500440225304100001431505204035
33000020010005012400500040200000
13305022415100000201000020000000
34400201041001040050504000000040
23425030234140100510013004320243
01300030451220221305400021535340
50005123030514202503510200002230
00100030350000400040143000000033
10215304405140050410000204425000
00231520004002502355140000005220
00253050010012000452000251000543
51004103553000100003450300513010
44042504232550000003423023130004
00005403040400100220105044140321
02023140510143504400220011400020
05430000040210000222000024100530
02305003050003105520405043002000
05403004005001010020150132023350
10300000101500243000503320500004
00050300310305052103010530100214
10000000400302000100200000400000
23002343013001015040003005040010
04100003230001005010200450003313
02033400000400115241020125005455
05010000002200020020020143344000
01200000012015155103402200200403
01520500503000010310354012501040
05004034500004130034005000000434
03500010000000200400005400050000
20000034031400000403100002000040
05500343114501025000230501000002
