31 3
0310000003200003003000022300000
0301010000000020000000000000000
2000000330210320002000010100000
0030001020213000003031010021120
1000020000320030000330130030001
2003000000301003000030000300212
0020200000001000301001300201033
0200000000000002020000100003210
2323000000030022100000300000000
0020102010000300100000000200020
0312000020010000201133000001000
0000000000030321303000000001000
0001101000030000000000030020000
0300000201000000000302203110000
0103301000002200200310003000000
0000300200003030002300000000010
0202031000002000000000200020000
0100100003000000331000000022030
0000200000020001300010001012000
0303303000110021002100010002002
2000020201001000220321002232030
0220200030000030001000000203000
0100000000000000013010100022201
1213000000320000010013300001022
0120030300130000300000100100101
0002133300000021003000002003000
0333002101120003000000001000030
0000200100001030010301030102110
1022003003220000120000012110000
1030001000300001023200000020000
3000000000020000000301000203212
