32 3
00000000000000300020002310000000
00000000011002000000013000020001
00000301000300030000200001100000
01000303300001001300030000330003
00000003002200020200130001000000
00001010323010130000300003100000
00101000002000000000003003200100
02002000000021020000021000002000
00233220230002010000000010102000
13122100000003000020100000011000
00000300000010000100000030301311
20001001030000100000100010000010
00000002300003000000200000000003
00001000002000212002100120200200
10002000222300003000013030000200
03000001000001200102000203020003
03003022000310010210100320002103
30003200003000032000000330200030
03000003000022002000030000010120
00000000300001032000030001000003
00011000000032020022200000000020
00000000020030000002000312000030
00000001032300003000200000000330
02001000000000100300223002010012
33000003010030000000200312010000
00000000000020102003333000200002
30000000000000230301001103322020
00100000001002300002010001000222
00300000302031010031000000301000
01030210021101100020000002000001
10001300000310012200300000003000
00000000100001000023312200100001
