35 3
00000130100000300003200200000100202
20020012021001010020200023030000000
00300000001000000000030030003300000
00001000302000001000000010000000200
01311000000000300223000000000220000
00000000030020020000000100000000300
00200030300000113000002002000300000
00000000000000023030300020000002000
00002000200012003000023330000001200
30000000100002000300001010000000103
00001300020030300001000000000002200
30001000121000002010120201020100000
30130000000311000032000000000000020
00000011030010003310000000000000303
00000020020100000100000000000030000
21000001000000002010200000000000220
03001010000210300000000000012100100
00030001002203000002200010000030300
20310203020000100300120000100000010
30000000030000010301000000000000001
01030001002000000100030030000001000
00022020000002031300000030002000010
20000030030000300000100000110010000
00130000000000002010000322000200033
01000000200000000020000330000001000
00000200000100000000000300000003000
00200030000000002000003200002000021
00003010200000000003030001020030200
10030000100200000000003002032000000
00100210000033001010010000000200300
00003000310021300102100000020200332
00130100001000001012000000030000000
00000030000000002000000003030000300
00000010030200010000000000200000001
31000000210030000200001022320200000
