31 3
0010301310100100020000002000030
3003013320000000100000000000000
2100010213001020000210020000300
2203000030000030003002000110000
2213000002000030320001001323120
2000000200111010200030000020002
0100001000010000001330110002003
0100200003020000200000230030000
0230020000010001020300000010100
2200020003010200000003032002000
2000022000000000033000002000001
0000011000200000201003300100003
0003003220300013011300000203000
0020001010000122003200000002002
0000000103001000100100000000020
0000010000003202002000100310000
0030000300000000000120000200203
3001000000000220103200033100020
0000003000030020000000301002000
2001330001013030230001000000133
3300030000000001000030120130030
1002300000000020030001030300000
0010300000101010110012210003030
0101200010231020110011220021002
0000330010000000030003000000230
3000001001100000300002000030001
0012100020220001000200000000231
0301000100110000001000300300020
0001230300200200002300030000300
0000001000000023030200220303000
3000202002002200300000030000000
