33 3
230100000021000000000003303002202
000100233000000300013003030200000
000020020010130000320000121000000
110102000000000000033001000200000
101220013100000120000330000000000
013101102002033000033302300200000
103020003210020000032010000001000
002003001200300000000000002300010
010003000000100000100000000001002
000000000300000000203000000000033
001000003020010003000000000000010
000000000000200003110000002002200
000002200000030300300000000020020
000100102000000000012003000020030
003000032000102002322000201030000
300100000000000003100300010000000
200000000002012300000000300000020
003001020000201030000002001022000
100100000030000000031000003100000
001000000000000003001010120002000
000100000000010000200000020000001
000300233200200100020011200020000
023000010030201000003003010000000
022000020200300000100210301023002
100001010000010030200000001011200
031100002010303000020001200000000
000011031300000200003000001000002
000100000033000020223000000001030
000000000211000003002003100000010
020332033001120000002200032302311
300300000000110002000000202000310
030000000000000010000002000300001
000200011300003032000030000303030
