35 3
02000020000000000300300001220301000
00303000000000100002000300000000210
00100003230011000000000020230002000
10201300100031012000133000002003200
00000000000001021030203330020000001
00000300000110012000200203000100000
20000000000000000010200003300010030
00332003120000003000310001000003000
10100010000001100230100020000000002
03300001100000000000002000000100010
00020130001000000010000000003000000
03000323000020303120000010023003000
03030000020000000002003000000100000
30001002000010000000000000000010003
00030000000001000203230010212010220
03300003013002000302013000000120203
00020200002010000000000000200030002
00001000000100003100002002000020000
00000010231300230000001001012201000
00022000000001000000000000000002000
00000010000200000021020300020303002
00130000003230002030010101001210000
20200000030000010002000001000000030
00001300001000000030300000020000010
00300000031001010100000000030200100
00000000000000200000100200000000000
00000020000200003000010032200000000
02000000000000000003000300000100000
00000000000000002000000000000003002
00200030000300012030000213000000300
00200000002100000000300030003000023
01002000320000013000030000010003003
00200031000200020000012030000000000
10100200313101000000001000000000300
00101002000120000020000020000000000
