35 3
03300032032030000000003000100200000
30000001101100102000000000000002030
00023100000200002000000003000100000
21000000010111000000100001000000000
02000230000000000000000322000000002
13000000002000020300030300000003010
10000022000030000130000100000230000
03000000200000010200000000100010002
00200000000001012010000000000020000
01320300000000010000033000000130023
01020000100000320000000000000110000
00000023120000000003000001000000300
03100000210010202000000030000000000
01000000001010000000003000200000000
00000000002200001002010000303000000
02000002020000000000000000020000031
01000120000302003100000000100023000
00001000000300001302200003001200000
00000000000023000001002000033202300
10100000000000000003000000320200010
00012300200003303031000001023000320
00002000000003010000220010230000001
20030300021003030000010010300000030
00210000300000100020000011000000000
30033000000003323000100001000000000
30001200000030000300000000020002000
03030000330000003200100020020020200
00000023000000301023200100020200002
00000101000000020011000013030201000
03102000013000010000000000000000020
10030000000101013101000000000100000
20020100333023000200000101000200010
01000030030000002000300000000030000
00200200300000002000000200002001003
00000000202000001302002003111000000
