32 3
02100012001000101100300003133000
00020000202010030203002000030103
03002100102000000030010300000320
00010000031000000200000212100102
30000010300020000000001000010132
31330002030130200003030000300000
20200010302000030001002003031020
20000000310000023320000002000101
00000020010100000020000000000000
00012200100000000003030000001030
00003000000002000002003002101030
02100030020100101003000020003000
00000001001320000000000000000220
00020001103020000021303010000030
00120002030010000000000030000000
00000020002200000100230103100230
00033030020000200002000000100030
00132020002020030003210000002300
10001300020300033200112000020000
00003000010001201000001002030000
00000000003020100030110000000000
00000100000300000000020000021003
20013000000000003000220003320000
00022000000000000301300300000003
00002002210000000010002001020000
01100000100001302330000002110230
10320300000002010010000030020012
30010003033000100002000100030300
32020301000001333220001011000000
02001100000000300002001100300000
20210000000000000002200010010013
00013020000200200000300100300000
