32 3
11000330020001000000010003000002
30000000210300000030000011000000
00002000000030010101000002301000
00000000000000000000000100220002
00000300000101002122000000300020
11113203000020002203020222100211
20030030003003022000010000100002
32010100000300330000000030020000
03000100000000000000020000000001
20000000033000200120000000102100
20101000300000000003303001001000
00000003000000103031003102010110
00100000002003003330000310000000
20000000031000200121030302010000
02033100013000000303000002300000
10002000200000000021300201000300
00221000001000000300001030000020
30033030000323000002131003000000
02000302312030030000210000003000
00001013000200000000020002010000
00030220110021100002100200030300
20300000103300100000000013223200
00330000020033100000120102032100
00200000300000000010100200002010
20002030010321210003000000000000
03031000020000020000000212000100
20002000233002010100002020001000
11000000000000000000000000000000
00022001000023020000032030203032
00030000000100000020100300320010
00010003021010000010020000030000
00100003002000313000000113000200
