32 3
00030000013000000030000000030320
22020000010002011220300002300000
30300000000030000000020100000100
30200021000030000000003030023033
11000200010011000001030000003002
20020000000033000000000002300000
00000032023030000000000200000010
01000000000200001000300000012300
00000201100000030000020000003013
00302001100000000000000000000000
00030030310002303002103000030200
03320020130002200000000130300210
02020000030000001000000030111101
30100002020001102303000300120000
00030000213011010032001000000030
20100000000000030000000030000003
03020000022030020002030022002000
00020002233132020010000000030010
20200011020200000001020210100000
20000003322200000000100000100020
00030000000303002020033100031000
00001020003000200000100103000020
00000100203312000100200300300010
00010001011000000001200233000302
00031000030100000001200010010002
00022000300000110101010003011021
00231000200303010001003112010001
00000002000000000200000000022003
00000200200010000001002000103110
02300000300100000010310000200032
00300000000021030300013000200000
03110000000030100002000020000002
