31 3
2010110200012021010000120121002
1303001000031100003000000000000
0001000000300100200200003000000
0000002201010000030010003230030
0020020203000000103230000000111
0000010030002100033021000010030
0021023000021202013023002300000
0210203203000021300002200000131
0021000020003000003003000030000
0001000030003000003030203002000
2000020030100020000000000000130
0002111002201000202002001000010
2012031022003000000003210000011
2002010000000002000000012000100
0001000003101000200200300011203
0110003000023020100201200100000
0000000300010003000300102010000
0003000000000000000320000000100
0030000000000300000002300100200
1200000020000200300010120010000
2000030100002030320000130000000
0231100130000000000000200002303
0100001000300030003000100003013
3200000023001000110000001200012
0110000000000320000002010100003
3000100030002021000200000302030
0001010000030100003002300300000
3030000002003300000003031000010
0330020020000000033203100000300
3020300300000013022020012000003
3000220000030303010032210220000
