35 3
00002100200000000000020022001030000
03030010100010010010120100030000000
00001002003020000000210001100003000
00000000003201000200200001010000002
00001200300000000200300200000011000
00010010000000200000000300001000011
00000000201022000000030001000300300
01202000000002003003000000000030020
20000000032102230010200000030002000
22000200010200000000000000100000002
20021000000103020010301000200200000
10000011200013303100000000100000000
03000000000000130001100000000000000
02000000003000000000301312020000000
00000000000000230200000001000000002
02112000010010000312100000330200020
00100002002202003311000230000010012
00110000102003010003002200000000003
30000000000001000000000010001003020
00001020000000000002021000100003000
00003000000000000000030003033002000
00323300000000000302000100000030200
00010000002001200201320220100000000
03000000000320020000203300030310031
00100033001030000002100030002000300
20003003001000000001000100000000000
00002030030013100013100000000000000
00310230000020000300000000000020000
01000002000010030002000000000201302
00000030132000003300300033002000001
00000033000300002100020320200000002
00002101000000000000010000030030000
00000033000100000030010030000000000
20003000010030020000000200100003030
00300000000000300003000100000000000
