35 3
20030000010032301000000000100010000
30010003000200300010230000003002000
21000010002310000033031000020020000
00000003000002200011003000003000002
00032200000200000000020212000000010
00000000003330000003001103003030100
00200000000000003002002031012200003
30310000000000000300220000000020100
00200012000000202002030000200000210
00010031000003000000000000002000013
00023001020000310000010003000003102
00200000310200000230000030000030000
30000002000010000003100000100101000
00200000310001000300200031001010000
30000000300102000000002000000200100
10200200000310031200021202000000000
00000110000020000300300002000000200
20000333001000300000000000030130110
00000030000000000030000002000001000
01001000100000000022020000001000000
00001000000000030000002011200002001
10320103000000000300011130000001000
00020030000300100202100000000000130
00000000000200100000000000000031200
03000002020003200100200100000000001
30301000010200030100000000001000000
23000032000030000000001003000020000
00000000030003030000030003020002000
01000310030100000000002220000020000
00000012220200301100010030000001001
00200000000000230000000000010000001
00000010000030000000000030003010023
31003000000000002002002000000000030
00002000030300000000000000003200101
02000020121200000003000300000100200
