33 3
030200003000001011000000000130300
000303030102000030000000000000000
303110000000003012000100000000000
000220000000001000100101000001300
002001200023030000003000022000200
023020200020002003201000000100022
000000020330230000030000020030020
000310310103100000033200000200320
033010000320203020000000020000122
100200000132002302200003310001200
003002013022000000020300000000200
003033001001000310023000310000000
000010020100100000000000000001002
030010010200100300000003000030000
100003222000203010200000200000000
030202301100003000000003200010010
200000030000022003000100003020010
100101000010030020000000001010200
002013010010000020032010000120000
103100003030000011000000200131010
000000000000033033000000000201001
002001000001000130100010100030000
020030000000000003020000200030000
022220000020000000120000000030000
000000001223110003000000011100020
000000000003302020200000012000000
031010000000010200210000002010000
010000000003000010000000010000001
000000300003030000000000000000000
000000000013030300000000201300300
000032300000100031020300000000003
300020020000223001030000000000000
000112003200030022001320100100000
