35 3
03300003000001200130020000003303320
01000000000013001003130003020000000
00300030100000002000200000002010030
00200210020302000203120000300010100
00023030000310000003200000330100000
00000003001000300200310000000000000
10000000100100000200300030002002001
03003000000000000000023000020003001
01200020000200020000000220200000030
30103000001001310000010200000100000
00100000303030000001032000200200010
00000020011310000200003000000002200
30002001000000030000003000000000000
01002000000010000010212011021000000
00000000102001033000000000001001300
00000000000003100000230101030003000
00000000000030000031020030110000000
03000000200030021100000020000200001
00100002200000200002020000000000000
00300100032020220003000000000001202
00000000220000000320030020001000000
01010030000000030000000200001301003
00010020000001010302301300202100300
12030000001000103000100000200310000
01010200000003010000010010003001021
00000001132100100020100000012000000
32203000010000200000000022000010000
00000010000000320120002000001000000
00000000030000300320210000000000000
10020000000000000000000320200002000
03010310003010000000000000300000020
00000000000000200300300200000223003
00100000200000000020000000000030000
00000000201103000000003000000000000
00000010300000300020330020020000300
