32 3
01300210010030001130001300200010
00010300100030000200010000003000
10000200220000030001000000002100
30302000001013000000002013302000
00100220002000200023000000300001
00210233100303000300010200100001
12300021000002000231000033030001
00000000000302000003000022012001
00200000000100002300002100100112
00310023200300003013000000023000
30000010301000012000002100000020
00010000000000000001003030000000
00300001000013000101201100030000
03200100310000000000000001000000
01000000003100000203000000030200
30100000100120000200000000300010
00002000200000000032000000000300
20000003000002000302000000000000
03002203100020003030020000330130
00000000200212030303300300202011
00002020000000000021203000010000
02000000020200100000002000000002
10031020110010230003300000000000
00100000020001000000010030000001
00200200202000203032000201000311
01000001000000002030301030311002
00000310002000200331021001000031
30332000030100000030100000200020
00000000222000000132200000032000
00030030021000000000302010300003
02000030221200000003000001000021
02303100013000100231030102000000
