34 3
0000203010000323002200000023000101
0000100002200300010000000000300000
0000020000000030003200002000000021
0000000000000000300232000000020000
2010030010000000200000020033001200
0000100001000200002330000000000000
3000030000003001002210030000000200
0120002300130000003203000000023000
0021022000000001000030023300000000
0000000001120202002301030120001300
2000003000030030000300010013000300
0002000000000300000000010200002000
2000000100002300000001002000000030
0100000000010022210000000020300100
0300000000200020130000001000030000
0200020000330030300000002000010000
0000030000000130002101300000001103
0000010000010003000203100000010013
0000000001220301000000000000010231
1000000011000030001000003322100000
0013000000001000000000000000010300
0001001000030030003030000010000000
2001320000000002020010010001100000
3001000011000000020000100202010000
0003200000300110001000000000010303
3001003220000002000000012012012011
0031030020000003001021000001003222
0000000020032310000000002000100000
0303000030000123010020000002011200
0000300203010303001000000000002000
2201023100002000000000003020000000
3000320000002003000010001302030000
0300302001300000300200003000002000
0101000200000020000000030100001000
