33 3
000020000000013000000010002000000
001000300000200003000000000000000
003000100200222020000300000300000
200000002000000101001221301003000
330320003300002001310003002010000
000200000000030002102010103120120
000100200000001003300020000002000
023000300100000130230002000000013
002000013000002100002110100010002
002000002000000000030011000000000
000000031300000100300300100000100
000100000000300000300001000030301
210000003000000010000000000100030
032023010030000301000200000300302
020003100300120300000130000130003
000000000000020000000000020300200
003000000300000020200101020210201
000100310032013030032020000022000
000302003120001100000000000001000
000000030001030303003300000223000
303320000000000000003010002000110
020000000130000000000000000030002
020000000000002000303210300000030
002000300000002010131120000110030
200300020213000021020010200001003
200003000100000000000000000022000
100100002000100031000103001120103
000002020000000001000000000200012
020030020000000003030320103000000
100013202020100130303000010020001
000010000000020200000002000000000
030102011000000323020010002300003
102300000000000002220120100000010
