32 3
03100301000000102000000003001000
01202100303210003300003332000200
00302003103020000000201020100100
22000000000000200033001022200000
31000020002111000100000000000130
00300130000200200000100201110000
02132000000000001300000030000020
20002000010133020001002002000203
00000000000000000033000011200000
30303001300100100330000020000000
01002000020012000200000200000000
00101000003130010020130001130000
00030000003010000010000000000010
03003001000001000303002312100010
00003000003010020000010000300323
00000100032300000000000000000000
20030000010100002102200000303000
00100000000002203200303020020100
13000133023320112020300030000210
00113120303100003002130013002020
01003003300022203200000000000010
00000002000010000300300000020200
01000001002002010002000000000000
00300000000000110000000220001020
00000030100031000000001000001000
00020000000130000002000000032300
30002200000002012000002000030300
22020001100310001300000210032010
10000020000010001300300020003000
00000200000300000100100000002000
20201102000000002000020003030002
00022300330001030001010230000030
