33 3
210110020002100000200003301002003
030110000002000000020001000310033
000013100000000000000200002000000
000100000020000001000300001000030
000012021001002201201011002000100
301001300020002002002000000200003
011003023000000000000000200000113
003200002200000301000300000002210
000010000020030003003020000000000
100003000000103003103220220000000
001000010000300033201000000303310
000100100000030000001000000000201
220201000030201003002200000000032
000010000010000320010000200300000
033000030012010001200032001010030
003000000000000000010000222000100
010000020020102023000000000000102
000030020210000000000320000002202
002020003020300001200000003003000
003300002000100000313000000020001
000030011303010020000003020000030
000001302103200000020230000000300
020000100000000003030110000003002
300023000000210100001100020001000
000000300011000000230011000310000
002200000003100000003001300302000
100030300003000230023000001000000
100102000002030000100200000010100
030000000003000010000000300010300
002003000000001001100202003032301
000000003000000003020002010022000
300000110103220000300000000001000
000303020300000300203000000000000
