31 3
0000000000020000300033301000000
0302102020032203032000020300010
0201000000000000030000000000002
0320000000000000300200301001300
0000001200000010002120003032001
0300000200020010000203020000000
0013000000300100000320030001100
0011200301300030000000200031022
0200000000010001000020000000000
0000022003000032133110003300000
0000000000200200002002300002003
0023320000200100000101010030000
1203020130020100003000110303200
1223110100010323001013000100030
1120200002001001000000000002032
0020000010300200201303010200000
2200002003023000101200020001000
0010100030001001000300000012103
3001000030310000000013000000013
0001020023000000033010000000000
0103100000002300000001020201000
0000200010000000203020000002031
1003010000030001100000032030203
0311001000000000001000000000100
2310010010123000200003000000300
1030020002302100031000003001000
0020200000020300220000000122300
0030030003320000220000003200210
0300011301000000301100000032020
3301030023210200010110010000300
0002000010000000220320020000030
