30 3
002220100000012100000030033000
000002000000000003000020002000
020300000300000200101000200303
003000031013132010110010020010
000022133000000011330330000002
000010001300000000000100302000
000231030033220013302300030010
100011000000003032000000022001
033000000000000300002323303010
000002000120113000310302200013
210000110000020020033021010120
110001020301000003230100000000
300031002000000000000023000100
030030000000000030002003000003
010300000323000002000003012310
100323020031013020000001000000
030012212000012000010302100002
000013000002020013230010220000
200000000012000000100101000000
013133000000030010000320000003
020202110000000220102002000000
022310000023010100220000201110
002020010000000300202301000000
000322003200000130303000000202
010000000030210000000001000303
200300230301020000201001003001
230100320010000010100010000003
112000332000000000011200001000
002013020222000223000000000000
030001000000031000020023010000
