34 3
3000000000010000000001100023000002
1000030001030003020001030000003021
2200000010001000112010000000001000
0000002203031220010102201010100010
0101003011212000003030000000000003
0300003003003302000103301000331002
0003000002130010000003301300000000
0030000000100020322000030001220201
2203000302000001001000000001022000
1000300001000000000002000220000002
2000000000000300300200000000300000
0100220013010003002103213000000100
1310000300020000000000010000000000
1000000000202000020221330003000000
0200002000020300010000000203110000
0200030000000000320000000000000100
0000300020300002000000000002000330
0000030000000311023010230000000000
0000000001010001000000000003020030
0003000002301000000000000000000000
0001002001000000101000003000000020
0000000000200000020010000000200300
0003000000000010002301000300100010
0000001000000000303000030000231000
0030000130200003000033300120010000
2000000311000222200030021000303000
0000000200010000002002000013000000
0000002301002000020000000000030100
0000300003200003000310001000000000
0000002130100200300020001000030000
0000010220030021002000000200000020
0033011020002030000002022210030313
0020121100010000000300000000003000
0000100010000000002302020000000001
