30 3
000002200021013000200003000333
101003002102230000010000101200
100300012210000000030201003001
000023002103020320321000300010
020003000010000120002102000100
033010010030000320103002000200
100013200002010002031000220323
001013003003300001020000000101
100032200012333010002000020210
202000000001003000000100000000
032012300300000100000002003031
330001010000003001330000303000
030002002000203030201201000003
200003000100200001000000002020
000201100010210000300000331103
021000100333000013000000021000
000100000000000001000200000201
010003010003213010020000002000
000201020003000000000200013010
223000000020013000000000030030
002010030010031000020001002000
003203020000023000010000300200
000002000020000010223000001220
000033000000001200000000000003
222312001100000002000000130003
000002202032100230020000030300
330010031000000212321320031000
000100002010300000203010000300
100010001033110000000000203031
002001100013100000000002320000
