316
27 27 27 26
7 27 7 28
3 3 4 3
32 37 31 37
37 27 36 27
35 25 36 25
8 26 9 26
26 24 26 23
30 33 29 33
30 12 30 11
38 26 38 27
27 4 27 5
30 36 31 36
4 14 3 14
20 21 19 21
26 37 26 36
29 26 29 25
10 18 9 18
9 11 10 11
25 25 24 25
17 21 17 20
24 11 24 10
26 23 25 23
30 3 29 3
4 38 5 38
14 31 15 31
18 33 18 34
13 34 12 34
34 13 35 13
2 23 2 22
33 33 32 33
31 36 31 35
24 32 23 32
29 3 29 4
27 33 27 34
17 20 16 20
4 13 4 12
8 1 8 0
12 8 12 7
36 12 36 13
5 27 5 26
5 9 5 10
23 3 24 3
24 4 23 4
36 17 37 17
36 22 36 23
19 5 19 4
9 32 9 33
28 16 28 17
7 28 6 28
2 19 1 19
18 34 17 34
16 37 15 37
32 6 33 6
10 0 10 1
31 15 30 15
7 26 8 26
37 12 36 12
27 18 26 18
7 2 7 1
35 0 35 1
4 27 4 26
35 23 35 22
10 11 11 11
19 32 20 32
31 28 31 29
16 4 16 3
23 37 23 36
22 0 22 1
34 3 34 4
18 37 18 36
9 37 9 36
12 12 12 13
10 22 9 22
11 11 11 10
19 14 18 14
26 17 26 16
19 22 20 22
25 7 25 6
8 31 8 32
31 7 32 7
20 28 21 28
37 10 37 11
26 33 26 32
33 16 33 15
4 24 4 25
5 13 4 13
19 35 18 35
38 21 37 21
18 35 18 34
21 30 21 31
30 21 30 20
19 20 20 20
31 21 30 21
29 25 28 25
18 36 18 35
9 36 8 36
36 7 36 8
6 12 6 11
36 11 35 11
16 9 16 8
32 9 32 10
4 9 5 9
16 36 16 37
5 38 5 37
17 33 18 33
20 16 20 15
23 5 22 5
24 12 24 13
31 11 32 11
25 9 25 8
15 19 16 19
3 11 3 10
38 27 37 27
31 26 31 27
37 13 38 13
8 27 7 27
10 19 10 18
14 22 15 22
31 6 31 5
3 16 3 17
33 14 33 13
14 34 14 35
1 11 1 10
3 34 2 34
30 20 31 20
14 32 13 32
35 11 35 10
16 37 16 38
22 1 23 1
18 11 18 10
3 6 2 6
14 9 13 9
20 15 20 14
16 14 16 13
4 22 5 22
35 24 35 23
19 6 19 5
27 26 27 25
0 24 1 24
18 9 17 9
37 21 37 22
32 7 32 6
0 21 1 21
5 7 5 6
32 11 33 11
36 1 36 0
21 31 21 32
2 35 3 35
21 32 21 33
19 5 18 5
14 35 13 35
36 37 35 37
20 14 19 14
20 11 19 11
5 37 6 37
19 30 18 30
35 28 36 28
23 19 23 20
37 2 38 2
9 18 9 17
17 17 17 16
37 37 36 37
31 38 32 38
3 33 2 33
10 12 10 11
35 31 36 31
20 2 20 1
5 34 5 35
5 14 6 14
6 11 6 10
29 6 29 5
31 35 30 35
32 22 32 21
36 36 35 36
23 13 23 12
15 37 15 36
22 36 22 35
4 13 3 13
11 13 10 13
32 36 32 37
6 1 6 2
35 10 34 10
0 18 0 17
11 9 10 9
35 32 35 33
23 38 24 38
33 31 33 32
22 30 22 29
25 19 26 19
13 9 12 9
30 29 29 29
2 33 1 33
15 31 15 30
30 15 30 16
28 37 27 37
8 11 9 11
1 3 1 2
8 22 7 22
12 9 12 8
1 24 1 25
25 8 24 8
7 7 6 7
8 8 7 8
5 24 6 24
5 22 6 22
27 25 26 25
26 18 26 17
33 6 33 7
20 10 20 11
14 37 14 36
35 37 35 38
24 18 25 18
2 6 2 5
19 26 19 27
19 37 18 37
26 19 27 19
2 17 1 17
23 32 23 33
33 13 33 12
6 2 5 2
12 30 12 31
28 5 28 6
2 4 2 3
37 22 36 22
21 6 21 7
10 20 10 19
33 0 34 0
31 27 31 28
21 5 21 6
22 29 22 30
11 16 12 16
21 29 20 29
19 7 19 6
36 16 35 16
2 36 3 36
3 4 3 3
29 2 30 2
22 17 21 17
2 32 3 32
6 34 6 35
33 11 34 11
8 4 8 3
6 3 6 2
3 13 3 12
19 10 20 10
24 5 25 5
5 2 5 3
4 31 4 32
1 26 2 26
7 11 8 11
24 19 25 19
30 2 30 1
11 34 11 33
26 2 27 2
8 0 7 0
3 14 3 15
9 35 9 36
35 16 35 15
3 12 3 11
24 6 24 7
12 13 13 13
4 26 3 26
20 8 20 7
19 6 20 6
31 28 31 27
27 24 26 24
36 31 37 31
31 3 31 2
15 33 15 34
34 37 35 37
19 31 19 30
23 1 23 2
34 1 33 1
33 23 33 22
38 0 37 0
3 26 3 25
33 1 33 2
23 10 23 11
22 5 22 4
27 5 28 5
4 7 4 6
28 27 28 26
36 8 35 8
27 11 27 10
6 35 6 36
37 31 36 31
7 27 8 27
26 20 26 19
20 27 20 28
14 11 14 10
14 36 13 36
27 9 28 9
29 23 30 23
26 25 25 25
9 36 9 35
11 12 12 12
2 5 2 4
33 7 33 6
32 10 32 11
37 0 38 0
33 6 33 7
23 11 23 10
19 18 20 18
10 13 10 14
3 27 4 27
28 5 27 5
19 15 18 15
8 27 7 27
37 4 37 3
6 38 5 38
35 12 34 12
35 13 35 14
30 14 30 13
3 15 3 16
0 27 1 27
183
7 8 7 10
29 36 33 36
18 10 20 10
7 27 7 31
20 20 23 20
20 29 29 29
3 16 3 17
14 30 15 30
31 18 32 18
7 1 7 3
11 35 11 37
4 3 5 3
20 7 20 10
18 34 27 34
13 29 20 29
23 2 23 4
6 37 11 37
11 37 18 37
16 17 16 19
30 11 32 11
32 11 32 14
25 25 28 25
16 20 20 20
23 10 24 10
29 29 31 29
9 15 9 17
28 22 28 25
14 10 14 14
34 0 36 0
7 22 9 22
34 11 34 12
26 7 26 13
34 11 37 11
33 22 35 22
7 5 18 5
18 32 18 33
2 10 3 10
10 3 14 3
37 32 37 38
7 21 7 22
1 21 1 25
37 30 37 32
11 10 11 17
18 32 20 32
29 33 29 36
30 16 30 21
29 4 34 4
34 4 34 6
35 2 36 2
34 6 34 7
9 20 16 20
36 23 38 23
37 11 37 17
10 9 10 11
6 36 6 37
33 32 33 36
3 3 3 10
23 4 23 10
1 17 3 17
25 20 25 23
16 20 16 25
26 16 26 17
9 17 11 17
24 25 25 25
32 14 32 18
4 10 5 10
9 20 9 22
9 26 9 29
12 33 12 34
18 30 19 30
15 30 15 34
33 7 34 7
36 23 36 25
7 22 7 27
1 34 1 35
20 10 23 10
37 27 37 30
4 6 4 10
18 14 19 14
23 20 25 20
25 33 29 33
38 17 38 23
8 26 8 32
1 17 1 19
21 15 21 17
24 13 26 13
33 12 34 12
26 4 29 4
16 17 21 17
11 17 11 18
7 1 10 1
15 36 19 36
29 24 29 29
9 11 9 12
9 26 11 26
37 17 38 17
23 33 25 33
7 5 7 8
15 30 18 30
32 6 32 11
9 11 10 11
0 25 1 25
24 10 24 13
11 10 14 10
35 15 35 22
32 14 35 14
2 22 2 26
18 5 18 10
23 4 26 4
5 10 5 12
25 5 25 6
7 36 8 36
20 28 20 29
24 21 24 25
7 31 7 34
36 32 36 33
9 17 9 20
6 22 6 24
8 3 10 3
20 20 20 22
26 13 26 16
18 10 18 14
15 34 15 36
20 29 20 32
12 34 15 34
34 0 34 4
7 3 7 5
26 36 29 36
31 18 31 20
1 33 1 34
8 32 12 32
33 22 33 32
14 14 18 14
6 31 6 32
33 32 36 32
6 32 6 36
6 31 7 31
36 30 37 30
8 26 9 26
17 9 17 10
12 32 12 33
6 14 8 14
0 26 2 26
1 21 7 21
35 15 36 15
13 29 13 31
35 22 36 22
19 36 23 36
21 7 21 8
7 8 11 8
28 6 32 6
3 10 3 11
33 7 33 12
6 10 7 10
2 26 2 34
1 19 1 21
4 3 4 4
8 32 8 36
10 11 10 14
20 22 20 28
4 4 4 6
33 15 33 22
36 32 37 32
23 36 26 36
8 14 10 14
2 22 6 22
31 27 31 29
21 33 23 33
10 9 17 9
25 6 28 6
36 0 36 2
3 11 3 16
4 27 7 27
20 12 23 12
36 28 36 30
24 1 25 1
28 22 33 22
14 3 16 3
18 33 18 34
5 12 9 12
1 34 2 34
26 16 30 16
35 14 35 15
