109
4 17 3 17
4 24 3 24
18 26 18 25
16 28 17 28
1 19 1 20
15 15 15 16
26 19 25 19
3 16 2 16
2 11 3 11
16 26 17 26
14 8 14 9
3 9 2 9
6 22 7 22
27 9 27 8
32 27 32 26
1 18 0 18
21 18 21 19
1 8 1 9
0 31 0 30
20 8 21 8
7 23 8 23
3 8 3 7
13 26 13 27
19 31 19 30
0 19 0 20
3 15 2 15
12 12 11 12
21 5 21 6
18 31 18 30
21 10 21 9
29 19 29 18
9 28 9 27
19 3 19 4
31 27 31 26
27 19 26 19
2 17 1 17
2 9 2 10
10 8 9 8
13 1 13 2
19 29 19 28
4 20 5 20
18 6 18 7
25 11 25 12
19 15 19 16
12 27 12 26
27 8 26 8
10 14 10 13
15 10 16 10
6 11 7 11
29 18 29 17
18 25 19 25
29 12 30 12
31 7 30 7
25 31 25 30
24 3 24 2
9 32 9 31
14 4 13 4
1 9 1 10
17 10 18 10
30 7 30 6
17 9 18 9
26 17 25 17
30 27 29 27
28 9 27 9
18 29 17 29
27 13 26 13
22 18 22 17
14 18 15 18
16 30 16 29
30 23 31 23
18 7 18 8
0 30 1 30
8 0 8 1
11 28 10 28
19 11 19 10
8 1 7 1
5 9 6 9
26 30 26 31
17 0 16 0
16 31 17 31
8 4 8 5
5 10 5 9
14 23 15 23
31 23 31 24
29 27 28 27
7 15 7 16
20 23 19 23
22 7 23 7
4 19 4 20
9 31 9 30
7 16 6 16
10 13 11 13
7 32 7 31
3 17 3 16
0 10 0 9
23 17 23 16
5 9 5 8
15 20 15 21
2 1 1 1
8 29 7 29
19 1 19 0
32 2 32 1
22 0 21 0
14 19 14 20
26 8 26 7
27 26 28 26
11 20 12 20
13 4 13 3
15 2 15 3
191
5 4 5 5
20 7 20 9
0 20 1 20
31 26 32 26
4 25 7 25
26 19 26 25
25 13 25 15
1 20 1 23
18 9 18 10
22 4 22 8
5 4 10 4
22 8 24 8
7 21 7 22
7 28 10 28
26 31 29 31
29 26 29 31
17 27 17 28
9 8 12 8
6 9 6 14
11 2 13 2
19 16 20 16
19 10 19 16
24 2 25 2
17 29 17 30
16 12 16 16
29 31 29 32
30 12 30 19
18 10 19 10
16 8 16 10
20 18 24 18
27 6 27 9
4 20 4 25
2 2 2 10
16 0 16 1
18 30 19 30
26 11 26 12
1 20 4 20
13 2 24 2
31 22 31 24
26 19 30 19
18 0 19 0
22 31 26 31
27 6 30 6
0 20 0 26
9 30 11 30
17 26 17 27
0 8 0 9
11 27 13 27
1 17 1 20
13 14 13 20
3 11 3 16
25 12 26 12
2 2 11 2
1 10 1 17
11 30 17 30
25 26 28 26
14 20 14 24
30 19 30 24
7 22 7 24
16 10 18 10
31 24 31 26
25 2 31 2
2 10 2 12
22 12 23 12
13 7 13 8
7 25 7 26
20 9 21 9
17 30 17 31
2 29 2 32
5 8 9 8
6 16 6 19
32 1 32 3
17 27 18 27
22 17 25 17
29 26 31 26
25 2 25 12
14 16 14 20
7 24 7 25
9 8 9 15
28 21 28 26
16 16 16 24
22 30 22 31
25 17 25 19
26 9 26 11
30 24 31 24
13 0 16 0
25 19 25 20
21 8 22 8
13 27 15 27
7 1 10 1
17 15 17 23
2 25 2 27
3 16 6 16
17 31 22 31
20 16 20 18
7 26 7 28
13 6 13 7
13 0 13 2
13 2 13 3
1 1 1 3
23 12 23 16
31 3 32 3
25 17 28 17
10 5 11 5
16 0 18 0
12 8 13 8
17 28 17 29
21 9 22 9
7 29 7 31
11 2 11 5
26 3 26 6
10 20 12 20
27 28 28 28
6 14 6 16
18 8 18 9
24 2 24 8
1 1 7 1
13 9 13 11
24 28 27 28
15 16 15 18
28 7 28 17
3 7 3 11
22 16 22 17
13 3 13 6
16 10 16 12
10 23 10 28
13 20 14 20
3 7 8 7
2 27 2 29
32 3 32 5
17 1 32 1
3 16 3 19
0 3 0 8
30 6 30 12
12 8 12 11
9 21 13 21
21 0 30 0
19 28 19 30
15 16 16 16
3 31 7 31
28 27 28 28
28 26 28 27
7 29 13 29
13 8 16 8
13 21 13 27
22 16 23 16
28 17 29 17
0 26 0 32
2 29 7 29
21 19 25 19
10 19 10 20
13 20 13 21
10 9 10 18
10 4 10 5
15 18 15 21
16 6 16 7
21 19 21 24
6 19 6 24
18 10 18 19
21 3 21 6
19 23 19 25
10 18 10 19
14 25 19 25
6 19 10 19
15 27 16 27
30 3 31 3
26 13 26 15
7 0 7 1
9 21 9 24
0 3 1 3
13 11 13 14
19 25 19 28
1 10 2 10
12 20 13 20
8 5 8 7
18 3 21 3
16 6 21 6
13 27 13 29
17 23 19 23
26 15 26 16
12 11 12 17
26 9 27 9
14 15 14 16
14 24 14 25
23 16 26 16
25 12 25 13
19 19 19 23
19 19 21 19
22 9 22 12
16 7 20 7
25 20 25 26
