38
23 1 22 1
7 23 7 22
17 16 16 16
19 3 19 4
14 1 14 0
19 15 20 15
3 5 4 5
5 22 6 22
22 6 21 6
10 4 10 5
10 15 11 15
11 22 12 22
11 14 10 14
2 16 2 15
6 7 7 7
4 7 3 7
20 4 21 4
12 9 13 9
5 7 4 7
20 16 20 17
23 18 23 19
21 19 20 19
2 23 3 23
18 16 18 15
21 13 22 13
9 9 10 9
23 6 22 6
12 1 12 0
11 17 11 18
4 5 5 5
0 3 1 3
15 6 15 7
1 15 0 15
22 1 21 1
7 21 8 21
0 8 1 8
21 1 21 2
11 4 12 4
162
16 16 16 17
1 23 3 23
11 1 11 2
13 19 13 21
10 5 11 5
12 22 12 23
21 4 21 6
0 5 0 6
14 9 15 9
7 22 10 22
14 11 14 13
15 17 15 19
15 7 16 7
0 14 3 14
3 7 3 11
13 21 13 22
7 13 7 14
4 18 4 22
10 11 10 12
14 11 16 11
6 22 7 22
7 12 7 13
3 13 3 14
6 17 6 22
14 9 14 11
12 20 12 22
13 19 14 19
15 7 15 9
12 5 12 6
20 17 20 19
13 9 14 9
22 0 23 0
3 14 4 14
0 0 0 5
3 7 4 7
4 22 6 22
7 12 10 12
21 6 21 8
3 21 3 22
4 14 7 14
3 11 4 11
16 16 19 16
6 17 9 17
11 18 13 18
12 6 13 6
3 11 3 13
18 17 18 20
10 22 12 22
23 3 23 4
2 3 3 3
3 3 5 3
7 6 12 6
12 22 13 22
0 15 2 15
7 7 7 12
2 11 3 11
0 5 1 5
21 10 21 16
18 17 20 17
7 20 7 22
20 19 23 19
4 0 6 0
12 23 15 23
11 2 11 5
23 14 23 16
6 15 6 17
12 0 12 4
23 16 23 19
10 9 10 11
14 20 17 20
15 17 16 17
6 5 7 5
17 20 18 20
9 21 10 21
21 4 23 4
23 19 23 21
3 3 3 7
0 22 3 22
8 9 10 9
5 4 5 5
0 6 0 9
23 4 23 14
14 19 15 19
8 8 11 8
22 9 22 10
18 13 19 13
3 22 4 22
14 6 20 6
19 13 19 16
14 19 14 20
11 5 12 5
23 0 23 3
6 6 6 12
13 11 13 14
0 14 0 15
22 21 23 21
5 5 6 5
4 14 4 18
12 0 14 0
7 20 8 20
7 14 10 14
14 13 14 19
8 18 11 18
5 13 7 13
20 9 22 9
19 22 22 22
17 0 22 0
9 0 9 3
12 16 12 17
9 0 12 0
8 7 10 7
22 13 22 17
18 8 18 13
4 0 4 1
3 22 3 23
11 18 11 20
11 8 14 8
5 4 9 4
9 4 9 5
22 5 22 6
19 20 19 21
0 9 0 14
11 10 11 15
20 6 20 9
14 5 14 6
9 20 11 20
10 7 12 7
12 14 13 14
19 19 19 20
7 6 7 7
22 6 22 8
22 17 22 18
22 8 22 9
8 7 8 8
9 15 11 15
19 16 21 16
16 4 19 4
19 21 20 21
7 19 7 20
12 14 12 16
21 18 22 18
11 15 11 18
20 2 20 6
12 4 16 4
22 10 22 13
14 6 14 8
20 2 21 2
11 8 11 10
13 9 13 10
20 9 20 15
6 5 6 6
19 2 20 2
8 21 9 21
5 5 5 8
19 2 19 4
13 14 13 18
4 8 5 8
6 0 9 0
7 15 9 15
9 3 9 4
9 20 9 21
19 21 19 22
