34
4 25 4 26
6 11 6 12
3 17 3 18
25 9 26 9
10 6 9 6
23 24 23 25
21 8 21 9
8 13 7 13
5 7 4 7
24 17 25 17
24 22 24 21
0 11 1 11
22 22 21 22
15 15 15 16
4 4 4 3
13 19 13 18
14 19 13 19
21 26 21 25
25 26 26 26
2 17 3 17
6 2 6 3
23 25 24 25
7 15 7 16
20 3 20 2
25 10 25 9
17 21 17 20
1 18 0 18
16 12 15 12
0 1 0 0
9 23 9 22
15 26 15 25
16 10 15 10
5 8 5 7
22 0 21 0
166
24 23 24 25
13 1 13 2
15 9 21 9
21 14 22 14
13 17 13 18
7 1 13 1
5 4 5 7
4 19 4 26
8 6 8 7
15 12 15 16
12 24 12 25
22 23 24 23
23 6 26 6
21 9 21 14
21 25 24 25
7 16 12 16
22 17 22 20
12 25 14 25
5 0 5 2
1 19 3 19
5 0 9 0
5 2 13 2
0 9 0 13
17 20 18 20
13 2 20 2
18 13 18 14
15 10 20 10
10 24 12 24
6 12 7 12
24 15 24 21
25 8 25 9
14 20 17 20
13 0 16 0
6 6 8 6
17 24 20 24
22 14 23 14
8 18 10 18
8 6 9 6
10 18 13 18
17 18 17 20
21 9 23 9
15 16 18 16
14 25 15 25
7 12 7 13
25 19 25 21
18 14 18 16
6 19 6 20
16 0 21 0
23 6 23 9
24 21 24 23
22 14 22 16
9 14 12 14
2 23 3 23
10 26 11 26
9 9 12 9
5 2 5 4
0 13 0 17
0 0 2 0
10 24 10 26
25 21 26 21
9 22 12 22
1 3 4 3
4 2 5 2
25 9 25 11
9 6 11 6
18 14 21 14
4 9 9 9
0 13 3 13
4 19 5 19
18 16 18 20
26 21 26 26
15 9 15 10
3 19 3 23
15 7 15 9
13 7 14 7
4 3 4 6
5 7 8 7
21 0 21 9
7 21 8 21
15 25 21 25
22 16 22 17
8 12 11 12
13 18 17 18
3 19 4 19
9 6 9 9
5 19 6 19
13 17 16 17
2 0 5 0
13 0 13 1
25 16 25 17
3 18 5 18
17 23 17 24
13 7 13 8
24 21 25 21
25 17 26 17
24 9 25 9
23 17 23 22
15 24 15 25
5 24 5 25
6 14 9 14
8 21 8 23
26 14 26 17
12 16 15 16
20 22 20 24
23 9 24 9
3 6 4 6
4 26 10 26
11 10 13 10
12 22 20 22
9 5 9 6
0 0 0 9
1 17 3 17
6 21 7 21
14 11 16 11
3 13 7 13
11 7 13 7
15 7 19 7
14 7 14 11
10 3 12 3
13 8 13 10
8 20 13 20
1 16 1 17
0 18 0 20
8 21 12 21
21 22 21 24
6 3 7 3
26 10 26 11
11 11 11 12
5 21 5 24
3 17 3 18
1 15 1 16
6 18 7 18
5 18 6 18
11 11 12 11
16 11 16 13
0 20 0 26
11 10 11 11
5 21 6 21
2 6 3 6
3 6 3 8
13 3 13 7
1 3 1 11
7 21 7 22
3 4 3 6
12 22 12 24
24 9 24 15
21 21 21 22
12 11 12 14
12 3 13 3
21 24 22 24
7 3 10 3
13 19 13 20
1 15 2 15
6 14 6 18
7 18 7 21
14 6 14 7
21 22 23 22
8 20 8 21
13 19 15 19
26 11 26 14
4 6 4 7
4 10 11 10
15 21 21 21
0 18 3 18
1 11 11 11
12 21 15 21
