116
20 18 19 18
17 5 16 5
7 8 7 7
1 18 2 18
14 6 14 5
15 14 15 13
20 12 21 12
0 5 0 6
19 21 20 21
21 17 20 17
12 21 12 20
16 17 17 17
14 18 14 19
20 2 20 3
3 16 2 16
10 22 9 22
15 11 15 12
12 13 12 12
9 13 10 13
9 2 9 3
9 14 9 13
14 10 14 11
5 14 6 14
15 7 14 7
0 18 1 18
4 11 4 10
14 7 14 6
1 11 0 11
2 5 3 5
12 20 12 19
10 19 10 20
5 15 5 14
11 19 10 19
13 13 12 13
0 17 0 18
19 12 20 12
1 17 0 17
4 3 5 3
9 21 9 20
7 12 8 12
9 0 8 0
4 8 4 9
15 6 15 7
1 18 1 17
19 5 20 5
13 1 13 0
8 21 9 21
1 16 1 15
9 8 8 8
2 9 2 8
6 12 7 12
13 7 14 7
11 15 10 15
19 20 19 21
12 7 11 7
13 21 12 21
1 5 2 5
18 11 19 11
20 3 20 4
14 21 13 21
1 17 1 16
18 15 18 14
7 11 6 11
3 0 3 1
2 7 3 7
2 21 2 20
2 5 2 6
5 16 5 15
10 2 9 2
12 19 12 18
3 15 3 16
13 16 13 15
2 4 2 5
12 14 11 14
0 17 1 17
14 5 15 5
18 18 17 18
18 9 18 10
4 20 4 21
18 3 18 2
18 16 19 16
5 10 5 11
13 9 14 9
8 7 8 6
20 15 20 16
7 2 7 3
8 2 7 2
12 18 11 18
11 5 10 5
11 16 12 16
4 18 3 18
10 0 9 0
8 10 7 10
1 2 2 2
13 3 12 3
14 2 14 3
11 12 11 11
8 14 9 14
16 8 16 7
7 4 6 4
20 5 21 5
3 3 3 4
18 8 18 7
3 5 3 6
13 14 13 13
21 11 22 11
6 15 6 16
21 8 21 7
3 4 3 5
13 4 12 4
3 9 3 10
5 22 4 22
0 3 1 3
16 11 15 11
10 1 10 2
14 4 13 4
184
22 15 22 16
18 17 20 17
6 11 6 14
16 16 16 18
11 9 12 9
2 16 2 17
12 1 12 3
21 5 21 7
19 2 21 2
16 16 19 16
6 14 6 16
8 0 8 1
12 11 12 12
18 17 18 19
4 0 8 0
0 18 2 18
2 17 2 18
3 18 5 18
4 4 4 6
19 1 19 2
16 4 18 4
13 0 14 0
4 16 6 16
20 20 20 21
5 17 5 18
1 4 1 6
4 10 4 13
9 0 9 1
6 10 7 10
19 8 20 8
19 0 19 1
20 16 20 17
4 19 6 19
9 3 9 4
19 13 19 16
16 10 17 10
15 18 15 19
9 4 10 4
17 0 17 1
11 7 14 7
22 16 22 18
4 0 4 2
15 10 15 11
12 15 13 15
12 13 12 15
1 15 1 16
7 3 7 6
21 15 22 15
1 6 1 8
12 1 15 1
16 20 17 20
19 18 19 21
14 11 15 11
14 7 14 9
9 21 9 22
18 1 19 1
15 7 16 7
1 12 1 15
15 7 15 8
16 6 16 7
7 6 7 7
8 12 9 12
19 8 19 11
20 14 21 14
11 7 11 9
7 2 9 2
8 8 8 9
16 21 18 21
5 3 7 3
14 7 15 7
5 3 5 5
16 9 16 10
15 1 15 2
5 11 5 12
13 11 14 11
13 18 15 18
3 8 8 8
2 5 2 6
2 16 3 16
21 12 21 14
3 6 4 6
2 6 2 8
22 1 22 2
0 0 4 0
20 17 20 20
19 6 19 7
20 7 21 7
19 16 20 16
2 17 3 17
4 2 4 4
20 7 20 8
3 18 3 19
15 2 18 2
7 7 11 7
14 14 16 14
13 15 14 15
16 20 16 21
5 18 6 18
10 15 10 16
2 2 2 3
13 19 14 19
1 15 4 15
7 10 11 10
2 22 4 22
4 21 9 21
18 4 20 4
5 2 5 3
2 1 2 2
11 11 12 11
2 8 3 8
7 9 8 9
21 2 21 5
18 21 19 21
9 12 9 13
7 9 7 10
20 8 22 8
0 19 0 20
14 14 14 15
1 1 2 1
19 11 19 13
1 4 4 4
14 19 14 20
5 11 6 11
18 7 18 10
10 12 12 12
20 21 20 22
15 11 17 11
10 16 10 19
4 19 4 21
14 20 14 22
11 18 13 18
10 19 13 19
12 4 12 5
0 22 2 22
20 16 22 16
17 1 18 1
18 10 18 14
0 20 0 22
0 15 0 18
12 3 12 4
6 14 9 14
12 12 12 13
16 14 18 14
12 5 12 6
4 10 6 10
9 14 10 14
0 6 1 6
4 21 4 22
2 1 3 1
10 13 10 14
6 16 6 18
13 11 13 13
12 0 12 1
14 0 17 0
18 6 19 6
10 13 11 13
4 15 4 16
14 20 16 20
18 2 18 4
14 17 15 17
1 8 1 12
2 20 3 20
6 19 10 19
6 6 7 6
14 9 14 11
15 16 16 16
9 12 10 12
16 5 21 5
9 0 12 0
12 6 14 6
9 1 9 2
3 19 3 20
0 18 0 19
11 10 11 11
4 6 6 6
10 5 12 5
15 18 16 18
14 15 14 17
18 6 18 7
9 4 9 5
16 5 16 6
7 3 9 3
10 15 12 15
17 10 18 10
