317
31 11 30 11
36 30 35 30
24 4 24 5
45 36 45 37
15 24 15 25
23 11 22 11
14 38 14 37
40 27 40 28
8 0 7 0
11 10 12 10
4 5 4 6
8 40 8 39
10 0 11 0
13 27 13 26
36 38 37 38
20 45 20 44
5 44 5 43
7 12 7 13
27 29 27 30
2 25 1 25
44 31 44 32
30 1 30 0
2 38 2 37
2 28 1 28
8 14 9 14
8 15 8 14
24 5 23 5
27 20 26 20
18 2 17 2
21 10 21 9
41 23 41 22
8 41 8 42
21 41 22 41
29 13 28 13
17 10 18 10
27 21 28 21
1 12 1 13
30 3 30 4
35 19 34 19
31 34 32 34
25 38 25 39
28 17 28 16
13 17 14 17
2 41 3 41
37 19 38 19
7 13 6 13
21 43 22 43
12 19 11 19
15 30 15 29
15 44 14 44
40 23 40 22
33 42 33 41
15 41 14 41
20 17 19 17
43 23 42 23
45 17 44 17
28 28 27 28
32 26 32 27
5 7 6 7
29 42 29 41
3 43 3 44
42 19 43 19
39 29 40 29
11 19 11 18
16 11 16 12
11 32 11 33
12 26 12 25
24 12 24 11
28 41 28 42
10 44 10 43
28 44 27 44
39 22 38 22
9 30 9 29
20 37 20 36
5 40 5 41
6 34 6 35
34 25 34 26
15 37 16 37
14 43 15 43
39 37 38 37
22 8 22 9
11 25 10 25
27 36 26 36
22 43 22 44
20 11 20 10
25 4 24 4
6 10 6 11
13 45 14 45
11 0 11 1
6 8 7 8
11 30 11 31
3 12 3 13
28 2 28 3
28 21 28 22
2 19 1 19
13 36 13 35
10 41 10 42
22 9 22 10
22 11 22 12
25 39 26 39
19 13 20 13
12 25 12 24
30 38 31 38
19 45 19 44
13 26 12 26
45 45 45 44
15 25 14 25
24 28 24 27
32 34 32 33
3 13 4 13
12 26 11 26
30 26 30 27
24 31 24 30
44 34 43 34
22 44 23 44
37 23 37 24
38 16 37 16
5 15 5 14
25 19 25 18
25 21 25 20
40 22 40 21
15 29 14 29
4 42 4 41
30 27 29 27
11 37 11 38
20 36 20 35
26 20 26 21
12 24 11 24
3 44 2 44
24 11 23 11
42 13 42 14
30 11 29 11
26 13 26 14
19 10 19 11
35 31 36 31
43 19 43 20
27 13 26 13
26 45 25 45
10 12 10 13
33 41 33 40
14 29 14 30
39 7 40 7
28 25 27 25
19 17 19 18
42 23 41 23
19 42 20 42
22 10 22 11
7 0 7 1
14 4 14 3
9 20 10 20
27 34 28 34
33 27 33 26
15 28 15 29
15 7 15 8
2 44 2 43
44 17 43 17
18 41 18 42
44 19 43 19
37 26 38 26
1 16 2 16
38 9 37 9
11 20 11 19
11 21 11 20
41 23 40 23
14 25 13 25
32 33 33 33
33 40 33 39
44 27 44 28
41 15 41 16
5 33 6 33
8 39 9 39
0 11 0 12
18 42 17 42
41 6 40 6
42 14 43 14
27 19 27 18
14 15 15 15
45 44 44 44
23 39 23 40
18 10 19 10
10 13 9 13
1 8 0 8
26 27 25 27
17 2 17 1
21 26 21 27
42 28 43 28
44 43 43 43
16 22 15 22
23 40 24 40
6 13 6 14
41 26 41 25
26 30 26 31
43 24 43 23
45 20 45 21
19 35 19 36
1 15 1 14
15 6 16 6
37 9 38 9
0 43 0 44
17 11 17 12
2 36 3 36
14 34 15 34
25 17 25 16
23 19 24 19
15 27 15 28
31 1 31 0
20 43 19 43
37 24 37 25
21 29 21 28
36 4 37 4
2 6 1 6
1 31 1 30
39 14 39 13
16 2 16 3
2 43 2 42
45 37 44 37
22 41 23 41
33 33 33 32
28 39 27 39
20 18 20 17
11 20 12 20
26 16 27 16
14 41 14 42
28 42 27 42
12 0 11 0
15 22 15 21
38 34 38 33
44 32 43 32
16 6 16 5
43 17 43 16
4 30 4 29
16 25 16 24
21 40 20 40
23 5 24 5
29 45 29 44
40 21 39 21
24 44 24 43
40 6 40 5
25 25 26 25
36 16 36 15
33 26 33 27
28 22 28 21
30 34 30 35
13 25 13 24
8 9 8 10
7 21 8 21
12 35 12 36
39 6 38 6
0 34 1 34
27 28 28 28
43 32 42 32
43 27 42 27
15 34 15 35
15 29 15 30
24 45 23 45
37 38 38 38
15 33 15 34
1 19 1 20
34 22 34 23
27 42 28 42
1 18 2 18
30 44 30 43
27 44 27 43
26 39 26 40
35 20 35 19
12 41 12 40
6 11 5 11
9 14 9 15
36 27 36 26
0 42 1 42
9 9 9 8
17 42 18 42
7 16 7 17
34 18 34 17
12 2 13 2
38 26 38 27
13 35 12 35
28 16 28 17
25 27 25 28
20 29 20 28
45 26 45 27
44 14 44 13
13 18 13 17
5 18 6 18
16 7 17 7
39 19 39 18
16 12 15 12
38 6 39 6
42 39 41 39
23 4 23 3
10 2 10 3
8 42 7 42
45 21 44 21
14 42 14 41
22 3 22 4
35 5 36 5
25 10 26 10
18 22 18 23
19 5 20 5
23 24 24 24
0 12 0 13
9 26 8 26
37 2 38 2
27 35 27 34
29 41 30 41
30 25 30 26
10 27 11 27
9 13 9 12
33 27 33 26
6 7 6 8
11 19 10 19
24 24 24 25
42 27 42 26
32 27 33 27
39 17 39 16
42 4 42 5
38 44 37 44
182
16 5 17 5
17 5 17 7
15 28 20 28
24 4 30 4
35 23 40 23
7 8 9 8
8 3 10 3
24 30 25 30
23 41 23 44
40 28 40 29
2 37 9 37
38 37 38 38
6 35 11 35
37 4 37 6
38 37 44 37
4 6 5 6
6 41 14 41
30 4 37 4
25 30 27 30
23 20 25 20
45 8 45 9
40 16 40 23
43 20 44 20
20 5 24 5
38 10 38 14
7 1 7 6
39 6 42 6
37 6 39 6
38 14 38 19
39 13 44 13
38 32 42 32
14 30 14 37
20 28 21 28
29 11 29 21
10 20 12 20
11 3 11 18
24 4 24 5
20 10 24 10
42 5 42 6
26 36 26 40
24 27 24 30
11 1 17 1
7 6 7 8
39 9 39 10
37 44 41 44
24 35 24 40
23 11 29 11
23 44 23 45
12 17 12 20
27 39 31 39
1 20 4 20
5 30 14 30
28 21 28 27
1 13 4 13
20 15 20 17
43 23 43 28
9 37 9 39
2 37 2 42
44 28 44 37
20 5 20 10
38 10 39 10
23 11 23 20
35 8 39 8
8 26 10 26
33 27 33 32
37 25 37 28
41 40 41 41
20 42 20 44
1 13 1 14
1 44 14 44
35 14 38 14
40 16 41 16
12 20 12 28
17 1 32 1
18 37 18 42
14 3 14 11
39 10 39 13
26 40 41 40
20 35 24 35
41 41 41 44
14 45 23 45
18 42 20 42
17 1 17 5
6 14 8 14
36 29 36 31
4 6 4 13
44 13 44 20
35 25 37 25
25 2 31 2
39 8 39 9
31 33 38 33
31 33 31 38
44 37 44 44
41 16 43 16
27 30 27 34
38 19 38 22
40 28 43 28
5 30 5 35
1 14 5 14
35 17 35 19
1 14 1 20
24 27 28 27
24 19 26 19
5 26 8 26
14 17 16 17
41 44 42 44
16 17 20 17
14 3 16 3
5 6 7 6
43 14 43 16
8 10 8 14
37 25 41 25
28 8 35 8
43 28 44 28
28 21 29 21
19 11 22 11
19 10 19 11
2 42 7 42
24 25 24 27
15 21 15 28
35 16 35 17
22 11 23 11
33 32 38 32
9 12 9 15
4 20 10 20
14 17 14 24
14 44 14 45
31 2 34 2
6 18 11 18
43 20 43 23
31 38 38 38
28 20 28 21
35 19 35 23
21 27 24 27
21 28 21 32
14 11 14 17
29 27 33 27
14 41 14 44
9 37 14 37
14 37 16 37
11 3 14 3
24 40 26 40
6 8 6 14
30 41 41 41
10 26 10 28
31 39 33 39
9 8 9 12
17 35 20 35
39 6 39 8
14 24 14 30
31 2 31 3
17 5 20 5
2 23 2 37
5 35 6 35
8 26 8 28
18 42 18 44
41 20 43 20
28 27 29 27
5 26 5 30
27 34 27 39
29 27 29 33
7 1 11 1
5 41 6 41
6 14 6 18
10 26 11 26
11 2 11 3
33 25 35 25
16 37 18 37
26 19 26 21
14 11 19 11
15 21 26 21
10 3 11 3
36 29 40 29
14 41 17 41
33 26 33 27
35 23 35 25
23 41 30 41
28 17 28 20
20 28 20 35
42 44 44 44
10 20 10 25
33 25 33 26
