48
31 21 31 22
17 20 18 20
1 21 0 21
11 20 11 21
12 34 12 33
30 4 30 3
19 22 20 22
18 30 18 31
34 27 34 28
26 2 27 2
11 31 11 30
8 0 9 0
6 2 6 1
21 8 21 7
2 12 3 12
20 34 20 33
21 20 21 19
34 20 35 20
15 35 15 34
35 17 35 16
10 13 11 13
35 25 34 25
32 33 32 32
33 32 33 33
30 34 29 34
2 35 2 34
30 9 30 10
27 29 27 30
14 1 14 0
21 23 20 23
28 6 28 5
26 18 27 18
33 23 33 22
33 6 32 6
2 26 2 25
16 32 16 31
26 8 26 7
13 6 13 5
30 3 31 3
8 21 8 22
11 3 11 4
15 33 15 32
2 31 3 31
34 28 35 28
8 33 9 33
19 19 19 20
19 1 19 0
35 31 35 32
152
12 4 12 6
14 30 20 30
4 12 5 12
5 28 7 28
29 3 31 3
15 16 17 16
9 21 11 21
18 0 19 0
22 34 29 34
3 12 4 12
7 1 7 13
11 13 11 21
11 21 11 27
31 1 31 3
9 34 15 34
28 3 29 3
20 7 21 7
19 0 19 10
17 19 21 19
6 1 7 1
5 12 5 15
21 19 23 19
15 32 15 34
25 30 27 30
15 34 22 34
1 1 1 10
22 3 28 3
11 4 12 4
1 10 4 10
3 11 3 12
0 14 0 18
2 28 5 28
35 28 35 32
27 1 27 2
4 5 4 10
20 3 22 3
19 13 19 16
0 21 9 21
25 7 26 7
27 30 32 30
5 28 5 31
0 18 0 21
18 31 19 31
19 10 19 13
16 27 16 28
29 9 31 9
28 3 28 5
29 9 29 11
35 20 35 28
31 3 31 9
9 0 9 4
3 0 9 0
32 32 35 32
14 0 18 0
15 25 17 25
2 28 2 34
12 6 12 8
17 16 17 19
2 16 5 16
29 32 32 32
15 8 15 16
13 25 13 26
12 14 12 16
7 13 11 13
26 24 29 24
24 5 28 5
32 3 32 5
1 1 6 1
3 31 3 33
29 16 29 24
2 5 4 5
11 27 16 27
11 27 11 30
4 27 11 27
2 27 4 27
18 0 18 12
7 13 7 20
11 30 14 30
34 25 34 30
2 25 2 27
13 32 15 32
2 27 2 28
11 4 11 13
1 13 1 14
4 10 4 12
32 5 32 6
12 33 14 33
27 18 27 20
32 21 32 22
9 31 16 31
12 6 17 6
29 32 29 34
29 11 29 16
20 3 20 7
20 23 20 25
19 16 29 16
3 31 5 31
20 30 25 30
5 15 5 16
12 16 15 16
12 8 15 8
1 14 1 15
15 18 15 20
12 8 12 10
31 3 32 3
26 7 26 15
27 1 31 1
20 25 32 25
19 33 20 33
17 16 19 16
15 20 15 25
9 28 9 31
2 34 9 34
27 22 28 22
13 25 15 25
32 22 33 22
34 22 34 25
27 20 27 22
9 4 11 4
20 29 25 29
33 13 33 22
33 22 33 24
31 22 32 22
33 22 34 22
21 7 25 7
20 25 20 29
20 22 20 23
10 1 11 1
34 16 35 16
33 30 33 31
18 20 19 20
16 31 18 31
19 31 19 33
20 22 22 22
22 22 27 22
19 20 27 20
19 31 33 31
25 26 25 29
32 22 32 25
9 33 12 33
33 30 34 30
31 10 31 22
9 31 9 33
18 18 25 18
25 18 27 18
15 20 18 20
31 22 31 24
18 20 18 27
30 10 30 14
30 10 31 10
34 16 34 22
34 7 34 16
