318
32 37 33 37
10 15 10 16
24 8 25 8
23 35 23 36
10 38 9 38
13 33 13 34
14 18 13 18
3 1 3 2
26 13 25 13
15 14 15 15
34 5 35 5
17 1 17 2
22 22 22 23
31 36 31 37
22 16 22 17
1 14 1 15
23 29 23 28
26 31 26 30
1 18 1 19
9 5 8 5
27 0 26 0
21 30 21 31
6 0 6 1
38 2 38 3
16 1 15 1
26 0 26 1
22 37 22 36
22 19 21 19
5 20 5 21
15 1 15 2
21 0 21 1
35 32 34 32
3 20 2 20
38 3 37 3
14 27 14 28
28 22 29 22
21 23 20 23
25 0 24 0
26 32 26 33
35 3 35 2
12 29 12 28
26 12 26 13
32 5 33 5
20 30 20 31
4 11 3 11
29 4 29 3
14 15 14 16
30 35 29 35
5 30 6 30
34 8 33 8
0 0 0 1
21 38 21 37
24 34 24 33
8 28 8 27
3 21 3 20
8 23 9 23
36 34 36 33
20 1 19 1
16 11 16 10
16 2 16 3
9 33 10 33
8 7 7 7
18 1 18 0
23 16 22 16
1 15 1 16
21 37 21 36
35 35 36 35
0 1 1 1
12 23 13 23
26 33 25 33
20 35 21 35
23 7 22 7
33 9 34 9
5 16 6 16
33 33 32 33
17 2 17 3
24 32 25 32
7 24 8 24
23 38 23 37
25 1 25 0
15 15 15 16
8 34 9 34
25 8 25 9
4 5 5 5
26 3 27 3
31 24 31 25
22 17 23 17
1 19 0 19
18 30 18 29
23 37 22 37
25 32 25 31
22 38 21 38
34 13 33 13
33 24 32 24
22 37 21 37
31 16 32 16
27 22 28 22
26 19 27 19
1 23 0 23
14 20 14 21
6 24 5 24
1 17 2 17
29 8 30 8
33 8 33 9
2 21 3 21
13 29 13 28
26 13 26 14
32 33 32 32
2 20 1 20
34 9 34 8
30 11 31 11
29 12 29 11
15 16 15 17
33 26 34 26
5 24 5 23
21 35 22 35
25 9 25 10
5 2 4 2
1 21 2 21
6 20 7 20
3 5 3 4
29 1 29 2
28 6 28 5
10 33 11 33
20 2 20 3
33 0 34 0
10 34 10 33
18 26 19 26
17 35 17 34
16 10 17 10
30 5 30 4
5 21 6 21
17 9 17 8
16 32 16 31
20 36 20 37
23 34 23 35
29 3 30 3
34 12 34 13
29 26 28 26
7 3 6 3
32 24 32 25
0 21 1 21
17 37 17 38
21 24 21 23
21 1 21 2
29 27 30 27
28 17 27 17
7 22 7 23
23 30 22 30
30 6 31 6
25 5 25 6
34 1 34 2
8 9 8 8
22 36 22 37
30 34 30 35
26 4 26 5
19 1 19 0
2 10 2 9
31 35 31 36
2 23 1 23
33 5 32 5
24 29 23 29
20 23 20 24
19 2 19 3
21 15 22 15
8 6 8 7
37 11 37 10
35 36 35 37
1 23 1 22
35 19 34 19
33 9 34 9
7 31 7 32
32 36 32 37
12 10 11 10
16 27 16 26
14 33 14 34
31 25 30 25
18 14 18 13
30 4 29 4
11 7 11 8
36 11 37 11
18 9 18 8
37 9 38 9
37 38 37 37
25 27 25 26
32 35 31 35
1 24 2 24
26 23 26 22
13 36 12 36
36 14 36 13
16 26 15 26
37 37 37 38
13 22 12 22
6 30 6 29
18 4 18 5
30 18 31 18
7 33 7 34
7 29 7 30
33 37 33 38
16 35 16 36
6 38 7 38
24 33 24 32
9 6 10 6
8 16 8 17
28 7 28 6
22 8 22 9
26 2 27 2
25 22 25 23
38 13 37 13
13 35 14 35
19 31 19 32
35 33 35 34
9 36 8 36
8 7 9 7
2 13 2 14
10 25 9 25
14 31 14 30
27 1 27 0
13 28 13 27
27 2 26 2
32 28 32 27
22 16 21 16
32 17 33 17
36 36 35 36
3 2 3 3
27 0 28 0
10 7 11 7
36 0 37 0
2 15 1 15
32 27 31 27
3 29 2 29
29 32 30 32
31 22 31 21
24 2 24 3
24 25 23 25
20 9 21 9
29 0 30 0
30 25 31 25
37 8 36 8
1 1 0 1
0 13 0 12
12 28 13 28
21 16 20 16
29 11 30 11
31 27 31 28
29 35 29 36
28 2 28 1
35 36 34 36
17 32 17 33
13 19 13 20
27 7 26 7
18 27 19 27
31 28 31 27
6 13 5 13
17 3 18 3
0 1 1 1
5 7 5 6
18 29 19 29
1 36 0 36
6 12 6 11
14 30 13 30
35 17 35 16
28 23 29 23
16 9 17 9
35 12 35 11
14 12 13 12
19 33 19 34
20 34 21 34
35 5 35 6
3 36 4 36
32 19 32 20
30 32 29 32
13 12 13 11
18 35 19 35
29 14 28 14
23 24 24 24
3 12 2 12
21 34 21 35
18 0 17 0
25 16 25 17
17 15 17 16
11 23 11 24
23 8 24 8
4 32 3 32
14 8 14 9
30 0 31 0
18 23 18 24
2 24 1 24
12 1 12 2
17 0 18 0
13 15 13 14
21 35 20 35
11 7 12 7
20 16 19 16
8 24 9 24
12 13 12 14
3 21 4 21
28 0 29 0
0 14 0 15
31 21 31 22
23 29 24 29
9 14 9 15
37 14 36 14
14 16 14 17
21 14 22 14
27 33 26 33
34 9 35 9
31 20 31 19
7 34 8 34
27 3 27 4
4 9 4 8
24 29 23 29
15 34 15 33
22 24 21 24
19 26 18 26
22 37 22 38
3 20 3 21
37 13 38 13
182
30 27 31 27
30 8 30 10
21 31 25 31
38 10 38 13
22 34 22 35
1 16 1 20
25 6 25 10
10 16 10 21
0 20 0 23
20 35 20 37
14 21 14 28
3 8 4 8
4 8 4 14
17 9 19 9
32 20 34 20
32 37 35 37
4 4 4 8
7 38 9 38
27 26 28 26
4 8 8 8
1 33 2 33
31 31 35 31
18 31 20 31
11 27 11 33
12 36 16 36
27 23 29 23
34 0 34 2
15 2 18 2
10 16 13 16
7 23 7 27
27 6 27 9
30 7 30 8
11 10 17 10
20 37 21 37
25 31 25 33
27 19 27 23
32 20 32 25
14 21 22 21
21 26 21 31
20 31 21 31
9 38 17 38
22 34 31 34
17 9 17 10
18 26 18 31
19 9 19 14
25 2 26 2
30 3 30 7
2 37 2 38
20 31 20 35
38 17 38 18
27 23 27 24
18 31 18 33
14 17 14 21
8 27 11 27
8 11 13 11
1 16 6 16
8 8 8 11
31 27 31 31
9 7 12 7
22 15 22 21
12 36 12 37
37 3 37 10
17 16 19 16
23 28 28 28
34 7 34 8
8 4 8 5
6 26 6 29
25 23 27 23
13 23 13 27
13 16 13 18
25 10 28 10
27 17 27 19
7 21 10 21
9 34 9 38
9 32 9 34
35 31 35 34
30 7 34 7
11 27 13 27
7 21 7 23
30 11 31 11
2 3 2 9
26 33 34 33
6 21 6 26
27 24 27 26
12 7 13 7
8 4 9 4
4 21 6 21
8 5 8 8
34 13 34 17
6 1 13 1
35 34 37 34
28 26 28 28
2 29 2 33
31 25 31 27
17 31 17 33
12 21 14 21
31 35 31 36
0 20 1 20
27 5 27 6
28 10 28 14
13 1 24 1
16 24 16 30
34 17 34 19
8 34 9 34
2 3 3 3
6 16 6 18
13 1 13 7
0 12 0 15
13 28 14 28
30 22 30 27
6 19 6 21
30 17 33 17
22 23 25 23
1 1 6 1
31 36 34 36
15 6 25 6
37 10 38 10
12 37 20 37
13 34 14 34
5 23 5 29
18 2 21 2
26 14 28 14
22 21 22 23
13 11 13 14
36 13 38 13
11 8 11 10
6 16 10 16
25 31 31 31
27 19 31 19
2 33 8 33
2 19 6 19
26 5 26 7
8 33 8 34
31 34 31 35
34 33 34 36
14 28 14 34
17 38 21 38
26 2 29 2
22 35 22 38
16 31 16 36
21 2 25 2
8 8 11 8
9 4 9 7
7 27 8 27
19 14 19 16
21 38 22 38
29 2 34 2
6 29 8 29
2 33 2 37
8 29 8 33
25 23 25 26
35 6 35 9
27 17 30 17
30 11 30 17
12 21 12 22
14 17 15 17
0 7 0 12
30 3 37 3
16 30 16 31
13 14 13 16
1 31 1 33
0 23 5 23
15 6 15 7
5 6 7 6
13 7 15 7
6 1 6 3
24 1 26 1
9 34 13 34
34 32 34 33
26 5 27 5
34 19 34 20
31 9 35 9
2 17 2 19
31 9 31 11
28 10 30 10
17 8 18 8
31 25 32 25
21 23 22 23
26 2 26 5
35 34 35 37
8 34 8 36
34 13 36 13
