113
27 29 28 29
11 8 11 7
5 13 5 14
26 25 26 24
10 2 10 1
1 23 2 23
29 13 29 14
21 8 21 9
22 1 22 2
29 15 30 15
3 0 3 1
16 1 16 2
22 27 22 26
21 9 22 9
6 0 6 1
34 1 33 1
3 31 4 31
10 34 10 33
19 4 20 4
28 29 28 30
22 21 21 21
17 13 18 13
2 23 2 22
20 1 20 0
15 33 15 34
0 0 0 1
32 16 32 17
9 25 8 25
29 31 29 32
16 31 16 30
17 20 16 20
3 6 3 7
30 29 30 30
30 10 31 10
25 33 24 33
10 24 10 23
24 28 25 28
31 25 31 26
19 32 19 33
26 4 26 3
19 3 19 4
23 28 23 29
22 10 23 10
26 18 26 17
6 20 6 19
26 29 27 29
8 33 8 32
31 14 32 14
21 19 20 19
34 23 35 23
10 13 10 14
35 21 34 21
17 32 17 31
16 9 16 8
11 35 11 34
7 24 7 23
2 24 1 24
3 8 3 9
19 17 20 17
26 3 27 3
11 33 11 32
35 32 34 32
28 30 28 31
25 4 26 4
6 1 5 1
13 22 13 23
31 26 32 26
10 27 9 27
23 35 23 34
20 27 21 27
26 34 25 34
5 14 4 14
10 33 9 33
30 15 30 14
10 23 10 22
1 26 2 26
16 12 16 13
29 14 28 14
16 21 16 22
26 2 26 3
20 11 19 11
34 18 35 18
11 34 11 33
23 34 23 33
28 6 28 7
7 32 7 31
9 10 10 10
22 2 22 3
1 28 0 28
33 7 33 6
28 14 27 14
22 26 21 26
14 7 14 6
19 34 20 34
29 5 28 5
27 0 28 0
13 14 13 15
31 15 30 15
20 4 20 5
3 9 4 9
14 6 13 6
11 32 12 32
12 31 13 31
3 23 4 23
7 35 6 35
3 25 3 26
35 6 34 6
23 27 23 28
17 24 16 24
26 16 27 16
8 6 8 7
20 7 21 7
18 12 19 12
187
13 25 13 26
10 8 10 10
16 8 17 8
13 1 27 1
8 16 8 22
26 24 26 26
8 10 8 16
30 6 33 6
5 16 5 18
34 21 34 26
19 5 19 11
13 31 14 31
2 22 2 26
14 31 17 31
6 16 8 16
26 8 26 10
5 0 5 1
15 22 16 22
25 32 29 32
30 30 30 32
4 22 8 22
12 5 12 6
27 14 30 14
0 26 2 26
25 10 26 10
26 26 32 26
7 31 7 33
29 32 30 32
0 26 0 28
33 1 33 3
22 17 26 17
15 34 20 34
20 31 20 33
25 32 25 34
8 10 10 10
22 16 22 17
8 2 16 2
10 1 13 1
26 4 26 8
18 4 19 4
4 23 7 23
27 16 28 16
7 23 13 23
26 3 26 4
8 22 10 22
32 26 34 26
16 20 16 22
5 16 6 16
15 8 16 8
18 3 21 3
26 30 30 30
27 3 27 14
10 8 13 8
12 14 12 18
20 34 21 34
5 5 5 7
22 9 22 11
13 6 13 8
1 0 5 0
21 2 21 3
27 3 33 3
7 34 15 34
13 19 16 19
0 1 0 10
32 26 32 28
24 9 24 16
2 22 4 22
8 7 11 7
21 3 22 3
22 4 22 5
10 22 15 22
33 3 33 6
1 2 1 4
21 21 21 26
19 4 19 5
13 8 15 8
34 6 34 8
6 35 20 35
13 26 13 31
4 31 4 35
27 14 27 16
20 25 20 31
0 28 6 28
3 2 3 7
26 10 26 17
12 5 19 5
20 31 25 31
13 23 13 25
21 20 23 20
5 7 8 7
26 24 28 24
26 3 27 3
10 14 10 22
12 6 13 6
26 28 26 30
4 22 4 23
21 34 25 34
23 24 25 24
1 21 1 24
1 14 3 14
34 29 35 29
18 13 18 15
10 14 12 14
1 2 3 2
9 13 9 14
34 14 34 19
20 34 20 35
28 5 28 7
8 2 8 7
31 7 31 8
9 24 9 27
27 19 27 22
4 35 6 35
12 33 19 33
23 28 25 28
7 30 7 31
22 3 22 4
3 1 3 2
16 13 18 13
1 24 1 25
21 0 28 0
19 26 19 33
22 11 22 14
1 14 1 21
25 2 25 8
13 0 13 1
31 8 34 8
6 9 6 16
33 29 34 29
22 9 24 9
4 11 4 14
34 26 34 29
6 28 6 35
4 9 6 9
31 10 31 16
32 17 32 26
3 7 5 7
23 25 23 28
34 32 34 33
16 2 21 2
20 33 23 33
20 22 20 25
30 33 34 33
26 17 32 17
28 7 31 7
13 3 18 3
34 33 34 34
26 26 26 28
7 33 9 33
20 5 22 5
25 24 26 24
27 1 27 3
20 17 20 19
9 13 16 13
25 28 25 31
16 19 17 19
0 1 3 1
17 19 20 19
21 20 21 21
23 20 23 24
25 31 28 31
22 5 22 9
4 14 4 17
3 14 4 14
20 19 27 19
4 17 4 19
5 1 10 1
31 8 31 10
11 33 12 33
34 8 34 13
4 19 6 19
35 28 35 29
10 11 16 11
21 2 25 2
16 13 16 19
17 19 17 21
27 18 27 19
3 7 3 14
9 33 11 33
10 3 13 3
16 11 16 13
17 21 17 30
9 27 9 33
20 5 20 17
34 13 34 14
19 33 20 33
20 19 20 22
