118
5 17 5 16
6 16 7 16
9 12 9 13
2 17 2 16
19 17 19 16
21 8 20 8
10 11 10 10
6 5 7 5
0 7 0 6
1 9 2 9
8 18 7 18
16 13 15 13
19 11 19 10
12 8 12 9
2 11 2 10
2 4 2 3
10 12 9 12
4 4 3 4
1 4 1 5
18 11 19 11
2 20 2 21
14 13 14 12
17 13 16 13
22 0 22 1
1 17 2 17
14 18 13 18
11 10 12 10
22 6 21 6
18 17 19 17
4 5 4 4
21 15 20 15
17 11 18 11
16 15 16 14
7 13 7 12
1 1 1 0
19 14 19 15
20 9 19 9
0 18 0 19
6 4 6 5
0 22 1 22
6 21 6 20
1 11 2 11
16 20 17 20
6 2 6 1
0 19 1 19
8 15 8 16
2 11 2 12
1 14 2 14
1 18 0 18
11 12 10 12
21 9 20 9
14 9 15 9
5 12 5 11
10 13 10 14
10 12 10 11
19 21 19 22
16 11 16 12
12 7 12 8
12 11 12 12
1 19 1 20
10 20 10 19
8 1 8 2
8 2 9 2
3 13 3 12
9 5 9 6
11 11 11 10
0 2 1 2
2 17 3 17
4 0 5 0
2 16 2 15
17 14 17 13
0 4 1 4
12 10 12 11
13 22 13 21
15 17 14 17
1 6 1 7
21 4 22 4
21 2 21 3
0 9 1 9
3 17 3 18
16 2 15 2
8 22 8 21
16 3 17 3
9 1 8 1
5 16 6 16
5 6 6 6
19 3 18 3
17 20 17 19
5 2 6 2
7 9 7 8
0 11 1 11
6 15 6 14
7 19 7 20
16 19 16 20
9 4 10 4
4 17 3 17
19 11 19 12
11 13 10 13
1 11 2 11
9 8 9 7
15 2 14 2
8 20 9 20
3 17 2 17
3 11 4 11
13 17 12 17
5 11 6 11
16 4 16 3
12 21 12 20
16 20 16 21
13 11 14 11
8 10 9 10
9 15 9 14
1 13 1 14
7 12 6 12
4 19 5 19
2 19 2 20
6 13 7 13
17 9 16 9
182
12 20 12 22
2 1 2 2
13 12 14 12
5 0 5 3
5 21 8 21
0 15 1 15
12 12 13 12
3 5 3 7
14 1 14 2
7 4 8 4
6 10 6 11
1 10 2 10
17 18 17 19
5 8 5 9
1 20 2 20
5 18 7 18
8 12 9 12
20 14 20 15
6 11 7 11
15 12 16 12
10 16 11 16
2 11 2 12
19 6 19 8
10 15 13 15
18 3 20 3
14 21 15 21
9 12 12 12
21 18 22 18
7 4 7 5
13 15 13 18
18 21 18 22
12 20 13 20
17 17 17 18
1 14 1 15
1 20 1 22
2 17 2 18
2 10 5 10
1 4 3 4
15 0 16 0
5 20 5 21
21 1 22 1
6 6 8 6
10 7 10 8
15 20 18 20
17 0 17 3
10 4 14 4
1 15 1 20
8 14 8 16
12 9 12 11
8 9 8 11
10 18 10 19
11 16 11 17
5 14 5 18
15 7 16 7
8 19 8 21
10 14 10 15
0 6 2 6
2 2 2 3
8 0 9 0
18 9 18 11
4 3 4 4
14 0 15 0
18 1 18 3
6 10 7 10
9 19 9 20
6 14 7 14
9 11 10 11
2 20 5 20
1 10 1 14
16 21 18 21
16 0 17 0
6 1 7 1
18 15 19 15
18 15 18 16
13 13 15 13
18 4 19 4
14 12 15 12
21 3 21 6
2 18 2 20
2 3 4 3
7 13 7 14
0 3 0 6
10 7 13 7
9 14 10 14
7 14 8 14
6 20 7 20
17 3 18 3
15 7 15 9
5 13 7 13
18 3 18 4
14 17 14 21
8 19 9 19
14 21 14 22
3 8 4 8
0 10 1 10
12 22 14 22
3 4 3 5
7 8 7 10
18 21 22 21
9 3 10 3
2 21 3 21
13 18 13 19
12 18 12 19
4 18 5 18
0 1 0 3
19 6 20 6
7 11 8 11
7 1 8 1
20 15 20 16
8 6 8 7
2 5 2 6
0 6 0 10
8 1 8 4
0 13 0 14
3 7 3 8
1 2 1 3
0 1 2 1
8 16 10 16
18 16 18 20
4 11 6 11
10 3 10 4
1 3 1 4
14 11 14 12
12 8 13 8
6 6 6 8
18 11 18 13
18 11 21 11
8 6 9 6
18 13 18 15
4 13 5 13
21 11 21 17
4 3 5 3
13 10 13 12
8 11 8 12
4 4 7 4
8 8 8 9
3 15 3 18
7 17 10 17
14 4 14 6
8 8 10 8
13 8 13 9
15 11 18 11
3 12 6 12
14 17 17 17
16 12 16 13
9 0 9 2
10 19 12 19
9 3 9 6
10 14 12 14
6 14 6 16
21 17 22 17
13 9 15 9
9 20 12 20
9 2 9 3
18 9 19 9
21 1 21 3
3 18 4 18
5 9 5 10
5 18 5 19
13 13 13 15
10 13 10 14
12 18 13 18
14 4 18 4
21 6 21 11
2 7 3 7
7 17 7 18
20 3 21 3
2 9 2 10
5 10 6 10
3 12 3 15
7 11 7 13
7 18 7 20
10 11 12 11
18 20 18 21
15 9 15 11
12 8 12 9
3 5 6 5
6 5 6 6
13 15 18 15
10 17 10 18
2 12 3 12
12 17 12 18
