212
2 22 3 22
17 8 16 8
26 16 26 17
9 8 9 9
1 18 2 18
19 24 19 25
22 20 21 20
7 21 7 20
27 8 27 9
10 27 10 26
21 1 22 1
24 27 25 27
21 19 20 19
29 1 29 0
22 24 22 25
1 14 1 15
29 13 30 13
8 5 8 4
25 23 25 22
23 16 24 16
6 5 7 5
10 22 10 21
6 21 6 22
22 23 22 24
27 16 26 16
23 8 24 8
20 7 21 7
1 15 0 15
0 17 0 16
7 26 6 26
25 12 25 11
13 6 13 5
24 26 24 27
26 21 27 21
4 23 4 22
2 21 1 21
4 1 5 1
23 6 22 6
5 15 4 15
5 27 4 27
8 14 8 13
23 0 23 1
20 20 19 20
28 19 28 18
29 27 28 27
1 7 1 8
24 23 24 22
4 2 4 1
5 1 5 2
9 30 9 29
28 23 27 23
10 25 10 24
24 7 25 7
0 25 0 26
22 1 22 0
13 29 14 29
28 13 29 13
6 6 6 7
11 6 11 7
5 6 6 6
2 15 2 16
6 6 6 5
11 21 11 22
4 11 4 10
4 18 3 18
17 24 17 23
28 18 28 17
27 15 28 15
19 20 19 21
27 0 27 1
29 2 29 1
29 10 29 9
7 5 8 5
23 17 23 16
29 7 29 8
5 23 5 22
24 25 24 24
1 9 2 9
16 17 16 16
23 18 23 17
23 29 23 30
27 27 26 27
7 28 8 28
4 7 3 7
25 7 25 6
7 20 6 20
19 7 19 8
0 18 1 18
0 7 1 7
2 25 3 25
24 6 24 7
9 27 9 26
3 4 4 4
21 20 20 20
10 7 10 6
26 27 26 28
4 6 4 7
4 5 4 6
0 24 0 25
14 4 14 5
29 1 30 1
13 21 13 22
28 1 28 0
4 6 5 6
29 8 30 8
15 27 15 28
11 2 11 3
11 3 10 3
1 24 2 24
18 9 18 10
24 0 23 0
7 29 7 30
2 23 2 22
22 25 23 25
9 13 10 13
26 24 26 23
19 17 19 16
23 11 24 11
18 27 17 27
3 20 3 21
2 18 2 19
27 17 27 16
8 22 9 22
0 25 1 25
3 2 3 1
15 21 15 22
23 1 22 1
17 26 18 26
12 9 11 9
13 16 13 15
3 18 3 19
12 20 12 21
23 2 23 3
26 23 25 23
8 5 8 6
5 4 5 5
2 4 2 5
23 15 23 14
17 25 17 26
5 18 4 18
13 22 12 22
9 18 8 18
1 4 1 3
5 8 4 8
15 22 14 22
15 28 16 28
17 30 18 30
28 14 29 14
0 23 0 24
20 30 19 30
18 20 19 20
19 30 19 29
14 29 15 29
21 0 21 1
17 29 18 29
0 4 0 3
2 16 1 16
9 10 8 10
25 22 25 21
1 5 1 4
18 12 17 12
7 16 6 16
3 5 3 4
5 2 6 2
28 12 28 11
7 1 7 0
7 10 6 10
17 23 18 23
27 23 26 23
25 26 24 26
20 17 19 17
26 12 25 12
4 15 3 15
24 18 24 17
30 23 30 24
0 22 0 23
10 13 9 13
11 1 11 2
23 3 23 4
6 10 5 10
16 6 17 6
0 2 0 1
20 19 20 18
8 23 9 23
26 17 27 17
4 18 5 18
0 5 0 4
22 21 22 20
14 27 14 28
28 5 27 5
17 6 16 6
5 10 6 10
2 0 3 0
14 14 15 14
22 24 21 24
20 10 20 11
1 18 2 18
19 25 20 25
19 17 19 18
7 24 8 24
7 11 8 11
9 14 8 14
24 15 25 15
11 2 11 3
2 2 3 2
5 14 6 14
29 19 29 20
3 4 2 4
9 5 10 5
16 15 17 15
0 21 0 22
7 8 8 8
186
6 2 6 4
19 8 19 10
3 25 5 25
23 4 23 10
18 29 18 30
20 0 20 8
8 28 10 28
25 27 28 27
19 21 20 21
10 6 16 6
7 30 18 30
23 25 23 30
5 6 7 6
10 21 12 21
13 8 13 15
28 28 28 30
19 16 23 16
23 23 25 23
0 1 1 1
16 16 19 16
1 8 4 8
30 8 30 11
11 16 11 17
1 8 1 11
4 8 6 8
10 17 10 21
3 24 3 25
9 26 10 26
15 26 15 29
7 15 7 18
20 21 20 23
8 12 9 12
5 25 5 28
27 30 28 30
25 24 27 24
4 10 4 12
4 4 6 4
25 24 25 27
7 18 8 18
6 18 6 20
25 12 27 12
27 17 27 21
0 16 1 16
2 13 2 17
8 21 10 21
1 17 2 17
9 24 9 25
27 17 28 17
6 14 7 14
5 28 5 29
19 21 19 27
24 7 24 8
19 16 19 18
6 7 11 7
10 3 11 3
18 26 18 28
1 7 1 8
14 16 14 21
19 10 21 10
18 30 23 30
9 3 10 3
24 8 24 10
24 24 24 26
15 26 17 26
23 24 24 24
11 7 11 9
1 23 1 25
20 0 22 0
14 15 14 16
11 17 11 19
3 19 3 21
30 18 30 22
4 7 4 8
6 4 6 5
21 7 21 10
4 9 4 10
28 11 30 11
9 9 10 9
4 4 4 7
19 10 19 11
1 1 2 1
18 28 19 28
6 5 10 5
11 15 11 16
20 25 23 25
2 10 2 13
6 12 6 14
1 11 1 16
9 9 9 12
16 8 19 8
20 21 21 21
5 21 8 21
19 20 20 20
5 18 6 18
21 18 21 21
2 18 5 18
14 16 16 16
24 10 24 11
14 26 15 26
7 14 8 14
28 11 28 15
5 25 7 25
22 0 23 0
23 22 23 23
22 13 22 15
14 21 14 22
30 11 30 13
9 16 11 16
23 30 24 30
12 22 12 25
11 9 11 15
8 18 8 21
23 0 23 4
4 9 9 9
27 9 29 9
16 28 18 28
24 30 27 30
27 21 27 24
6 24 8 24
28 27 28 28
12 21 14 21
6 23 6 24
1 17 1 21
25 14 25 15
28 0 29 0
20 18 20 20
9 25 12 25
5 7 6 7
18 10 19 10
8 3 9 3
25 15 25 18
22 10 23 10
25 14 27 14
7 14 7 15
3 21 3 22
19 11 20 11
2 17 2 18
3 21 5 21
1 25 1 27
7 2 9 2
23 23 23 24
5 5 5 6
18 10 18 13
1 2 3 2
8 27 8 28
10 5 10 6
24 7 26 7
8 15 11 15
1 27 4 27
5 6 5 7
27 9 27 12
4 10 6 10
7 25 7 30
11 26 14 26
2 10 4 10
23 0 28 0
21 18 25 18
22 15 25 15
2 17 3 17
3 15 3 17
25 12 25 14
3 2 6 2
26 7 27 7
8 24 9 24
16 6 16 8
13 8 16 8
10 9 11 9
28 15 28 17
10 26 11 26
15 29 18 29
20 23 23 23
13 15 14 15
1 23 6 23
1 21 1 23
19 27 19 28
20 11 24 11
29 0 29 9
24 12 25 12
6 12 7 12
23 4 26 4
25 23 26 23
10 3 10 5
19 18 19 20
8 24 8 27
14 22 14 26
18 23 18 26
