210
25 31 25 32
12 13 12 14
36 1 36 2
18 37 19 37
4 17 5 17
1 35 0 35
25 33 25 34
37 4 36 4
9 27 10 27
0 15 0 14
17 11 17 10
34 34 34 35
37 1 37 0
28 4 28 5
9 29 8 29
30 16 29 16
11 25 11 26
6 11 7 11
13 27 13 26
25 35 25 36
37 6 36 6
25 10 26 10
14 16 14 17
15 26 15 27
35 24 36 24
9 12 9 13
0 4 1 4
0 28 1 28
35 2 35 1
32 14 32 15
2 15 3 15
5 13 4 13
32 11 32 10
22 2 22 3
19 19 18 19
32 2 32 1
12 3 12 2
33 10 34 10
26 35 26 36
27 25 27 26
1 34 2 34
15 14 15 13
2 17 1 17
20 27 21 27
4 15 5 15
31 15 30 15
0 14 1 14
2 31 3 31
4 4 4 3
1 29 2 29
32 34 32 35
0 13 1 13
31 3 32 3
2 29 3 29
17 29 18 29
37 3 36 3
1 15 2 15
2 36 3 36
9 22 9 23
25 11 26 11
33 1 33 2
24 35 23 35
22 33 23 33
9 23 10 23
12 20 11 20
5 25 5 26
30 15 29 15
19 27 20 27
15 7 15 8
19 0 19 1
20 27 20 26
34 10 34 11
19 28 19 27
26 28 26 27
7 9 6 9
35 1 36 1
35 30 34 30
22 22 22 23
14 19 13 19
20 22 19 22
34 7 33 7
29 14 28 14
9 11 10 11
18 1 17 1
13 36 12 36
10 23 10 24
1 27 1 26
22 16 23 16
29 16 28 16
20 19 19 19
15 21 15 20
2 18 3 18
1 36 2 36
3 33 2 33
13 12 13 13
25 36 25 37
33 0 33 1
19 19 19 18
19 22 18 22
32 21 32 22
36 1 36 0
26 4 25 4
6 36 5 36
2 23 3 23
16 9 16 10
2 21 3 21
24 10 25 10
5 15 5 16
18 23 19 23
16 10 16 11
6 6 7 6
34 1 34 2
30 12 30 11
25 6 25 5
17 28 16 28
21 37 22 37
5 16 4 16
0 5 0 4
32 10 33 10
33 1 34 1
35 28 36 28
23 35 23 34
37 31 36 31
26 36 25 36
19 37 19 36
21 18 22 18
27 19 27 18
1 32 0 32
19 23 19 22
6 9 6 10
7 22 7 23
15 20 14 20
17 23 18 23
29 11 29 12
4 24 4 25
20 17 21 17
9 13 10 13
5 17 6 17
22 37 22 36
19 1 19 2
31 1 31 2
7 11 7 12
4 37 4 36
31 19 31 20
18 10 18 11
8 21 8 20
31 9 31 10
21 22 21 21
3 21 4 21
29 15 28 15
9 10 9 9
24 3 25 3
8 23 8 22
6 19 6 20
5 2 6 2
7 6 7 7
30 28 30 29
28 5 29 5
5 26 4 26
4 22 3 22
17 30 17 29
14 35 13 35
19 2 20 2
32 22 32 23
8 30 9 30
26 5 26 4
11 36 11 37
15 31 15 30
8 24 7 24
22 11 22 12
17 19 17 20
3 24 3 25
27 31 27 30
34 27 35 27
13 26 14 26
23 18 23 17
12 36 12 37
18 23 18 24
14 28 15 28
6 12 5 12
30 1 30 0
12 14 12 15
2 16 2 17
34 4 34 3
21 19 20 19
18 27 18 28
3 18 3 17
21 21 21 22
27 30 26 30
13 13 12 13
15 16 15 17
35 0 35 1
21 24 21 25
4 25 5 25
27 23 28 23
9 28 9 27
7 23 6 23
22 20 22 21
31 12 31 13
1 28 2 28
2 0 2 1
36 2 35 2
28 11 29 11
1 33 1 32
28 33 29 33
7 12 6 12
14 31 14 30
33 28 33 29
12 4 12 3
14 36 14 37
190
8 29 8 32
4 33 6 33
10 24 11 24
8 32 8 36
5 21 11 21
1 26 1 31
28 15 28 16
10 24 10 27
29 5 29 10
29 5 31 5
1 23 1 26
37 33 37 34
10 13 10 15
13 0 13 2
28 14 30 14
37 0 37 10
21 23 21 25
33 7 33 10
0 31 1 31
4 36 5 36
7 25 7 32
1 13 1 14
33 10 37 10
2 28 2 33
37 25 37 33
13 0 18 0
20 28 25 28
10 8 10 10
36 0 37 0
21 27 26 27
31 2 31 5
18 0 22 0
6 4 18 4
18 28 18 29
25 5 25 10
29 11 30 11
23 16 28 16
29 26 32 26
1 17 1 23
22 0 30 0
31 34 35 34
1 31 1 32
11 21 11 24
21 17 21 20
2 34 2 36
6 2 6 4
30 0 36 0
10 15 11 15
35 34 37 34
28 13 28 14
19 27 21 27
25 32 28 32
18 3 18 4
21 22 21 23
19 12 19 18
22 32 22 36
10 29 10 33
12 18 12 21
25 28 25 32
1 26 4 26
6 17 6 20
30 14 30 18
14 18 17 18
10 10 17 10
25 4 25 5
23 26 27 26
10 29 17 29
23 22 23 26
19 22 19 25
16 12 19 12
5 21 5 23
4 21 4 26
18 29 23 29
17 18 19 18
21 22 23 22
6 12 6 15
28 32 32 32
29 22 29 26
17 9 17 10
11 21 12 21
4 21 5 21
6 20 8 20
32 23 35 23
20 37 25 37
23 17 23 22
33 4 33 7
23 16 23 17
3 17 3 22
5 36 5 37
26 27 35 27
29 18 30 18
1 14 1 17
2 33 2 34
18 11 26 11
19 25 19 26
18 0 18 3
6 4 6 10
35 27 35 29
3 14 3 15
2 11 10 11
11 26 14 26
11 17 14 17
6 17 11 17
25 34 25 36
35 29 35 34
35 4 36 4
32 23 32 26
22 0 22 1
27 26 29 26
7 7 10 7
16 28 18 28
7 32 7 34
22 1 23 1
5 36 8 36
35 4 35 8
1 4 6 4
23 1 32 1
2 15 3 15
31 14 34 14
30 11 30 14
6 15 6 17
13 31 13 35
1 0 1 4
21 25 21 27
17 29 17 37
34 2 35 2
8 29 10 29
12 0 13 0
34 1 34 2
22 36 25 36
14 18 14 20
25 2 31 2
1 32 1 37
31 13 31 14
18 7 18 11
3 15 3 17
2 11 2 13
31 14 31 20
17 37 20 37
10 11 10 13
14 37 17 37
2 34 4 34
29 10 29 11
21 20 21 22
15 28 16 28
27 18 29 18
1 13 2 13
4 26 4 33
6 10 10 10
5 25 7 25
18 20 18 21
10 13 12 13
18 21 18 22
14 27 15 27
36 3 36 4
10 27 14 27
11 20 11 21
12 21 18 21
12 13 15 13
32 28 32 32
31 10 33 10
3 15 6 15
10 7 18 7
3 22 3 23
21 2 25 2
33 2 34 2
18 4 25 4
19 18 19 22
16 11 18 11
35 1 35 2
26 20 31 20
25 34 31 34
35 2 35 4
17 29 18 29
26 11 29 11
30 14 31 14
10 10 10 11
15 27 19 27
26 11 26 12
14 26 19 26
26 27 26 30
26 12 26 13
7 24 7 25
18 28 20 28
4 16 4 21
7 32 8 32
31 2 33 2
14 17 14 18
16 11 16 12
4 34 4 36
