42
12 6 13 6
25 21 25 22
1 0 2 0
4 21 5 21
26 26 25 26
12 12 13 12
25 2 26 2
34 10 33 10
5 1 4 1
34 9 34 10
5 23 4 23
28 33 27 33
32 32 32 33
6 24 6 25
22 2 22 1
32 14 33 14
19 28 19 29
14 5 14 6
10 32 11 32
32 26 31 26
25 30 25 31
10 34 10 33
11 28 11 29
26 12 26 13
22 9 23 9
19 16 19 15
17 28 18 28
6 26 5 26
35 9 34 9
9 25 9 26
29 14 29 13
20 17 19 17
4 25 5 25
8 0 8 1
36 11 36 10
32 24 32 23
30 32 30 31
33 23 34 23
8 15 9 15
5 26 5 27
2 30 3 30
19 15 18 15
158
26 13 29 13
23 13 23 17
0 2 0 8
32 31 32 33
29 13 32 13
25 17 25 19
36 10 36 19
15 22 15 25
11 29 12 29
5 12 6 12
20 13 20 23
5 25 5 27
5 27 5 32
13 6 13 12
15 22 18 22
17 2 17 15
22 17 23 17
15 2 17 2
3 27 3 30
23 36 33 36
18 18 18 22
20 36 23 36
13 12 13 13
14 6 14 25
14 25 15 25
27 33 32 33
5 12 5 21
32 10 32 13
3 27 5 27
12 17 12 26
18 22 18 28
23 9 24 9
21 13 21 21
23 9 23 13
10 17 11 17
35 4 35 10
20 13 21 13
3 33 10 33
23 17 25 17
24 31 25 31
27 28 27 29
25 17 34 17
13 6 14 6
9 26 10 26
33 21 33 30
35 10 36 10
10 26 12 26
17 15 18 15
6 12 6 13
9 16 9 26
25 19 36 19
5 32 6 32
9 15 9 16
21 13 23 13
10 26 10 33
24 28 24 31
24 28 27 28
12 26 13 26
33 30 33 31
27 29 27 33
29 8 29 13
26 3 26 13
33 31 33 36
5 4 5 12
3 30 3 31
36 8 36 10
15 16 15 22
18 15 18 16
18 16 18 18
5 21 5 25
12 26 12 29
11 29 11 30
0 8 0 10
26 2 26 3
29 4 29 8
9 10 9 15
32 23 32 31
23 13 26 13
26 23 32 23
2 18 2 34
13 13 13 26
7 14 8 14
15 27 15 29
0 10 0 22
3 31 3 33
32 31 33 31
19 33 22 33
9 34 12 34
33 10 33 12
32 9 32 10
30 31 32 31
19 29 21 29
18 36 20 36
2 0 2 15
13 1 13 4
17 2 26 2
2 0 3 0
11 3 11 5
0 34 2 34
25 22 25 26
7 26 9 26
15 29 19 29
15 26 15 27
21 21 33 21
13 34 15 34
8 14 8 25
22 22 22 28
19 1 22 1
29 25 29 26
16 4 16 16
15 34 25 34
12 34 13 34
11 36 13 36
2 15 2 18
10 17 10 26
6 22 6 25
6 25 8 25
19 17 19 29
6 25 6 30
19 29 19 33
12 10 12 13
3 7 3 10
34 9 34 10
4 15 4 23
24 14 33 14
3 0 3 6
3 14 3 15
13 34 13 36
3 6 3 7
33 12 33 14
22 22 25 22
3 15 3 25
33 1 33 10
29 31 29 32
2 34 9 34
22 28 22 33
29 26 29 31
13 4 13 5
34 7 34 9
11 13 12 13
4 1 8 1
4 1 4 15
8 1 13 1
11 5 13 5
15 29 15 34
22 1 33 1
11 5 11 13
19 13 19 17
8 1 8 14
29 26 31 26
13 1 19 1
2 15 3 15
27 26 29 26
7 12 7 14
33 10 34 10
25 26 27 26
13 4 16 4
3 15 4 15
