216
37 41 37 40
16 43 15 43
13 10 14 10
25 8 24 8
2 27 3 27
21 1 21 2
20 24 20 23
3 34 3 33
27 44 26 44
4 22 3 22
5 36 4 36
38 11 37 11
3 27 4 27
11 44 11 43
23 33 23 32
1 1 2 1
9 13 9 12
5 14 4 14
18 43 18 42
18 42 17 42
13 17 12 17
16 34 16 35
6 25 7 25
36 1 37 1
9 2 9 1
13 7 13 6
30 9 30 8
14 1 14 2
8 22 8 23
18 24 18 23
24 32 24 31
43 16 42 16
12 6 12 7
16 44 16 43
42 30 42 31
2 31 3 31
17 34 18 34
39 21 39 22
13 27 13 26
30 2 30 1
36 31 37 31
7 1 7 2
9 44 9 43
32 29 32 28
37 40 37 39
21 24 20 24
26 7 26 8
15 29 16 29
26 44 26 43
43 24 42 24
5 38 6 38
20 26 20 27
12 5 11 5
42 40 42 39
17 4 17 3
3 7 4 7
28 16 28 15
33 9 33 10
36 27 37 27
25 2 25 1
39 22 39 23
37 0 36 0
24 20 24 21
1 43 2 43
9 1 9 0
3 41 3 42
31 6 30 6
3 29 2 29
44 4 43 4
9 21 9 22
16 26 15 26
30 1 31 1
17 37 18 37
7 25 8 25
20 23 21 23
15 43 15 44
9 22 8 22
38 40 39 40
32 27 33 27
9 36 9 37
15 35 15 34
32 35 32 34
8 17 7 17
26 38 27 38
15 19 15 20
26 23 26 22
16 35 15 35
16 5 17 5
42 31 42 32
41 21 41 22
6 43 5 43
31 42 31 41
28 44 28 43
33 21 34 21
37 24 36 24
24 5 24 6
7 8 7 7
26 22 26 21
17 43 18 43
40 38 40 39
4 14 4 15
38 14 38 15
18 41 18 42
41 13 42 13
4 0 4 1
12 30 11 30
38 12 39 12
2 7 2 6
12 36 11 36
14 11 13 11
43 38 42 38
28 17 27 17
14 42 14 43
17 41 18 41
16 15 17 15
39 23 38 23
12 7 13 7
3 0 2 0
26 42 26 41
7 7 6 7
11 5 10 5
23 20 23 19
39 40 39 41
14 10 14 11
27 17 26 17
9 33 9 32
21 41 21 42
14 21 14 20
35 31 35 30
4 1 4 2
22 21 22 20
14 26 14 27
12 26 12 27
22 20 23 20
44 24 43 24
32 34 33 34
42 2 43 2
29 16 28 16
18 6 17 6
14 11 14 12
0 40 1 40
16 29 16 28
3 6 3 7
34 29 33 29
2 8 2 7
41 22 40 22
32 2 31 2
30 34 31 34
3 8 2 8
1 12 1 11
30 38 30 39
17 3 18 3
9 12 10 12
22 39 21 39
37 1 37 0
8 23 9 23
39 41 40 41
26 21 26 20
3 33 2 33
10 42 11 42
18 23 18 22
38 23 38 24
9 32 8 32
38 0 38 1
44 22 44 23
36 25 36 26
4 2 3 2
35 39 36 39
38 21 39 21
4 15 4 16
1 11 0 11
14 20 14 19
21 23 21 22
36 38 35 38
43 3 44 3
34 23 33 23
3 30 3 29
10 22 11 22
13 28 14 28
15 7 14 7
44 31 44 32
4 16 4 17
3 2 4 2
16 11 15 11
9 8 9 7
16 18 16 17
19 40 19 41
23 19 24 19
7 13 7 12
18 3 18 2
34 10 35 10
31 14 32 14
14 29 14 30
10 27 10 26
31 2 31 3
24 31 24 30
34 20 34 19
30 6 30 7
2 29 2 30
26 17 26 16
39 24 40 24
30 36 31 36
1 29 2 29
41 41 42 41
38 34 38 35
44 38 44 37
44 3 43 3
31 7 32 7
0 38 0 37
17 16 17 17
24 30 24 29
33 4 34 4
4 27 4 28
41 5 41 6
35 30 34 30
37 8 38 8
184
15 34 18 34
40 39 40 41
42 13 42 16
8 32 11 32
19 41 22 41
40 22 42 22
26 14 26 16
30 8 38 8
27 14 27 16
21 22 21 28
24 8 26 8
13 20 13 26
33 30 33 34
14 2 14 7
31 0 36 0
5 22 5 32
33 23 33 27
4 28 4 36
18 42 18 43
10 7 10 12
13 13 13 20
38 8 38 13
16 27 20 27
23 20 26 20
8 22 8 25
3 7 4 7
43 3 43 4
36 41 40 41
31 34 33 34
3 28 4 28
13 26 15 26
16 43 18 43
33 10 35 10
5 2 7 2
8 25 8 28
35 24 36 24
28 16 42 16
5 2 5 4
26 8 30 8
13 20 15 20
8 22 11 22
11 21 11 22
33 36 36 36
42 22 43 22
21 32 23 32
42 38 42 39
42 5 42 13
18 22 21 22
7 22 7 42
2 7 3 7
43 2 43 3
18 40 18 41
4 7 4 17
33 15 38 15
18 2 21 2
23 20 23 32
26 41 31 41
11 26 13 26
16 3 16 6
10 5 10 7
29 10 33 10
25 1 27 1
9 43 11 43
33 5 38 5
38 13 38 15
11 32 11 36
2 0 2 1
33 29 35 29
12 27 14 27
21 28 21 29
35 10 35 11
31 1 38 1
4 2 5 2
14 7 16 7
36 35 36 36
14 28 16 28
18 38 18 40
7 2 14 2
5 32 5 39
17 12 22 12
7 17 7 22
38 32 42 32
35 11 37 11
3 7 3 10
7 3 7 12
30 7 30 8
13 7 14 7
11 22 11 26
27 10 27 14
23 32 30 32
26 8 26 14
39 0 39 1
24 21 28 21
42 32 42 38
22 41 23 41
21 29 21 32
2 0 7 0
31 41 36 41
4 2 4 7
4 17 4 28
13 7 13 11
32 13 37 13
36 39 37 39
30 39 36 39
16 17 16 23
16 17 17 17
26 41 26 43
36 36 36 39
14 2 18 2
11 32 21 32
8 28 14 28
38 5 42 5
23 16 23 20
43 4 43 14
18 2 18 5
24 41 25 41
24 23 24 29
10 12 14 12
9 37 9 43
24 7 24 8
14 34 15 34
2 1 25 1
16 12 17 12
11 43 14 43
38 1 38 5
17 7 17 12
14 43 16 43
14 27 16 27
33 23 44 23
37 39 39 39
26 29 33 29
30 32 30 39
18 43 23 43
8 28 8 32
23 16 26 16
27 1 31 1
44 32 44 37
5 43 9 43
33 27 33 29
36 24 38 24
23 41 24 41
37 11 37 13
23 43 26 43
27 16 28 16
16 23 16 27
7 22 8 22
14 12 16 12
20 27 20 29
2 33 2 43
28 16 28 21
33 34 33 36
22 9 22 12
17 6 17 7
33 30 34 30
7 12 10 12
18 41 19 41
2 1 2 6
4 17 7 17
22 5 22 9
36 24 36 26
26 36 26 41
2 30 2 33
40 39 42 39
35 24 35 29
38 1 39 1
2 43 5 43
0 37 0 44
18 34 22 34
24 21 24 23
38 24 38 32
9 37 18 37
16 12 16 17
24 29 26 29
36 26 36 34
22 5 33 5
16 6 17 6
18 34 18 37
28 43 29 43
5 39 5 43
44 23 44 27
23 32 23 41
33 17 33 23
26 43 28 43
27 10 29 10
