110
29 13 28 13
16 26 16 25
3 7 3 8
6 15 6 14
28 3 28 4
24 20 25 20
30 14 29 14
0 26 1 26
7 25 8 25
28 21 27 21
4 19 4 20
22 4 22 5
26 29 26 30
27 1 27 2
25 14 26 14
0 24 1 24
24 8 25 8
28 1 28 2
14 2 14 3
28 4 27 4
28 30 29 30
25 18 25 17
11 17 10 17
1 5 1 4
20 1 20 2
19 10 19 9
28 15 27 15
6 13 7 13
2 20 1 20
23 7 22 7
8 4 8 5
12 17 11 17
17 17 17 18
5 6 4 6
19 19 19 18
9 14 9 13
15 4 15 5
17 29 16 29
10 2 9 2
28 14 27 14
15 2 15 3
16 29 16 28
25 10 26 10
3 2 4 2
24 18 24 19
19 27 19 26
24 11 25 11
23 28 23 29
3 8 3 9
17 15 17 16
15 15 15 16
29 29 30 29
9 13 9 12
6 20 5 20
21 17 21 18
29 3 28 3
8 30 8 29
22 29 22 30
6 14 6 13
27 15 27 16
28 20 28 19
13 27 13 28
5 4 5 5
26 18 25 18
5 27 5 26
12 0 12 1
28 3 28 4
24 12 24 11
30 28 30 27
7 21 7 20
5 20 5 21
11 12 12 12
17 19 17 20
25 17 25 16
22 27 22 28
23 27 22 27
29 20 29 19
29 14 28 14
3 15 3 16
8 29 9 29
21 25 21 26
18 25 19 25
29 30 29 29
4 4 4 3
13 20 13 21
7 2 6 2
7 7 8 7
5 2 5 3
30 27 30 28
8 22 7 22
2 13 2 14
14 5 14 6
10 13 11 13
10 26 11 26
12 29 13 29
15 28 14 28
5 18 5 17
17 3 16 3
29 11 29 12
29 18 29 17
12 19 11 19
9 15 9 14
14 20 13 20
9 27 9 28
5 5 5 4
14 21 15 21
26 21 26 22
8 2 7 2
6 2 5 2
24 7 25 7
189
12 13 12 15
9 28 9 29
16 20 17 20
20 18 21 18
1 26 5 26
0 2 1 2
22 18 23 18
15 1 29 1
13 28 13 29
11 25 11 26
22 30 25 30
25 29 29 29
18 16 23 16
22 3 23 3
27 16 27 19
13 5 15 5
29 12 29 16
4 13 6 13
5 26 11 26
9 29 13 29
23 18 25 18
11 14 11 17
26 23 27 23
13 29 13 30
6 10 6 13
9 21 9 22
11 22 11 25
27 2 28 2
25 20 25 25
28 2 29 2
1 20 1 22
9 12 12 12
12 13 17 13
12 18 17 18
7 11 7 13
3 9 4 9
27 21 27 23
26 20 27 20
27 23 27 26
1 22 1 24
12 5 13 5
19 18 20 18
27 20 27 21
5 28 9 28
25 16 27 16
9 11 9 12
2 12 2 14
4 2 5 2
23 15 23 16
15 21 16 21
23 8 25 8
17 18 17 20
15 21 15 22
27 4 27 6
27 16 29 16
29 10 29 12
29 17 30 17
25 6 27 6
18 16 18 20
11 13 11 14
20 2 20 5
1 16 1 17
4 9 4 13
12 9 19 9
1 14 1 15
8 5 8 7
1 20 4 20
26 12 26 14
28 6 28 7
19 25 19 26
17 26 19 26
1 24 1 26
30 11 30 17
3 1 3 3
11 22 15 22
13 21 15 21
26 9 26 10
17 11 17 13
12 12 12 13
16 20 16 21
26 10 26 11
11 30 13 30
21 18 22 18
29 2 30 2
12 5 12 9
19 6 19 9
25 18 25 20
24 28 26 28
26 11 28 11
1 8 8 8
28 13 28 14
1 15 1 16
13 29 15 29
18 21 18 24
1 24 6 24
7 10 9 10
5 10 6 10
7 13 11 13
2 9 3 9
24 11 24 15
8 21 9 21
8 0 9 0
3 3 4 3
26 11 26 12
30 22 30 24
3 16 4 16
4 9 12 9
23 9 26 9
15 3 15 5
14 1 15 1
23 16 25 16
1 14 2 14
24 28 24 29
24 10 24 11
20 28 22 28
1 2 1 4
8 0 8 5
12 9 12 12
27 2 27 4
11 17 11 19
16 4 16 5
22 11 23 11
3 16 3 17
29 16 29 17
23 3 23 8
1 2 2 2
5 21 8 21
11 26 17 26
12 15 12 18
0 5 4 5
4 5 4 6
3 17 5 17
7 29 9 29
8 21 8 24
29 2 29 10
23 8 23 9
20 5 22 5
22 27 22 28
29 19 29 29
25 4 27 4
28 7 28 11
13 28 14 28
15 16 17 16
27 14 27 16
5 17 5 21
19 25 25 25
5 26 5 28
17 21 18 21
1 8 1 14
9 0 9 2
1 16 3 16
4 5 8 5
3 0 3 1
23 11 24 11
17 2 20 2
25 30 26 30
12 15 21 15
23 15 24 15
28 11 28 13
9 2 11 2
29 17 29 19
28 4 28 6
17 16 18 16
20 2 27 2
2 14 7 14
7 13 7 14
10 27 14 27
27 6 27 8
11 2 17 2
12 21 13 21
30 17 30 22
5 2 7 2
12 1 14 1
14 27 22 27
16 5 20 5
16 28 20 28
25 20 26 20
3 1 7 1
18 20 18 21
22 28 24 28
7 10 7 11
19 9 23 9
4 3 4 5
3 17 3 19
4 3 5 3
8 24 8 25
26 19 27 19
8 7 8 8
24 29 25 29
