342
20 7 20 8
7 16 8 16
10 8 11 8
14 11 13 11
22 7 23 7
15 1 14 1
20 3 20 2
6 2 6 1
9 19 8 19
7 2 6 2
8 5 8 6
2 9 3 9
17 18 17 19
2 6 1 6
3 9 2 9
18 4 18 3
18 10 18 11
2 2 1 2
21 3 21 2
10 7 10 8
15 21 16 21
16 6 15 6
16 18 17 18
7 7 6 7
20 9 21 9
18 1 18 2
3 10 3 9
21 22 21 21
13 12 12 12
18 5 18 4
2 15 3 15
22 21 23 21
22 14 21 14
3 9 3 8
2 20 3 20
16 19 16 18
7 8 7 7
7 0 6 0
3 11 3 10
5 11 6 11
8 0 7 0
23 14 22 14
3 6 2 6
18 20 19 20
19 10 18 10
20 4 20 3
20 10 20 9
9 21 8 21
2 1 1 1
3 14 4 14
6 18 5 18
15 13 16 13
3 1 2 1
10 4 11 4
11 14 10 14
11 15 11 14
22 8 22 7
2 14 3 14
22 14 22 15
17 3 17 2
22 3 21 3
8 2 7 2
6 14 6 13
9 9 9 10
8 4 8 5
4 1 3 1
10 10 10 9
15 11 14 11
9 4 8 4
23 13 22 13
11 6 12 6
18 6 18 5
10 15 11 15
11 15 10 15
6 8 7 8
7 17 7 16
6 9 6 8
23 3 22 3
22 1 21 1
16 3 17 3
10 6 11 6
22 15 21 15
9 3 9 4
8 18 7 18
14 21 15 21
16 5 16 6
22 13 22 14
2 13 2 14
15 19 16 19
19 6 18 6
10 3 9 3
9 14 9 15
4 3 3 3
9 22 9 21
15 20 15 19
9 0 8 0
20 11 20 10
16 4 16 5
21 4 20 4
8 0 9 0
17 20 18 20
19 20 20 20
19 9 19 10
16 20 17 20
15 3 16 3
23 4 23 3
13 11 13 10
23 5 23 4
2 14 2 15
7 9 6 9
7 8 7 9
11 16 10 16
1 14 2 14
21 16 20 16
4 11 3 11
19 8 19 9
9 23 9 22
6 15 6 14
22 5 23 5
21 5 22 5
10 5 10 4
5 3 4 3
22 9 22 8
3 13 2 13
21 7 20 7
21 15 21 16
11 17 11 16
3 10 3 9
6 16 6 15
23 12 23 13
1 15 1 14
3 14 3 13
16 19 16 20
6 8 7 8
19 11 20 11
16 5 15 5
1 3 0 3
3 15 3 14
8 17 8 18
19 17 19 16
16 1 15 1
2 10 3 10
22 7 21 7
4 12 4 11
19 14 20 14
19 19 19 20
2 19 2 20
22 10 22 9
14 12 15 12
10 23 9 23
4 2 4 1
2 9 2 10
20 15 21 15
19 5 19 6
9 5 10 5
5 8 6 8
22 2 22 1
14 3 15 3
9 7 10 7
1 4 1 3
4 8 5 8
10 12 9 12
20 5 21 5
22 14 22 15
10 22 10 23
5 10 5 11
15 19 16 19
21 5 21 4
14 9 14 8
9 0 8 0
13 21 14 21
16 2 16 1
8 16 8 17
3 12 4 12
0 15 1 15
10 14 9 14
2 10 2 9
10 0 9 0
17 14 17 15
17 2 16 2
13 22 13 21
15 21 15 20
12 15 11 15
10 21 10 22
16 13 16 14
17 13 17 14
11 21 10 21
3 23 4 23
21 14 22 14
8 3 8 2
21 13 22 13
2 1 2 2
23 7 22 7
0 16 0 15
14 19 15 19
13 19 14 19
3 5 3 6
18 8 19 8
7 22 7 21
13 23 13 22
12 16 12 15
9 3 8 3
1 3 1 4
18 7 18 8
2 0 2 1
9 2 9 3
4 10 5 10
3 8 4 8
2 8 3 8
13 3 14 3
1 10 2 10
5 2 4 2
2 23 3 23
8 5 9 5
1 8 2 8
2 18 2 19
13 5 12 5
21 23 21 22
14 13 14 12
16 21 15 21
6 19 6 20
11 22 11 21
14 12 13 12
18 0 18 1
16 11 15 11
17 5 16 5
10 2 9 2
20 16 20 15
16 22 16 21
14 14 14 13
12 17 12 16
21 16 20 16
19 10 19 11
19 9 19 10
21 17 21 16
14 6 14 5
1 18 2 18
13 14 14 14
0 15 0 16
9 16 8 16
14 23 13 23
12 12 12 11
7 5 8 5
18 6 18 7
5 16 6 16
22 0 21 0
14 8 14 9
1 0 2 0
1 17 1 18
22 14 21 14
1 9 1 8
3 11 3 12
22 1 22 0
12 18 12 17
12 13 12 12
15 23 14 23
0 9 1 9
11 2 10 2
0 17 1 17
4 11 3 11
10 9 9 9
2 15 3 15
16 21 16 22
12 17 11 17
22 17 21 17
14 23 15 23
12 19 12 18
4 16 5 16
6 3 5 3
15 4 16 4
5 10 4 10
2 0 1 0
4 10 4 11
10 22 11 22
5 9 5 10
4 9 4 10
21 1 22 1
7 4 7 5
19 0 18 0
22 22 22 21
11 13 12 13
16 5 17 5
15 23 14 23
4 17 4 16
5 10 5 9
14 23 15 23
19 13 19 14
11 1 11 2
20 23 21 23
4 5 3 5
17 5 16 5
0 3 1 3
4 6 4 5
6 2 5 2
11 22 10 22
0 18 0 17
18 13 19 13
9 0 10 0
9 8 9 7
6 21 5 21
20 19 19 19
23 13 23 14
10 4 10 3
22 13 23 13
3 15 2 15
0 19 0 18
7 5 7 4
20 9 19 9
16 14 16 13
4 5 4 6
1 15 0 15
20 22 20 23
1 11 1 10
16 12 16 11
1 10 1 11
19 1 19 0
14 22 14 23
22 18 22 17
11 14 11 13
21 14 22 14
19 6 18 6
4 6 4 5
1 11 1 10
12 1 11 1
4 10 5 10
19 22 20 22
0 20 0 19
20 13 21 13
10 5 10 6
3 17 4 17
0 11 1 11
12 16 12 17
0 21 0 20
18 22 19 22
12 3 13 3
12 2 12 1
21 0 21 1
4 7 4 6
16 13 16 14
10 8 9 8
9 20 9 19
21 15 21 14
152
15 3 15 5
19 7 19 8
6 1 6 4
18 2 18 3
7 4 8 4
12 21 12 22
15 16 15 17
4 0 4 1
6 15 6 16
6 7 6 8
16 2 18 2
22 4 22 5
19 21 20 21
2 14 2 15
6 8 6 9
20 20 20 21
9 22 10 22
22 1 22 3
21 18 23 18
11 16 11 17
6 9 6 10
5 20 5 21
20 15 22 15
1 11 1 12
8 22 9 22
8 17 9 17
16 3 16 4
9 5 9 6
3 6 3 7
10 11 10 13
12 22 13 22
12 5 14 5
13 16 14 16
10 22 12 22
9 18 9 19
14 23 15 23
21 13 21 14
6 15 7 15
5 1 6 1
23 6 23 8
0 10 1 10
10 13 10 15
15 2 15 3
18 1 20 1
2 15 4 15
10 7 10 11
19 21 19 22
0 15 2 15
10 0 10 1
3 12 4 12
20 16 20 17
8 14 9 14
11 5 12 5
3 6 4 6
5 16 6 16
0 16 0 17
9 6 9 7
20 18 20 20
22 8 22 9
3 7 3 8
4 5 4 6
13 6 13 7
20 8 21 8
14 18 14 19
2 16 2 17
14 5 15 5
10 15 11 15
1 1 1 2
16 20 16 22
20 8 20 10
19 14 19 15
13 18 14 18
1 10 2 10
10 11 11 11
9 17 9 18
12 11 14 11
15 2 16 2
2 17 4 17
11 19 14 19
21 8 22 8
3 10 5 10
19 15 20 15
9 14 9 15
19 8 20 8
6 6 7 6
9 4 11 4
17 6 18 6
6 6 6 7
16 22 16 23
9 3 9 4
3 0 4 0
21 13 23 13
5 10 6 10
14 11 14 13
11 5 11 6
4 15 5 15
23 11 23 13
6 22 6 23
6 10 6 11
18 5 22 5
9 13 10 13
15 5 16 5
4 17 5 17
3 10 3 11
4 1 5 1
8 4 9 4
6 22 8 22
9 18 11 18
7 4 7 6
3 7 5 7
8 0 10 0
15 20 16 20
11 18 11 19
0 8 0 10
11 11 12 11
14 16 15 16
22 9 23 9
16 5 18 5
9 7 10 7
20 18 21 18
0 7 0 8
5 17 6 17
16 11 17 11
22 3 22 4
11 16 13 16
14 19 14 20
2 10 3 10
14 20 15 20
22 5 23 5
18 17 20 17
20 17 20 18
0 15 0 16
1 2 1 3
19 13 19 14
9 15 9 17
2 5 3 5
20 15 20 16
6 20 6 22
11 15 11 16
2 15 2 16
22 8 23 8
23 5 23 6
17 6 17 7
21 6 21 7
9 5 11 5
21 14 22 14
6 17 8 17
1 0 3 0
21 21 21 22
16 22 17 22
6 17 6 20
14 13 19 13
