135
15 13 15 14
15 12 15 13
9 3 9 4
16 15 15 15
0 12 1 12
3 6 3 5
14 12 15 12
17 15 16 15
12 9 13 9
6 7 5 7
12 8 12 9
16 10 16 11
6 6 5 6
0 13 0 12
6 14 5 14
16 1 15 1
13 1 13 0
7 14 6 14
12 13 11 13
8 14 7 14
16 9 16 10
8 15 8 14
4 1 4 0
13 12 14 12
11 5 10 5
13 2 13 1
3 12 4 12
12 12 12 13
4 2 4 1
4 3 4 2
3 13 3 12
4 6 3 6
13 11 13 12
8 3 9 3
14 11 13 11
14 2 13 2
2 13 3 13
10 1 11 1
11 12 12 12
17 16 17 15
14 10 14 11
12 7 12 8
16 0 16 1
12 6 12 7
13 10 14 10
3 3 4 3
13 6 12 6
0 14 0 13
0 15 0 14
8 16 8 15
2 9 3 9
9 16 8 16
9 15 9 16
12 5 11 5
17 0 16 0
17 1 17 0
8 4 8 3
4 7 4 6
11 11 11 12
7 4 8 4
9 14 9 15
17 2 17 1
10 11 11 11
10 12 10 11
2 10 2 9
11 1 11 2
11 12 10 12
10 14 9 14
1 13 2 13
5 11 5 12
1 15 0 15
2 15 1 15
17 3 17 2
17 9 16 9
17 8 17 9
13 5 13 6
3 2 3 3
7 5 7 4
4 2 3 2
11 11 11 12
2 14 2 15
16 16 17 16
13 4 13 5
1 14 2 14
10 15 10 14
1 1 1 0
17 4 17 3
3 10 2 10
10 16 10 15
3 7 4 7
16 4 17 4
1 15 1 14
1 16 1 15
6 11 5 11
3 6 3 7
6 5 6 6
12 6 12 5
5 2 4 2
2 16 1 16
2 15 2 16
4 0 3 0
11 6 12 6
1 15 2 15
1 2 1 1
14 3 14 2
0 13 1 13
5 1 5 2
6 10 6 11
6 8 6 7
1 16 1 15
3 5 3 6
2 5 3 5
1 17 1 16
11 7 11 6
12 7 11 7
6 9 6 8
7 10 6 10
4 10 3 10
16 3 16 4
12 6 12 7
17 7 17 8
2 6 2 5
4 9 4 10
6 1 5 1
4 8 4 9
6 0 6 1
13 6 12 6
9 16 10 16
7 9 7 10
7 0 6 0
9 15 9 16
8 15 9 15
13 11 13 10
16 7 17 7
8 16 8 15
164
13 15 13 16
16 0 17 0
8 4 8 5
4 9 5 9
0 7 0 8
5 8 5 9
0 5 0 6
2 15 2 16
7 1 7 2
4 7 5 7
6 4 7 4
15 10 16 10
6 2 6 3
9 17 10 17
8 8 8 9
12 15 13 15
13 17 14 17
15 10 15 11
15 15 16 15
14 12 14 13
4 1 4 2
3 0 3 1
15 7 15 8
5 3 6 3
14 15 15 15
14 11 14 12
16 8 16 9
2 9 2 10
12 2 13 2
6 7 6 8
1 11 2 11
14 14 14 15
2 4 3 4
10 13 11 13
14 13 14 14
7 8 8 8
12 8 13 8
15 6 15 7
15 3 17 3
8 7 9 7
8 8 9 8
5 10 5 11
1 0 2 0
8 0 8 1
9 16 9 17
12 5 13 5
1 6 1 7
14 8 15 8
15 5 15 6
6 2 7 2
16 9 16 10
13 16 13 17
9 0 9 1
16 15 16 17
14 6 15 6
13 8 13 9
14 11 15 11
9 1 9 2
0 11 0 12
10 16 11 16
1 14 1 15
1 9 2 9
3 6 3 7
13 8 14 8
11 5 12 5
6 3 6 4
5 9 5 10
2 16 2 17
9 12 9 13
9 6 9 7
9 3 9 4
15 11 16 11
2 0 3 0
11 16 12 16
9 4 11 4
7 12 7 13
0 12 0 14
6 1 6 2
0 14 1 14
10 16 10 17
17 2 17 3
0 6 1 6
4 4 4 5
3 7 4 7
15 0 15 1
13 0 14 0
3 9 4 9
12 14 12 15
1 5 2 5
9 5 9 6
12 1 13 1
2 14 2 15
0 17 2 17
9 1 12 1
15 8 16 8
16 8 17 8
7 1 8 1
6 7 7 7
8 14 9 14
5 9 8 9
10 7 10 8
1 12 2 12
16 1 16 2
2 12 2 13
4 5 5 5
2 3 2 4
12 11 14 11
7 7 8 7
10 11 12 11
0 11 1 11
17 15 17 16
3 16 3 17
5 5 8 5
11 4 11 5
17 14 17 15
11 2 11 3
5 14 5 15
4 2 4 3
4 3 4 4
9 3 10 3
3 16 4 16
13 3 13 5
13 13 13 14
14 9 15 9
2 10 3 10
11 13 12 13
3 4 4 4
0 9 1 9
12 16 13 16
2 13 2 14
13 3 15 3
2 12 3 12
9 13 10 13
5 13 5 14
12 7 12 8
8 12 9 12
9 11 10 11
8 17 9 17
10 12 10 13
0 5 1 5
11 17 12 17
15 1 16 1
0 0 0 1
9 13 9 14
9 7 10 7
5 7 5 8
1 1 1 3
1 8 1 9
12 13 13 13
2 10 2 11
9 2 9 3
13 5 13 7
8 5 9 5
2 4 2 5
9 4 9 5
13 15 14 15
6 15 6 16
14 9 14 10
1 3 2 3
17 16 17 17
16 2 17 2
1 7 1 8
11 2 12 2
0 1 1 1
