313
17 23 16 23
7 21 7 20
8 12 8 11
18 20 19 20
8 20 9 20
5 21 5 20
3 11 3 12
30 9 29 9
15 15 14 15
3 15 3 16
34 20 33 20
4 9 5 9
16 7 15 7
29 2 28 2
28 3 29 3
33 27 33 26
30 35 30 34
14 20 13 20
23 36 24 36
3 25 2 25
14 29 14 28
2 24 2 23
16 8 16 7
18 21 18 20
10 4 10 3
34 6 33 6
7 22 7 21
35 17 35 16
34 15 33 15
15 32 15 33
14 7 13 7
26 8 27 8
22 26 21 26
5 33 4 33
17 7 17 6
31 13 31 14
12 16 12 15
20 33 19 33
17 12 17 11
1 20 1 21
19 7 20 7
29 11 29 12
9 3 8 3
16 18 17 18
13 14 13 15
7 1 6 1
32 23 32 22
9 1 9 2
12 15 12 14
34 19 34 20
14 13 14 12
4 0 4 1
20 16 19 16
6 10 7 10
9 12 8 12
19 35 18 35
20 11 20 12
9 10 9 9
19 14 18 14
20 20 21 20
10 11 9 11
19 26 19 25
19 33 19 32
19 36 19 35
13 7 13 8
25 15 25 16
26 26 25 26
15 7 15 6
31 25 32 25
35 11 36 11
16 9 16 8
20 17 20 18
35 18 35 19
18 14 18 15
31 14 30 14
30 11 29 11
25 26 25 25
7 5 7 4
7 4 8 4
17 21 18 21
30 28 30 27
34 17 33 17
25 6 26 6
13 27 12 27
30 7 30 6
12 30 13 30
31 23 32 23
18 23 19 23
24 6 25 6
31 22 31 23
18 21 18 22
16 10 16 9
17 26 18 26
8 7 9 7
9 11 9 12
33 20 32 20
6 33 6 32
18 35 18 36
22 20 22 19
2 23 3 23
11 27 11 28
10 12 11 12
6 32 5 32
12 31 12 32
7 28 8 28
32 1 32 0
1 13 2 13
0 34 1 34
20 9 21 9
7 0 7 1
8 10 8 9
14 28 13 28
32 20 32 21
29 7 29 8
9 30 9 29
8 16 7 16
32 22 31 22
16 23 16 22
9 2 9 3
30 34 29 34
16 8 17 8
19 31 19 30
33 15 32 15
19 13 19 14
24 19 24 18
6 34 6 33
22 10 21 10
5 34 4 34
18 25 17 25
5 28 5 29
31 32 30 32
32 27 31 27
34 26 34 27
6 14 5 14
0 17 0 18
16 22 16 21
31 22 31 21
30 29 31 29
16 26 16 27
20 31 21 31
25 30 26 30
8 33 8 34
9 4 10 4
21 21 20 21
11 12 11 11
3 16 4 16
4 25 3 25
33 21 33 20
22 8 23 8
25 16 25 17
10 4 11 4
32 15 32 16
35 30 34 30
8 35 9 35
5 19 4 19
30 33 30 34
34 1 34 0
28 24 27 24
6 1 6 0
34 24 33 24
30 34 30 35
2 30 1 30
16 21 16 20
15 17 15 18
9 5 8 5
13 17 12 17
13 28 13 27
12 6 11 6
19 34 18 34
0 29 1 29
35 25 35 24
31 18 31 19
3 30 4 30
4 8 4 7
18 17 18 16
0 28 0 27
8 5 7 5
22 35 22 34
9 21 10 21
5 0 5 1
18 7 18 8
10 21 10 20
12 28 13 28
26 1 26 0
27 29 26 29
33 22 34 22
33 26 32 26
13 23 13 22
3 0 4 0
6 27 6 26
5 27 5 26
8 28 8 29
3 31 2 31
35 21 35 22
29 18 28 18
27 8 27 7
30 14 30 15
1 14 2 14
32 30 33 30
8 3 7 3
26 29 25 29
12 7 12 6
17 17 18 17
10 27 11 27
16 24 15 24
10 14 10 13
3 29 3 28
6 30 7 30
34 27 35 27
5 26 5 27
5 27 5 28
35 14 34 14
5 11 6 11
16 17 15 17
23 25 23 24
22 36 23 36
27 14 27 15
9 29 10 29
12 32 13 32
12 27 12 28
10 5 9 5
29 34 30 34
13 22 13 21
15 23 15 22
14 24 14 25
35 2 34 2
36 21 35 21
12 14 13 14
21 29 21 28
25 29 25 28
36 20 36 19
0 9 0 10
33 20 33 19
24 36 24 35
19 14 19 15
20 13 21 13
30 32 30 33
4 34 3 34
21 33 20 33
25 3 25 4
3 23 3 24
30 6 30 5
28 19 27 19
5 9 5 8
16 25 16 26
16 9 16 8
26 23 25 23
24 18 25 18
1 9 2 9
33 1 34 1
32 21 33 21
5 20 4 20
16 12 16 13
29 17 29 16
13 15 12 15
35 8 35 9
7 30 8 30
22 12 21 12
11 17 10 17
17 36 16 36
1 29 2 29
5 32 4 32
27 9 28 9
33 14 33 13
16 26 17 26
29 36 28 36
35 15 35 14
17 10 16 10
33 19 34 19
25 17 24 17
1 36 2 36
3 34 2 34
28 7 29 7
25 14 25 15
27 24 27 23
34 33 33 33
13 1 12 1
16 20 15 20
0 35 0 34
35 12 35 13
23 19 24 19
28 20 29 20
12 15 12 16
12 9 12 10
31 24 31 25
26 0 27 0
13 14 12 14
4 33 4 34
30 16 30 17
30 27 29 27
13 28 13 29
24 13 24 12
3 18 4 18
26 30 25 30
2 14 3 14
34 7 34 8
30 35 29 35
36 26 36 25
16 13 17 13
5 29 4 29
35 24 34 24
4 26 4 27
33 17 33 16
2 20 2 19
27 20 28 20
29 7 28 7
7 1 8 1
20 12 19 12
18 22 18 23
29 3 30 3
28 5 28 4
35 27 34 27
6 33 5 33
186
20 33 20 35
27 19 29 19
4 20 7 20
13 32 19 32
12 17 12 20
20 7 25 7
31 9 32 9
32 19 34 19
11 7 16 7
16 35 19 35
36 19 36 24
29 8 30 8
34 19 35 19
14 12 19 12
27 0 31 0
6 29 6 36
6 29 8 29
25 28 25 30
33 21 34 21
0 19 2 19
4 16 4 17
24 14 24 15
32 26 32 28
34 8 34 9
17 34 18 34
4 17 4 18
27 1 27 7
31 9 31 19
27 23 30 23
8 1 11 1
21 20 26 20
15 18 17 18
32 7 32 8
8 4 8 9
6 11 6 16
19 15 20 15
12 20 12 21
28 7 31 7
1 11 6 11
27 1 34 1
11 1 11 4
32 25 36 25
28 6 28 7
36 24 36 25
1 26 1 30
17 18 20 18
6 22 6 26
6 22 9 22
17 16 17 18
7 5 7 8
27 15 28 15
3 24 3 25
32 8 32 9
8 29 8 30
19 35 20 35
24 17 24 19
6 8 6 11
4 27 4 29
28 22 29 22
15 8 15 9
34 27 34 29
12 21 13 21
4 34 4 36
6 0 6 8
21 26 21 28
3 25 3 28
28 20 28 22
4 32 4 34
15 24 15 25
14 12 14 14
27 22 28 22
34 14 34 16
4 20 4 27
2 19 2 21
15 20 18 20
34 2 34 8
22 14 22 15
5 8 6 8
14 17 14 23
11 4 11 6
32 25 32 26
2 0 4 0
4 0 6 0
4 19 4 20
6 26 6 28
19 30 19 32
27 7 27 12
14 23 18 23
11 27 13 27
14 15 16 15
25 6 25 7
16 7 20 7
28 4 28 6
34 9 34 13
30 23 30 26
20 35 24 35
8 30 13 30
34 1 34 2
18 15 18 16
26 19 26 20
1 11 1 15
12 14 14 14
6 0 12 0
0 8 5 8
21 28 23 28
21 15 22 15
4 29 6 29
34 13 34 14
24 35 29 35
8 12 8 19
27 0 27 1
35 19 36 19
25 5 25 6
24 12 27 12
31 19 31 21
12 10 15 10
34 16 35 16
7 21 8 21
13 30 13 32
34 27 36 27
24 19 26 19
32 13 32 16
19 30 25 30
21 15 21 20
15 18 15 20
6 28 6 29
12 17 14 17
6 28 11 28
7 10 12 10
8 21 12 21
22 9 22 14
6 11 8 11
32 12 32 13
16 7 16 8
16 15 18 15
28 15 30 15
31 21 33 21
34 22 34 24
18 23 18 26
29 19 31 19
19 12 19 15
30 8 30 15
25 28 32 28
8 11 8 12
24 12 24 14
26 19 27 19
6 8 7 8
3 28 3 32
1 34 2 34
0 34 1 34
24 17 27 17
28 2 28 4
36 11 36 19
7 3 7 5
11 6 11 7
4 18 4 19
15 9 15 10
20 15 20 18
7 8 7 10
20 7 20 15
34 24 36 24
27 12 27 15
2 34 2 35
25 7 27 7
21 20 21 26
19 32 19 35
8 19 8 21
32 9 32 12
2 19 4 19
9 12 14 12
0 30 0 34
13 21 13 27
21 26 30 26
29 22 34 22
0 18 4 18
14 15 14 17
34 29 34 30
0 30 1 30
30 23 31 23
31 7 32 7
2 34 4 34
8 4 11 4
3 32 4 32
15 9 17 9
18 26 21 26
35 16 35 19
