320
19 1 19 2
10 10 9 10
25 18 26 18
3 0 3 1
18 8 18 7
3 1 3 2
4 1 5 1
30 27 29 27
28 8 27 8
22 14 21 14
25 16 25 15
6 4 6 3
13 11 12 11
21 18 21 19
25 7 24 7
10 17 10 16
21 19 21 20
18 11 18 12
23 16 23 17
22 19 22 20
12 7 13 7
13 9 13 10
21 28 21 27
23 17 22 17
30 31 30 30
29 27 28 27
25 26 25 25
30 26 30 25
7 8 7 9
11 9 11 10
28 7 28 8
22 13 22 14
21 10 22 10
7 14 7 15
21 31 22 31
9 8 9 7
26 3 26 4
5 11 5 10
11 8 11 9
1 23 0 23
21 15 21 16
7 5 7 6
22 11 21 11
22 7 23 7
29 31 29 30
19 14 19 15
31 18 30 18
4 7 5 7
11 17 11 16
9 1 9 0
20 17 20 18
19 29 20 29
12 5 13 5
9 17 10 17
27 15 27 14
24 21 25 21
24 17 23 17
22 14 22 15
4 2 4 1
2 29 1 29
10 8 11 8
12 10 12 9
20 5 21 5
24 6 25 6
9 9 9 8
13 12 13 11
11 19 11 18
28 15 27 15
23 30 23 29
15 17 15 16
21 6 21 7
16 10 16 9
14 9 13 9
25 17 25 16
23 19 22 19
11 18 11 17
6 19 6 18
4 1 3 1
1 10 2 10
30 20 30 19
24 28 24 29
30 30 30 29
5 1 4 1
19 6 20 6
25 25 24 25
26 23 27 23
21 21 21 22
24 18 25 18
22 16 23 16
31 10 31 11
29 13 28 13
17 9 17 10
2 20 1 20
4 19 4 20
27 28 26 28
23 11 23 10
15 9 15 10
18 10 18 11
22 19 21 19
4 29 4 30
2 5 1 5
5 10 4 10
8 18 7 18
20 18 20 19
3 1 3 0
29 30 29 29
24 19 24 18
29 28 28 28
2 1 3 1
29 29 29 28
18 9 18 8
20 0 20 1
30 13 29 13
11 6 10 6
19 22 19 23
25 18 25 19
30 25 31 25
30 29 29 29
21 14 21 15
4 1 4 2
15 22 15 23
1 19 2 19
26 31 25 31
13 3 14 3
13 1 13 2
28 16 28 15
22 28 23 28
22 15 23 15
26 17 25 17
28 5 28 4
30 21 29 21
30 12 30 13
23 22 23 21
22 10 22 11
25 16 24 16
24 1 23 1
9 30 9 31
12 6 12 7
22 30 23 30
31 9 31 10
29 7 28 7
13 13 12 13
31 7 31 6
30 13 31 13
12 7 11 7
30 9 31 9
25 0 25 1
10 17 10 18
8 4 8 3
31 31 30 31
23 21 24 21
5 18 5 17
27 10 27 9
30 4 31 4
28 13 28 12
21 7 22 7
13 25 13 26
6 11 6 10
1 15 2 15
1 1 1 2
2 26 3 26
21 29 22 29
24 23 23 23
31 27 30 27
25 21 25 22
26 24 25 24
1 30 2 30
24 22 23 22
13 7 12 7
15 30 15 31
12 25 11 25
13 11 14 11
4 2 5 2
19 11 19 12
21 30 21 29
16 23 16 24
25 14 25 13
15 16 14 16
20 30 21 30
8 23 9 23
9 13 9 14
30 7 29 7
31 30 30 30
21 11 21 10
27 5 28 5
11 24 10 24
31 26 30 26
19 21 20 21
4 30 3 30
29 9 30 9
10 16 10 17
23 22 23 21
25 28 24 28
2 12 2 13
25 23 26 23
24 30 24 31
1 17 1 18
30 8 30 7
29 23 28 23
6 13 5 13
0 15 1 15
25 17 24 17
21 17 21 18
7 9 6 9
6 30 6 29
24 29 24 30
27 25 26 25
30 27 29 27
26 25 25 25
20 23 21 23
8 11 7 11
26 9 25 9
22 7 21 7
23 14 22 14
8 5 9 5
28 4 29 4
10 11 11 11
21 30 21 31
9 8 10 8
17 29 17 28
26 23 26 24
11 10 10 10
5 3 5 4
16 31 16 30
3 17 4 17
30 16 30 17
13 22 14 22
11 9 10 9
9 28 9 27
2 30 2 29
19 26 18 26
29 17 29 18
5 17 5 16
2 2 2 1
14 7 13 7
11 17 12 17
12 4 12 3
26 10 25 10
21 23 20 23
24 21 24 22
30 19 30 20
4 22 4 23
6 18 5 18
12 11 13 11
28 28 28 29
2 27 2 26
22 31 22 30
23 4 23 5
20 31 19 31
24 27 25 27
30 11 30 12
30 3 31 3
10 5 11 5
1 8 0 8
31 25 31 26
24 14 23 14
21 27 22 27
11 26 11 27
27 22 26 22
31 16 31 17
12 12 12 11
24 4 24 3
1 28 0 28
4 10 3 10
12 24 12 25
31 19 30 19
20 20 19 20
1 11 1 12
11 12 12 12
9 21 9 20
24 5 24 4
13 5 13 4
7 28 7 29
3 22 4 22
16 6 15 6
9 7 10 7
22 20 23 20
30 28 30 29
10 6 9 6
18 28 18 27
26 18 26 17
30 26 30 27
9 29 9 30
17 21 18 21
5 19 4 19
30 7 31 7
11 11 11 10
31 21 31 20
14 17 13 17
11 4 12 4
7 27 8 27
18 17 18 18
7 18 6 18
10 24 10 25
17 10 16 10
8 8 7 8
23 21 24 21
28 29 27 29
27 27 26 27
11 20 11 21
11 16 11 15
17 19 17 20
22 21 22 20
26 28 25 28
0 23 0 24
13 17 14 17
24 3 25 3
23 26 23 25
1 25 1 24
5 29 4 29
9 5 8 5
9 6 10 6
20 23 20 24
23 18 22 18
21 20 21 21
26 4 27 4
21 8 20 8
12 20 11 20
24 21 23 21
30 17 29 17
180
8 6 10 6
3 15 3 18
3 26 3 28
14 1 20 1
3 14 3 15
30 10 31 10
30 29 30 30
25 22 25 24
14 1 14 3
6 16 6 18
26 22 29 22
6 15 6 16
13 6 13 7
1 18 1 20
22 17 23 17
11 22 14 22
21 18 21 19
20 1 20 6
10 9 10 10
9 12 10 12
15 23 18 23
1 2 3 2
22 9 23 9
24 22 24 25
26 11 26 12
1 5 1 12
12 25 16 25
7 6 8 6
16 5 16 7
22 30 23 30
16 22 21 22
25 10 30 10
29 28 29 29
3 2 5 2
21 22 21 29
6 18 10 18
1 20 1 22
13 9 16 9
4 22 6 22
6 9 6 10
25 9 25 10
27 4 29 4
2 21 4 21
20 27 20 28
30 27 30 29
15 4 15 5
5 18 5 21
12 30 16 30
27 13 27 14
11 7 11 8
10 17 12 17
10 10 10 12
30 20 30 22
10 22 11 22
24 0 24 4
19 18 21 18
12 4 13 4
22 11 26 11
2 1 3 1
21 19 25 19
31 13 31 17
20 29 21 29
30 12 30 15
18 6 18 7
25 28 29 28
25 19 25 22
30 22 30 27
10 18 10 22
25 6 25 8
20 9 21 9
1 2 1 4
20 6 22 6
10 27 11 27
13 7 13 8
3 18 5 18
13 4 15 4
10 6 13 6
19 17 22 17
23 30 24 30
14 17 14 18
6 8 6 9
5 7 5 13
12 13 12 17
20 11 22 11
1 14 1 15
29 4 29 6
14 22 16 22
14 17 19 17
6 22 6 24
13 2 13 4
22 0 24 0
5 4 12 4
6 10 7 10
22 6 25 6
3 28 5 28
10 1 14 1
3 15 5 15
25 8 27 8
26 12 28 12
10 25 10 26
8 6 8 9
1 20 4 20
0 4 1 4
3 28 3 30
16 9 19 9
11 8 11 10
4 21 4 22
14 18 14 22
10 22 10 25
10 8 11 8
25 15 25 19
8 9 10 9
10 12 10 17
13 10 14 10
23 20 24 20
14 11 18 11
9 12 9 14
19 9 19 10
26 12 26 16
9 26 10 26
24 25 24 28
22 9 22 11
3 14 9 14
13 4 13 6
25 29 26 29
16 7 18 7
18 23 19 23
24 20 24 22
1 22 1 24
21 22 24 22
28 12 28 15
14 22 14 24
24 30 25 30
1 15 1 18
29 22 30 22
26 29 26 30
1 13 2 13
19 9 20 9
30 6 30 9
30 9 30 10
25 22 26 22
26 16 26 17
7 30 9 30
2 13 5 13
22 14 22 17
13 8 13 9
25 29 25 30
26 30 30 30
6 9 8 9
22 11 22 14
1 4 1 5
0 30 3 30
9 30 12 30
24 28 25 28
20 28 20 29
3 26 9 26
14 10 14 11
29 27 29 28
28 15 30 15
11 10 13 10
16 14 22 14
2 26 3 26
3 30 7 30
18 6 20 6
6 18 6 22
24 4 27 4
18 7 19 7
29 6 30 6
1 13 1 14
22 6 22 9
30 20 31 20
5 2 5 4
24 25 25 25
3 1 7 1
7 17 10 17
18 11 20 11
12 25 12 30
7 1 10 1
31 17 31 20
4 20 4 21
