112
12 30 12 31
0 13 1 13
10 23 11 23
30 1 30 2
25 14 25 15
13 10 13 11
5 27 6 27
35 4 34 4
4 28 4 29
16 8 16 7
1 13 1 12
17 5 16 5
25 15 25 16
22 23 23 23
4 12 3 12
34 14 34 15
34 7 35 7
34 15 34 16
34 5 34 6
35 11 34 11
34 2 35 2
20 4 20 3
3 8 3 7
33 15 34 15
34 26 34 27
28 24 27 24
20 7 20 8
16 5 16 6
22 7 22 6
34 35 34 34
9 28 10 28
29 20 30 20
35 5 34 5
15 16 15 17
22 1 22 2
24 34 24 33
2 29 2 28
31 2 31 1
1 4 1 3
34 34 33 34
16 35 16 34
3 33 2 33
7 25 7 26
10 16 11 16
3 4 3 3
27 1 27 2
31 1 30 1
26 28 27 28
9 35 10 35
11 29 12 29
35 2 35 1
2 3 2 4
26 17 25 17
20 2 20 1
9 3 9 2
4 8 3 8
20 3 21 3
10 29 11 29
18 19 18 18
27 13 27 14
18 30 18 31
31 13 31 12
12 21 12 22
10 27 10 26
27 21 27 22
15 22 15 21
23 10 23 9
17 14 17 13
17 26 17 27
30 10 30 9
2 28 3 28
11 25 11 24
15 11 15 10
4 31 4 30
12 34 12 35
9 8 8 8
14 35 13 35
30 12 30 11
24 15 24 16
25 23 25 24
28 16 28 17
28 5 28 6
15 8 16 8
27 14 27 15
11 29 11 28
32 23 32 22
26 7 27 7
34 15 34 14
7 16 6 16
25 17 24 17
2 6 3 6
13 11 14 11
10 30 10 31
13 35 13 34
32 5 32 4
27 19 28 19
33 34 32 34
15 13 15 12
2 23 2 22
30 11 31 11
34 16 35 16
15 1 15 0
19 0 19 1
22 10 22 9
0 0 1 0
3 17 3 18
3 3 2 3
13 20 13 21
2 4 3 4
10 31 10 30
23 28 23 29
3 18 4 18
188
32 6 34 6
30 22 32 22
27 28 32 28
17 13 20 13
16 19 20 19
32 6 32 7
20 13 20 15
16 22 19 22
11 31 12 31
12 22 16 22
35 24 35 27
8 7 8 8
5 24 7 24
22 6 24 6
13 7 16 7
27 2 30 2
34 6 34 11
8 8 14 8
4 16 6 16
12 31 18 31
17 9 17 13
18 34 19 34
5 24 5 28
3 21 13 21
7 24 11 24
30 1 35 1
11 23 11 24
3 7 4 7
32 4 34 4
21 17 21 19
26 22 27 22
11 24 11 26
4 30 10 30
3 28 3 29
15 27 15 28
32 15 35 15
1 29 1 33
6 13 6 16
27 15 31 15
32 2 32 4
27 28 27 29
11 28 15 28
22 9 22 11
1 12 1 19
27 5 27 7
30 2 32 2
22 4 32 4
32 4 32 6
7 3 21 3
4 34 6 34
27 29 32 29
24 14 34 14
11 28 11 31
3 28 5 28
20 9 22 9
35 15 35 16
11 1 14 1
23 16 23 21
1 3 2 3
27 22 27 24
32 18 32 22
35 16 35 24
20 15 20 19
4 4 9 4
11 26 11 28
30 20 30 22
11 17 12 17
2 3 5 3
3 13 3 21
26 20 26 22
1 12 3 12
16 6 16 7
10 7 13 7
15 28 21 28
4 4 4 5
16 19 16 22
25 19 28 19
19 25 20 25
22 4 22 6
4 7 8 7
4 29 4 30
35 1 35 3
12 11 14 11
20 19 21 19
24 16 25 16
35 7 35 15
16 13 17 13
7 1 11 1
7 6 16 6
3 12 3 13
19 1 20 1
9 4 14 4
29 1 30 1
10 26 10 28
23 15 27 15
23 23 26 23
20 9 20 13
27 15 27 17
21 3 21 7
12 29 21 29
1 0 1 3
13 25 19 25
24 6 26 6
34 27 34 32
24 16 24 17
4 7 4 16
22 11 31 11
27 7 27 9
23 25 23 29
32 28 33 28
20 15 23 15
9 7 10 7
10 28 10 30
16 8 16 13
13 21 15 21
27 17 28 17
34 11 34 14
14 1 18 1
30 19 30 20
1 19 1 29
18 31 18 34
27 9 30 9
16 7 21 7
7 26 10 26
13 19 13 21
15 27 17 27
32 27 34 27
23 9 27 9
7 1 7 3
27 2 27 3
32 16 35 16
23 21 23 23
28 19 28 21
21 19 21 20
1 33 1 34
23 16 24 16
3 4 4 4
21 29 23 29
9 19 13 19
10 34 10 35
10 34 13 34
3 8 3 12
19 23 19 25
4 16 4 17
5 3 7 3
19 22 19 23
20 1 29 1
15 10 15 12
28 21 28 26
11 11 12 11
23 23 23 25
32 16 32 18
31 11 34 11
1 3 1 12
15 17 15 21
23 25 25 25
2 22 2 33
25 16 25 19
28 19 30 19
11 16 11 17
14 8 16 8
19 34 32 34
15 12 15 17
13 34 16 34
12 17 15 17
10 30 10 34
35 3 35 7
14 8 14 11
25 31 29 31
18 1 19 1
18 17 18 18
11 11 11 14
32 29 32 34
4 30 4 33
1 33 2 33
4 6 4 7
4 5 4 6
25 7 27 7
21 7 25 7
15 17 18 17
25 25 25 28
2 33 4 33
34 27 35 27
20 23 23 23
27 5 29 5
11 23 19 23
27 24 27 28
25 28 25 31
