52
27 4 26 4
7 6 8 6
4 13 3 13
23 8 22 8
12 0 13 0
19 8 19 9
25 11 25 12
0 16 1 16
29 22 28 22
17 7 16 7
8 11 8 12
14 7 13 7
5 6 5 7
17 0 16 0
28 19 29 19
12 4 12 5
10 22 10 21
12 12 12 11
19 12 19 13
18 0 18 1
26 18 27 18
1 10 2 10
3 29 3 28
8 22 9 22
9 7 9 6
13 19 13 18
7 23 6 23
0 17 1 17
3 26 3 27
8 14 9 14
6 18 7 18
29 12 28 12
20 21 20 20
24 29 25 29
2 10 2 11
18 1 19 1
18 8 17 8
23 18 24 18
10 12 10 11
22 21 23 21
13 20 13 19
26 28 25 28
7 16 6 16
11 6 12 6
27 18 27 17
8 13 8 14
14 26 15 26
24 22 24 23
5 24 6 24
23 21 23 20
9 26 10 26
12 16 13 16
148
25 28 25 29
16 8 17 8
17 1 19 1
9 2 9 3
12 22 12 23
12 6 12 10
26 8 28 8
20 8 22 8
6 23 6 24
8 19 8 21
20 14 20 16
20 26 21 26
10 26 10 27
24 4 26 4
3 27 6 27
6 27 10 27
2 24 6 24
2 11 3 11
28 22 28 27
23 11 28 11
23 11 23 17
19 1 19 3
7 14 8 14
20 20 20 26
17 20 20 20
27 14 27 17
21 26 22 26
11 28 12 28
3 11 3 13
20 8 20 14
2 11 2 24
0 29 7 29
0 4 0 6
13 5 13 7
3 13 3 18
19 26 20 26
8 12 8 14
9 3 9 6
12 23 12 28
29 25 29 26
20 6 20 8
12 5 12 6
12 5 13 5
12 23 16 23
23 20 23 22
13 18 19 18
6 23 12 23
4 7 4 16
20 20 23 20
17 29 18 29
23 22 25 22
15 14 20 14
25 22 25 28
29 19 29 20
6 22 9 22
6 24 6 27
12 22 15 22
14 25 14 28
2 0 2 1
15 20 17 20
2 1 8 1
15 20 15 22
2 1 2 11
3 4 3 7
22 8 22 13
0 11 0 20
8 14 8 19
12 13 14 13
22 8 26 8
11 18 13 18
17 8 20 8
12 28 14 28
13 17 13 18
28 11 28 12
3 7 3 11
29 8 29 17
13 19 17 19
26 4 26 7
7 29 17 29
13 16 13 17
29 20 29 25
17 1 17 8
6 21 6 22
17 8 17 10
4 7 5 7
20 26 20 28
9 11 10 11
7 12 8 12
26 7 26 8
8 6 9 6
20 16 20 20
0 11 2 11
27 7 29 7
16 8 16 12
16 1 16 7
10 11 12 11
17 20 17 29
3 18 7 18
23 2 23 4
9 14 9 22
12 19 12 21
0 6 0 11
19 9 19 13
23 17 23 20
15 1 16 1
15 1 15 11
7 14 7 18
28 17 29 17
22 2 22 8
12 11 12 13
16 0 16 1
7 7 7 8
9 11 9 14
9 2 11 2
10 21 12 21
5 13 5 17
5 9 5 13
23 17 27 17
8 1 8 6
13 16 20 16
16 0 23 0
10 18 10 21
13 1 15 1
11 1 13 1
14 13 19 13
27 0 27 7
5 7 5 9
12 19 13 19
29 7 29 8
5 7 7 7
6 13 6 16
7 11 9 11
6 13 7 13
6 12 6 13
13 1 13 3
23 0 27 0
7 8 7 11
9 6 12 6
23 0 23 2
5 13 6 13
7 0 10 0
23 20 29 20
10 11 10 18
13 0 13 1
10 0 13 0
14 20 15 20
29 6 29 7
12 11 15 11
