306
32 6 33 6
13 1 13 2
38 34 38 35
0 18 1 18
39 33 38 33
15 0 15 1
13 12 13 11
45 20 44 20
46 21 47 21
29 28 28 28
20 18 21 18
16 21 15 21
19 3 20 3
0 3 0 2
21 3 22 3
22 0 22 1
33 12 33 11
39 13 38 13
3 20 3 21
21 5 20 5
2 20 3 20
2 9 3 9
26 6 25 6
10 5 10 6
29 3 29 2
37 22 37 23
24 1 24 0
25 6 25 5
36 22 36 23
5 8 5 7
31 35 31 36
34 11 34 12
27 11 27 12
7 27 8 27
12 12 12 13
34 6 34 7
1 7 1 6
20 11 20 12
45 6 46 6
37 16 37 17
20 17 20 18
47 7 47 8
25 19 25 18
20 3 20 2
23 41 23 40
29 18 29 17
9 45 10 45
35 24 35 23
29 9 28 9
14 9 14 10
41 15 41 16
40 20 41 20
39 17 38 17
39 39 39 40
27 35 26 35
21 23 21 24
12 13 12 14
25 14 24 14
47 5 46 5
45 8 46 8
28 30 28 29
8 43 8 44
20 2 21 2
11 25 12 25
1 13 1 12
36 35 35 35
44 15 43 15
38 22 39 22
2 22 2 21
1 12 2 12
38 35 39 35
13 24 12 24
38 33 38 34
19 32 20 32
15 19 15 18
22 1 21 1
29 40 29 39
30 12 29 12
41 32 41 33
16 22 16 23
46 6 46 7
38 14 39 14
28 9 28 10
20 12 20 13
26 37 26 38
36 47 36 46
37 0 36 0
0 9 1 9
46 5 46 4
35 36 36 36
28 29 29 29
14 24 14 23
35 43 35 42
1 2 2 2
24 46 25 46
43 35 42 35
2 17 3 17
9 47 8 47
22 36 22 35
38 23 38 22
12 44 13 44
14 10 15 10
19 27 19 28
6 2 6 1
36 46 35 46
9 12 9 13
16 4 17 4
8 24 9 24
1 3 0 3
43 15 43 16
15 1 16 1
19 5 18 5
31 7 31 6
28 10 27 10
45 23 44 23
26 35 25 35
9 24 8 24
35 15 35 16
4 0 4 1
7 6 8 6
3 30 2 30
37 24 38 24
33 7 33 8
40 38 39 38
1 17 0 17
7 19 7 20
39 40 40 40
25 35 25 36
29 12 30 12
4 5 5 5
11 0 11 1
1 9 2 9
29 37 29 38
13 25 13 24
5 13 6 13
3 21 3 22
27 18 27 19
10 45 10 44
42 6 42 7
34 19 34 18
25 4 25 3
29 34 29 33
11 1 11 2
17 21 17 20
39 43 39 42
7 45 7 46
15 10 15 11
4 6 4 7
19 21 19 20
7 42 8 42
22 39 23 39
42 23 42 22
23 24 24 24
44 9 44 10
19 20 19 19
37 15 38 15
8 27 8 26
27 5 27 6
38 18 39 18
37 17 37 18
4 27 4 26
0 2 1 2
5 5 5 4
5 14 6 14
35 44 35 43
26 23 25 23
7 7 7 8
38 34 38 35
25 46 25 47
36 0 36 1
19 47 18 47
24 24 24 23
26 39 26 40
25 23 25 22
18 13 18 14
7 14 7 15
7 44 7 43
40 14 40 13
33 6 34 6
15 45 15 46
38 41 38 40
36 28 36 27
5 15 5 14
46 4 46 3
42 9 42 10
38 22 37 22
15 11 16 11
39 38 39 39
46 33 47 33
36 27 35 27
2 25 1 25
10 6 9 6
17 28 17 27
0 13 1 13
8 47 7 47
27 2 27 1
24 19 25 19
13 11 13 10
21 18 21 19
35 20 34 20
7 43 8 43
43 8 43 9
12 27 12 26
9 13 8 13
26 34 27 34
2 44 1 44
8 6 8 5
9 6 8 6
4 43 3 43
12 45 11 45
17 39 16 39
27 19 26 19
22 21 21 21
39 35 40 35
36 31 35 31
9 5 9 4
22 37 21 37
26 19 27 19
19 28 19 29
4 39 4 38
37 22 36 22
7 47 6 47
27 37 27 36
13 24 14 24
4 35 5 35
37 31 38 31
9 7 8 7
18 37 17 37
39 0 38 0
28 25 28 24
3 9 3 8
1 4 1 3
46 36 46 35
15 30 15 29
29 39 30 39
40 37 40 36
21 21 21 22
34 6 34 5
8 44 7 44
13 23 13 24
38 24 38 23
5 20 5 19
1 2 1 1
41 33 40 33
3 17 3 16
32 7 32 6
15 6 15 7
12 19 13 19
35 26 36 26
35 13 36 13
11 43 11 42
47 31 47 30
47 29 46 29
39 22 39 21
13 44 12 44
20 32 19 32
27 34 27 33
9 4 10 4
14 24 15 24
27 6 26 6
17 20 17 21
2 30 1 30
13 2 14 2
28 24 28 23
40 11 39 11
27 17 28 17
26 18 26 17
18 47 17 47
27 27 28 27
6 24 7 24
36 36 37 36
12 24 11 24
12 25 12 24
8 13 8 14
39 12 38 12
28 22 27 22
25 22 25 21
19 39 19 38
3 22 4 22
15 21 15 20
27 14 26 14
24 7 24 6
17 21 17 20
44 34 43 34
34 23 33 23
1 30 1 31
19 4 19 3
13 10 14 10
24 29 23 29
27 9 26 9
26 17 25 17
11 42 11 43
19 32 20 32
8 37 9 37
10 24 9 24
10 42 10 43
11 24 11 25
16 11 16 10
4 22 4 21
1 3 2 3
30 21 30 20
37 36 37 37
39 18 39 17
27 33 27 32
22 22 22 21
16 39 16 40
193
21 1 27 1
28 23 31 23
5 3 12 3
8 14 8 16
46 29 46 35
34 7 42 7
27 10 27 12
12 8 13 8
1 13 1 18
2 12 5 12
1 1 4 1
25 43 25 47
25 43 26 43
11 2 14 2
20 13 20 18
18 12 22 12
6 1 12 1
33 33 37 33
34 26 36 26
28 11 29 11
1 18 1 22
1 22 1 25
25 3 46 3
40 33 40 35
15 18 19 18
35 35 35 37
26 43 29 43
4 20 4 21
17 27 20 27
21 1 21 2
17 27 17 37
36 23 37 23
20 27 20 32
29 42 29 43
16 1 16 10
35 35 38 35
42 10 44 10
28 28 28 35
10 44 12 44
21 2 21 10
5 12 18 12
6 44 6 47
6 47 17 47
16 1 21 1
35 23 36 23
29 33 33 33
4 21 4 25
17 37 17 47
14 10 16 10
25 5 25 10
6 13 6 14
42 35 42 43
5 12 5 14
40 35 42 35
5 2 5 3
5 3 5 4
15 18 15 20
15 20 15 24
4 38 16 38
38 23 44 23
30 7 34 7
22 35 22 42
19 18 20 18
17 47 25 47
20 18 25 18
36 29 46 29
27 19 31 19
45 40 45 43
10 43 10 44
33 37 35 37
37 18 37 23
25 5 34 5
8 5 8 6
1 44 6 44
42 35 46 35
27 1 33 1
22 3 22 11
27 12 30 12
35 43 42 43
4 25 4 26
34 18 35 18
36 26 36 29
29 8 29 11
5 7 5 12
1 25 3 25
6 44 7 44
20 32 23 32
20 24 20 27
28 28 34 28
1 6 1 13
22 11 22 12
2 12 2 21
41 12 41 16
35 18 35 23
5 4 10 4
23 23 23 29
37 33 40 33
38 15 38 17
38 17 38 19
46 8 46 29
46 8 47 8
7 44 10 44
22 35 28 35
38 13 40 13
42 7 46 7
25 10 25 15
41 16 43 16
6 14 8 14
28 27 28 28
23 40 26 40
6 13 20 13
4 26 8 26
1 25 1 31
30 12 34 12
46 3 46 7
29 38 37 38
27 40 38 40
36 23 36 26
15 26 16 26
4 1 6 1
19 19 21 19
25 18 34 18
2 21 4 21
1 6 8 6
35 43 35 46
38 40 40 40
44 10 44 20
5 2 11 2
16 23 23 23
18 11 18 12
28 35 29 35
25 10 27 10
27 28 27 32
2 26 4 26
46 0 46 3
34 12 38 12
12 24 13 24
21 19 21 22
42 7 42 10
29 35 35 35
2 9 2 12
23 32 27 32
1 1 1 6
26 15 38 15
12 3 12 8
1 31 1 44
23 23 24 23
27 19 27 22
8 26 8 36
16 26 16 38
41 16 41 20
38 13 38 15
12 1 16 1
26 38 26 40
4 20 6 20
44 20 44 23
38 19 38 23
25 17 25 18
28 23 28 27
25 15 25 17
21 22 27 22
26 8 29 8
31 19 31 23
4 21 9 21
8 26 12 26
22 3 25 3
34 17 38 17
40 36 40 40
29 41 29 42
8 24 8 26
20 27 22 27
33 1 36 1
10 4 10 7
16 23 16 26
38 12 41 12
26 7 26 8
4 34 4 38
26 7 30 7
12 44 14 44
29 43 35 43
12 26 15 26
20 24 21 24
38 35 38 40
18 5 18 11
5 7 8 7
8 7 10 7
12 24 12 26
26 40 26 43
38 40 38 42
24 23 28 23
7 39 7 44
26 38 29 38
25 37 33 37
