51
30 6 29 6
29 10 30 10
29 33 28 33
11 8 10 8
5 0 5 1
0 16 1 16
27 12 28 12
36 1 35 1
17 26 16 26
1 9 2 9
7 9 6 9
13 4 13 3
11 37 11 36
18 4 19 4
30 29 30 28
6 20 6 19
17 10 16 10
13 8 13 9
22 2 21 2
36 32 35 32
12 24 12 23
3 23 4 23
32 20 32 21
14 9 15 9
34 33 35 33
16 13 16 14
10 33 9 33
18 22 17 22
35 6 36 6
10 5 10 6
17 7 17 8
23 19 24 19
9 35 9 36
18 23 19 23
33 7 33 6
5 19 4 19
24 3 24 4
28 28 27 28
9 4 8 4
17 22 17 21
30 27 31 27
4 27 5 27
35 1 35 0
34 0 34 1
9 8 9 9
25 0 25 1
16 28 16 27
26 36 25 36
3 6 3 5
30 32 30 31
21 9 21 10
149
35 32 35 33
30 7 35 7
20 21 20 27
15 29 16 29
25 34 28 34
19 1 21 1
25 21 25 34
4 23 12 23
21 2 23 2
24 19 24 21
13 23 19 23
4 8 10 8
28 33 35 33
20 2 21 2
8 36 9 36
33 19 33 21
1 6 1 16
32 21 33 21
28 2 28 12
10 6 10 8
25 17 25 20
8 24 8 26
4 14 4 18
6 6 10 6
33 21 33 23
16 27 19 27
16 8 16 10
35 32 37 32
23 36 25 36
30 28 35 28
14 27 16 27
23 3 26 3
8 0 8 4
4 21 4 23
30 10 30 11
1 4 1 6
20 18 20 21
21 1 21 2
4 19 6 19
12 1 17 1
6 9 6 19
4 8 4 14
1 6 6 6
19 23 19 27
16 26 16 27
4 23 4 35
30 11 30 28
28 34 32 34
35 2 35 4
23 13 23 15
6 19 6 22
12 14 16 14
16 27 16 29
22 36 23 36
35 7 35 18
23 2 23 3
24 18 24 19
21 2 21 7
12 23 13 23
35 27 35 28
1 4 8 4
22 35 22 36
19 1 19 4
31 0 32 0
19 27 20 27
35 28 35 32
8 4 19 4
35 4 35 7
10 8 16 8
24 4 24 10
13 31 14 31
9 36 11 36
6 33 9 33
28 12 28 15
20 36 22 36
9 33 9 36
28 33 28 34
17 1 19 1
20 27 20 36
25 34 25 36
4 19 4 21
24 21 25 21
11 36 20 36
3 5 17 5
6 30 9 30
16 16 16 21
3 0 8 0
30 7 30 10
16 29 16 35
25 20 25 21
12 23 12 28
32 0 35 0
12 14 12 23
29 18 29 19
15 13 17 13
15 9 15 10
16 21 17 21
21 10 21 11
4 18 4 19
6 19 9 19
8 13 15 13
24 10 24 17
35 0 35 2
22 4 22 8
9 26 11 26
13 9 15 9
28 2 35 2
24 4 26 4
8 26 9 26
33 6 34 6
29 19 29 31
13 23 13 31
25 1 27 1
33 18 35 18
19 10 21 10
20 18 21 18
26 20 26 25
29 6 31 6
29 15 29 18
28 21 28 33
9 26 9 30
22 16 22 35
27 2 27 3
31 6 33 6
19 4 19 6
27 3 27 18
27 20 27 28
21 11 22 11
27 1 27 2
6 26 6 30
23 15 23 32
29 6 29 15
29 31 30 31
22 4 24 4
21 10 24 10
27 18 27 20
27 18 29 18
17 8 22 8
17 13 17 21
17 8 17 13
33 18 33 19
26 20 27 20
22 11 22 15
22 15 23 15
26 4 26 20
17 5 17 8
27 1 34 1
15 10 15 13
9 9 13 9
