334
2 10 1 10
23 12 22 12
19 11 20 11
24 1 23 1
9 3 9 2
22 17 23 17
1 10 1 11
3 10 2 10
3 22 2 22
17 22 18 22
21 9 21 8
14 1 15 1
23 3 24 3
5 21 5 22
2 3 2 2
14 2 15 2
4 7 5 7
23 24 23 25
3 7 4 7
18 18 18 19
20 1 19 1
5 20 5 21
10 2 10 1
4 20 5 20
2 6 2 5
2 7 3 7
16 10 17 10
19 1 18 1
6 11 6 10
1 13 1 14
1 3 2 3
24 13 24 14
16 3 17 3
22 24 23 24
14 7 15 7
4 8 5 8
2 24 3 24
15 18 14 18
0 7 0 6
6 14 7 14
13 8 13 9
23 1 22 1
5 15 4 15
25 8 25 9
23 2 23 1
22 14 22 15
9 10 8 10
19 14 18 14
21 15 21 16
19 9 18 9
16 24 15 24
1 18 2 18
19 0 19 1
1 14 0 14
0 13 1 13
3 16 3 15
19 8 19 9
23 6 24 6
2 4 3 4
20 9 21 9
3 8 4 8
7 16 8 16
23 7 23 6
10 8 10 9
11 23 11 24
20 0 19 0
1 7 0 7
7 11 7 10
23 13 24 13
3 4 3 3
2 23 2 24
2 2 1 2
25 6 25 7
24 2 23 2
3 9 3 8
21 1 20 1
12 3 13 3
12 4 12 3
23 8 23 7
18 21 17 21
15 10 16 10
4 14 4 13
3 11 3 10
3 23 3 22
11 15 10 15
19 10 19 11
9 19 9 18
20 22 19 22
20 1 20 0
10 3 10 2
24 3 24 2
1 19 1 18
10 23 11 23
0 15 1 15
1 13 1 14
18 19 19 19
2 9 3 9
20 21 20 22
23 18 23 19
4 18 3 18
1 1 2 1
24 16 23 16
2 12 2 13
14 9 14 10
9 15 8 15
9 9 8 9
11 25 10 25
23 17 23 18
16 2 16 3
2 16 3 16
8 7 8 6
22 3 23 3
1 22 0 22
2 5 2 4
7 18 7 17
6 15 7 15
11 4 12 4
13 9 14 9
8 20 8 21
7 19 7 18
2 24 1 24
11 5 11 6
7 20 7 19
4 10 5 10
21 17 22 17
1 20 1 19
2 25 3 25
14 18 14 17
7 25 6 25
19 9 20 9
1 2 1 3
18 10 19 10
13 3 13 4
7 18 6 18
9 21 9 20
18 11 18 12
3 17 4 17
11 3 11 4
13 1 14 1
19 22 19 21
0 16 0 15
7 21 7 20
4 19 4 20
22 19 21 19
24 4 24 3
23 11 23 12
18 6 18 7
16 1 16 2
15 21 15 22
10 12 9 12
25 9 24 9
4 15 4 14
19 11 18 11
1 23 1 22
24 6 25 6
10 21 9 21
3 24 3 23
11 16 11 15
1 25 2 25
13 7 14 7
15 9 16 9
8 15 9 15
10 9 9 9
22 8 23 8
18 11 18 10
23 22 22 22
23 16 23 15
5 25 4 25
2 20 1 20
1 24 2 24
7 5 6 5
0 23 1 23
5 6 6 6
3 5 3 6
23 12 23 13
17 17 16 17
1 5 1 6
19 7 19 8
3 23 2 23
10 16 9 16
2 8 2 9
3 19 4 19
16 4 16 5
22 17 23 17
9 20 9 19
22 1 21 1
17 1 16 1
2 10 1 10
0 5 1 5
22 18 22 17
5 11 4 11
4 24 3 24
13 6 13 7
23 6 24 6
3 20 3 19
7 22 7 21
17 2 17 1
22 11 21 11
2 15 2 16
22 12 22 11
19 5 19 6
12 4 12 5
21 13 21 12
9 19 10 19
22 22 23 22
6 25 5 25
14 13 14 14
1 8 1 7
23 10 23 11
14 15 13 15
23 14 22 14
4 5 3 5
1 23 1 24
10 0 9 0
2 4 3 4
25 16 24 16
9 9 9 10
5 25 5 24
8 19 9 19
17 24 16 24
10 13 9 13
21 23 22 23
18 20 18 21
11 13 10 13
19 23 19 22
14 3 14 2
18 12 18 11
18 5 19 5
9 16 9 17
3 21 3 20
6 13 6 14
7 0 8 0
17 19 18 19
9 10 9 11
13 21 12 21
1 24 1 25
1 10 2 10
3 24 3 23
7 23 7 22
1 0 1 1
1 16 0 16
22 17 22 16
10 11 10 10
19 19 19 20
3 5 2 5
19 22 19 23
16 21 16 22
19 16 20 16
14 10 14 11
3 18 3 17
12 14 12 13
25 14 25 15
1 12 2 12
12 12 13 12
6 14 6 15
12 16 11 16
7 20 8 20
4 19 4 18
20 18 19 18
9 0 10 0
12 13 12 14
2 19 2 20
1 9 1 8
16 2 17 2
5 14 6 14
24 12 23 12
25 23 25 24
23 15 23 14
24 16 23 16
14 2 14 3
15 13 14 13
20 20 20 21
23 12 22 12
8 10 9 10
8 0 9 0
23 1 24 1
5 5 4 5
15 12 15 13
5 13 5 14
25 22 25 23
14 19 14 18
5 22 4 22
18 13 19 13
2 24 3 24
23 4 24 4
16 3 16 2
19 23 19 22
19 13 18 13
17 4 16 4
1 25 1 24
10 10 10 9
4 20 4 19
4 21 3 21
1 24 1 25
14 1 14 0
23 14 23 15
23 11 23 12
14 3 14 2
20 14 21 14
18 13 18 12
3 20 4 20
15 15 14 15
2 25 2 24
24 5 25 5
16 19 17 19
11 4 11 5
12 15 12 16
20 19 19 19
16 20 16 19
1 17 1 16
2 24 1 24
10 22 10 21
12 20 11 20
4 5 3 5
19 18 20 18
21 20 20 20
10 25 10 24
0 6 0 5
1 19 2 19
20 20 21 20
22 20 22 19
22 13 21 13
4 6 5 6
22 0 23 0
0 9 1 9
14 0 13 0
22 23 21 23
1 6 0 6
18 12 18 13
6 20 7 20
15 19 15 18
10 24 10 25
12 25 11 25
10 7 10 8
164
17 23 20 23
8 2 8 3
1 14 1 15
24 14 24 15
3 5 3 6
6 16 8 16
17 21 17 23
1 15 3 15
1 5 2 5
12 14 13 14
3 17 3 19
14 17 16 17
9 15 10 15
22 21 22 25
14 9 14 11
23 9 23 12
10 21 10 25
8 11 9 11
3 16 3 17
3 13 4 13
19 20 19 21
17 2 17 3
20 11 20 12
19 15 20 15
6 15 6 16
23 7 25 7
19 8 19 10
1 9 1 11
18 1 18 2
10 20 10 21
24 17 25 17
11 16 12 16
8 23 9 23
3 15 6 15
17 6 19 6
20 15 22 15
4 11 8 11
23 2 24 2
17 18 20 18
4 13 7 13
3 22 4 22
22 14 22 15
21 20 21 21
1 9 2 9
10 6 11 6
19 6 19 8
25 12 25 15
19 8 20 8
23 13 23 15
2 11 4 11
2 19 2 20
25 5 25 6
19 20 21 20
13 7 13 10
12 11 14 11
17 20 19 20
4 9 4 11
25 7 25 10
17 2 18 2
17 3 17 6
2 13 3 13
15 7 15 11
6 23 8 23
24 17 24 18
22 16 22 19
11 14 12 14
11 0 12 0
14 7 15 7
2 0 2 1
23 0 23 2
15 3 17 3
19 10 19 12
2 5 2 9
17 23 17 25
8 16 8 18
3 25 4 25
3 16 4 16
17 14 17 15
21 1 21 2
19 12 19 15
18 1 19 1
2 19 3 19
8 20 10 20
17 20 17 21
14 17 14 18
1 25 3 25
12 14 12 16
17 12 19 12
9 1 10 1
21 2 21 3
10 21 12 21
8 12 8 13
23 18 24 18
20 18 21 18
9 14 9 15
8 3 12 3
2 3 2 5
23 12 25 12
12 0 12 2
21 6 22 6
23 5 23 7
12 3 12 5
21 3 23 3
15 6 15 7
21 16 21 18
2 1 2 3
3 4 3 5
9 0 9 1
20 8 21 8
25 15 25 17
3 24 3 25
1 11 2 11
7 20 8 20
9 13 9 14
2 12 2 13
10 1 10 2
3 14 3 15
19 1 21 1
21 21 22 21
12 16 12 17
4 25 10 25
16 1 17 1
8 18 8 20
12 2 12 3
22 2 23 2
10 14 11 14
13 7 14 7
3 19 3 21
11 7 13 7
23 3 23 5
13 16 15 16
12 10 13 10
21 22 21 23
22 15 23 15
17 14 18 14
17 15 17 18
23 15 24 15
12 11 12 14
0 25 1 25
1 16 1 18
22 6 22 9
18 13 18 14
12 17 14 17
3 21 3 22
12 21 17 21
1 11 1 14
20 12 21 12
22 9 23 9
4 16 5 16
17 19 17 20
3 22 3 23
1 15 1 16
8 16 11 16
22 15 22 16
16 0 16 1
5 20 7 20
22 19 22 21
7 13 8 13
12 3 15 3
8 13 9 13
11 6 11 7
6 22 6 23
4 22 6 22
7 15 9 15
