210
9 25 8 25
27 4 26 4
5 10 5 9
28 13 29 13
29 19 29 20
12 12 13 12
21 2 21 1
8 19 7 19
21 25 21 24
10 8 10 9
9 8 9 7
3 1 3 2
20 26 20 25
10 11 10 10
8 18 8 19
25 25 25 24
22 25 21 25
5 2 5 3
21 24 20 24
17 10 17 11
0 26 1 26
22 1 22 0
19 12 19 13
0 19 1 19
26 10 26 9
11 11 10 11
26 11 26 10
10 29 10 28
22 12 22 11
23 19 24 19
17 21 17 20
14 10 14 11
29 11 29 10
18 11 18 10
26 26 27 26
0 7 1 7
19 11 19 12
14 6 14 5
7 5 6 5
14 22 14 21
7 6 7 5
21 27 20 27
5 13 5 14
28 23 28 24
24 3 24 2
4 23 5 23
29 27 29 28
15 0 16 0
6 6 5 6
0 16 1 16
1 26 1 25
25 20 24 20
5 1 5 2
22 3 22 4
9 4 10 4
8 4 9 4
20 19 19 19
24 12 24 11
7 19 7 20
12 25 12 24
29 25 28 25
19 25 19 26
7 12 7 11
10 20 11 20
6 7 6 6
7 20 8 20
20 2 21 2
3 16 4 16
16 9 16 10
21 1 22 1
23 28 23 27
15 15 15 14
14 16 15 16
14 5 14 4
20 1 20 2
19 12 20 12
6 12 5 12
7 11 6 11
21 17 20 17
22 9 23 9
21 25 21 26
7 8 7 7
10 23 9 23
0 12 0 11
14 7 15 7
8 27 9 27
25 19 26 19
10 11 9 11
2 12 3 12
1 28 0 28
20 21 21 21
21 20 21 19
21 26 21 27
1 17 0 17
2 17 2 16
15 17 14 17
21 0 21 1
27 21 26 21
0 13 1 13
22 14 22 15
29 22 28 22
7 15 7 16
26 25 25 25
2 18 3 18
4 1 3 1
3 3 4 3
20 6 21 6
27 15 27 14
5 19 5 18
29 14 28 14
13 17 13 18
20 29 21 29
3 4 3 3
13 11 12 11
16 7 16 6
20 0 20 1
0 15 1 15
14 4 14 3
8 22 9 22
29 20 28 20
19 13 18 13
24 4 24 3
17 29 17 28
9 27 9 28
28 22 28 23
11 5 12 5
16 18 15 18
0 24 1 24
3 25 3 26
4 12 4 11
6 21 7 21
0 17 0 16
8 29 8 28
18 16 19 16
24 28 24 27
22 0 21 0
27 20 27 21
8 12 8 11
25 24 24 24
20 4 19 4
5 18 4 18
14 17 14 18
2 1 2 2
6 19 7 19
9 12 10 12
1 7 1 6
24 22 24 23
15 2 15 1
20 5 20 4
0 29 1 29
28 16 28 17
22 1 22 0
5 23 5 22
21 1 22 1
26 24 25 24
19 14 18 14
21 2 21 1
23 25 22 25
26 18 25 18
3 27 3 28
26 23 26 22
17 27 16 27
6 10 7 10
17 4 18 4
20 14 19 14
16 0 16 1
8 28 8 27
0 16 0 17
14 28 14 27
26 4 26 3
25 18 24 18
20 27 20 26
22 4 22 5
24 29 24 28
11 18 10 18
29 16 29 17
11 3 12 3
22 28 22 29
3 28 4 28
19 16 19 17
4 11 4 10
21 18 21 17
15 9 14 9
8 20 9 20
21 19 22 19
29 28 28 28
22 13 21 13
6 17 6 18
16 6 15 6
22 29 22 28
6 13 6 14
14 11 13 11
17 11 16 11
22 5 22 4
6 4 6 3
19 15 19 16
0 2 0 1
9 11 9 12
24 2 24 1
24 1 24 2
17 7 16 7
9 13 10 13
13 8 12 8
24 8 24 9
3 1 3 0
29 17 29 16
21 5 20 5
7 13 8 13
1 2 1 1
18 6 19 6
190
8 19 8 25
2 28 4 28
22 0 22 1
2 14 2 15
14 3 14 8
24 25 24 27
14 8 17 8
4 16 7 16
14 21 19 21
14 1 14 3
2 6 3 6
21 27 21 29
4 14 5 14
14 3 17 3
13 18 14 18
12 5 13 5
24 19 24 20
25 2 25 3
24 20 28 20
21 6 22 6
13 25 13 29
23 27 24 27
15 12 17 12
7 4 7 5
20 13 20 15
14 24 14 25
9 16 9 17
20 2 20 4
20 1 20 2
21 29 23 29
9 3 12 3
18 29 19 29
1 3 1 6
8 25 10 25
0 18 0 28
15 16 15 18
19 28 19 29
4 7 4 9
20 20 24 20
7 18 10 18
4 25 4 27
18 24 20 24
15 14 15 16
13 16 15 16
12 3 14 3
6 11 8 11
23 2 23 3
7 19 8 19
26 10 29 10
11 0 11 1
21 22 21 27
2 16 4 16
4 2 4 3
29 13 29 15
10 25 13 25
23 3 24 3
13 25 14 25
10 22 10 25
0 8 0 11
3 18 4 18
20 12 20 13
9 20 11 20
15 12 15 14
12 3 12 5
24 25 25 25
28 20 28 23
9 3 9 4
19 16 19 17
10 16 10 18
21 21 21 22
20 17 20 18
3 6 4 6
21 1 21 4
28 25 28 28
4 27 4 28
14 24 18 24
0 14 0 17
17 5 17 6
19 17 20 17
4 14 4 16
17 12 20 12
8 11 12 11
7 4 9 4
12 14 15 14
22 1 26 1
20 15 20 17
21 6 21 9
6 18 7 18
21 4 21 6
12 8 14 8
23 29 29 29
22 4 25 4
1 1 1 3
29 15 29 16
10 16 11 16
2 13 2 14
27 23 27 24
7 18 7 19
19 21 21 21
17 2 17 3
17 2 20 2
20 18 20 20
13 29 18 29
22 6 23 6
29 10 29 13
0 11 0 14
17 6 19 6
1 14 2 14
19 26 19 27
21 0 21 1
15 6 17 6
26 1 27 1
4 3 5 3
6 11 6 14
4 29 12 29
6 18 6 22
27 24 27 26
5 22 6 22
5 9 6 9
16 10 18 10
9 20 9 21
0 11 6 11
25 9 25 10
18 26 19 26
25 10 26 10
15 18 17 18
20 10 22 10
20 12 25 12
10 9 10 10
5 8 12 8
6 6 8 6
24 3 25 3
3 18 3 22
1 22 3 22
26 10 26 19
10 18 12 18
4 3 4 6
22 6 22 10
25 24 25 25
9 21 14 21
19 6 21 6
1 25 4 25
22 10 22 11
0 17 0 18
27 23 28 23
13 10 16 10
3 2 4 2
6 9 6 11
4 25 6 25
29 24 29 29
22 1 22 2
29 16 29 24
1 1 8 1
19 28 20 28
2 9 4 9
10 1 11 1
12 11 12 14
9 28 10 28
27 1 27 8
0 14 1 14
4 16 4 18
11 19 11 20
5 8 5 9
10 10 13 10
28 24 29 24
12 29 13 29
11 0 17 0
22 10 24 10
12 28 12 29
17 0 21 0
11 16 13 16
6 3 6 5
5 3 6 3
4 18 4 25
18 10 20 10
28 24 28 25
1 18 3 18
4 9 5 9
21 4 22 4
1 6 2 6
23 27 23 29
8 1 10 1
20 15 22 15
22 2 23 2
6 5 6 6
7 16 9 16
14 18 14 21
4 28 9 28
19 27 21 27
24 10 25 10
