122
32 23 31 23
29 2 30 2
20 12 20 11
2 19 3 19
26 29 26 30
8 9 9 9
3 4 3 3
25 1 25 2
11 21 11 22
28 3 28 4
17 15 17 16
21 30 20 30
21 19 21 18
9 32 10 32
27 25 26 25
19 15 18 15
18 7 17 7
3 18 3 17
9 16 9 17
17 2 17 3
9 30 9 31
11 2 11 3
5 11 5 10
8 4 7 4
24 19 24 20
1 28 2 28
19 11 18 11
25 18 25 17
31 19 31 18
18 16 18 17
31 1 31 0
21 24 22 24
29 4 29 3
12 29 12 30
7 26 7 25
3 5 2 5
32 19 32 20
16 17 16 16
30 2 31 2
31 18 30 18
31 26 31 27
5 10 5 9
31 0 30 0
23 18 23 19
19 19 20 19
12 24 11 24
20 19 21 19
2 15 1 15
14 18 13 18
25 7 24 7
22 24 23 24
2 7 3 7
8 26 9 26
11 22 12 22
27 15 27 14
8 32 9 32
1 21 1 22
25 15 25 14
7 4 7 5
31 28 30 28
16 5 15 5
9 22 10 22
13 18 13 17
0 0 0 1
32 28 31 28
22 22 23 22
9 31 10 31
14 7 14 8
29 5 29 6
14 23 13 23
21 32 20 32
7 9 8 9
26 14 26 15
10 8 9 8
10 29 10 30
24 20 23 20
11 30 11 29
14 24 14 23
14 8 14 9
14 9 15 9
9 17 10 17
31 13 32 13
22 18 23 18
18 11 18 10
3 7 4 7
31 2 31 3
28 4 27 4
9 29 10 29
25 2 25 3
23 24 24 24
29 19 29 20
20 11 19 11
3 6 3 7
10 22 11 22
32 31 32 30
32 30 32 29
14 19 14 18
25 3 25 4
13 17 13 16
22 29 22 28
22 2 21 2
23 30 23 31
11 29 11 28
11 28 12 28
19 24 20 24
26 18 27 18
25 27 26 27
25 28 25 27
19 11 18 11
21 2 21 3
9 8 8 8
23 9 22 9
4 19 5 19
10 32 11 32
1 22 1 23
21 3 21 4
3 31 3 30
19 18 18 18
30 24 30 23
8 0 9 0
4 7 4 8
13 23 13 22
178
16 10 18 10
19 1 21 1
31 3 31 6
17 7 19 7
12 22 13 22
3 19 3 20
11 22 12 22
15 10 16 10
24 21 25 21
24 21 24 24
23 15 23 18
15 7 15 8
27 26 28 26
26 5 26 6
26 26 27 26
14 4 16 4
2 31 4 31
27 6 29 6
16 16 17 16
30 27 31 27
24 6 25 6
27 18 27 26
12 27 12 28
6 9 8 9
28 18 30 18
25 6 26 6
27 4 27 6
3 17 5 17
29 6 31 6
4 4 4 8
4 8 8 8
26 26 26 27
25 21 25 27
29 20 29 26
14 18 14 23
21 18 23 18
32 3 32 10
29 6 29 11
8 20 8 23
13 22 13 26
16 4 16 10
29 11 29 14
26 6 27 6
3 25 7 25
13 3 17 3
31 6 31 7
26 12 27 12
5 9 6 9
6 26 9 26
27 18 28 18
0 7 0 10
26 6 26 12
17 13 17 16
21 18 21 19
31 3 32 3
16 4 21 4
1 26 1 30
32 20 32 24
3 7 3 17
9 25 9 26
1 20 1 23
4 4 5 4
31 21 31 23
25 6 25 9
8 8 8 9
28 13 28 15
23 18 27 18
3 3 11 3
30 23 31 23
0 1 8 1
18 10 18 11
29 20 31 20
10 21 12 21
15 9 15 10
0 7 3 7
3 17 3 19
20 20 23 20
0 23 1 23
2 29 2 31
13 16 13 22
0 1 0 7
5 18 5 19
11 32 14 32
25 9 25 10
19 14 19 17
7 10 11 10
9 7 12 7
16 10 16 16
18 17 19 17
21 4 25 4
28 15 28 18
12 13 12 18
12 3 13 3
12 22 12 27
17 26 19 26
1 20 3 20
15 5 15 7
17 6 17 7
23 20 26 20
10 26 10 29
4 10 7 10
19 23 19 26
28 28 28 29
13 16 15 16
19 26 20 26
23 29 28 29
10 19 10 21
26 12 26 13
25 14 27 14
5 17 10 17
9 26 10 26
15 16 16 16
23 29 23 31
9 7 9 9
31 10 31 15
10 21 10 26
32 24 32 25
11 10 12 10
29 0 29 3
14 23 17 23
28 7 28 13
19 7 19 12
23 7 23 12
0 23 0 30
20 26 20 29
26 13 28 13
11 24 11 26
20 17 20 20
13 5 15 5
10 29 20 29
29 0 30 0
3 3 3 7
19 7 23 7
5 0 7 0
31 20 32 20
26 20 26 24
20 29 23 29
1 15 1 20
25 14 25 17
20 29 20 30
0 30 1 30
31 15 31 20
12 4 14 4
31 23 31 27
21 9 21 12
19 14 25 14
25 27 26 27
26 27 30 27
28 29 32 29
18 12 19 12
26 3 29 3
17 3 26 3
20 24 24 24
32 25 32 29
19 12 19 14
5 4 12 4
10 26 11 26
23 20 23 22
26 24 26 25
12 10 12 13
14 18 18 18
9 26 9 32
11 3 12 3
25 4 25 6
12 7 12 10
30 0 30 5
22 31 23 31
19 17 19 23
18 17 18 18
19 17 20 17
12 18 12 21
20 30 20 32
19 12 21 12
13 7 15 7
7 0 9 0
10 17 10 19
12 7 13 7
7 10 7 12
