117
28 9 28 8
17 15 17 14
25 26 25 25
4 17 5 17
9 28 9 29
31 7 30 7
19 19 19 20
14 8 14 7
14 19 13 19
26 6 25 6
20 23 20 22
26 9 26 8
6 22 6 23
21 12 21 11
17 14 17 13
18 31 18 30
14 16 13 16
6 19 7 19
5 17 5 18
18 29 17 29
27 6 26 6
9 15 10 15
26 3 26 4
14 24 13 24
27 28 26 28
18 19 17 19
3 19 3 18
14 25 15 25
22 31 22 32
12 17 12 18
25 2 26 2
13 6 14 6
3 9 4 9
1 8 2 8
29 19 28 19
2 11 1 11
19 31 19 30
17 27 17 26
18 3 18 4
15 10 16 10
21 5 20 5
16 31 17 31
30 25 30 26
5 9 6 9
5 10 5 9
10 9 9 9
26 30 26 31
19 1 19 2
15 20 14 20
17 13 16 13
6 14 6 15
24 18 24 19
17 23 17 24
24 3 25 3
21 24 20 24
20 8 21 8
9 32 10 32
5 18 6 18
16 6 15 6
18 30 18 29
19 29 20 29
20 26 19 26
16 13 15 13
17 1 18 1
16 30 16 29
28 19 28 20
19 20 18 20
26 19 26 18
4 24 4 23
18 20 17 20
15 13 14 13
2 19 2 20
7 23 7 22
9 9 9 8
29 26 29 25
20 22 20 21
2 8 2 9
16 12 16 11
6 23 7 23
25 25 25 24
18 0 19 0
7 22 8 22
10 15 10 16
13 7 13 6
10 32 11 32
21 10 22 10
17 29 17 28
11 27 11 26
27 13 26 13
13 16 13 15
18 27 17 27
25 3 25 4
14 20 14 19
2 25 2 24
6 9 6 8
26 28 25 28
3 31 3 30
18 4 18 5
30 24 30 25
15 6 15 7
17 19 16 19
26 4 26 5
30 7 30 6
19 30 19 29
25 4 26 4
14 13 14 12
17 20 16 20
17 24 18 24
8 7 9 7
26 5 25 5
3 32 3 31
27 26 28 26
6 11 7 11
16 20 15 20
30 23 30 22
3 30 3 29
19 15 20 15
183
29 25 29 31
22 30 22 32
13 0 17 0
16 10 16 11
16 11 19 11
12 18 14 18
2 9 2 12
12 8 12 11
10 5 11 5
16 16 20 16
19 0 19 2
5 4 5 5
26 12 29 12
19 2 26 2
25 13 25 15
10 16 16 16
10 5 10 8
13 1 16 1
22 22 30 22
9 24 13 24
5 5 10 5
16 19 24 19
31 27 32 27
7 23 10 23
25 11 25 13
16 24 16 26
26 4 26 6
2 9 4 9
17 28 17 30
11 30 17 30
30 22 31 22
16 10 17 10
7 19 10 19
4 25 7 25
25 11 26 11
26 6 30 6
26 25 29 25
14 19 16 19
29 31 29 32
26 2 31 2
29 25 30 25
0 19 1 19
2 1 10 1
16 28 17 28
7 26 7 28
11 30 11 32
24 19 27 19
13 1 13 6
30 19 30 22
7 21 7 23
26 6 26 8
31 22 31 27
7 28 11 28
14 4 14 6
16 7 20 7
19 29 20 29
17 9 17 10
16 16 16 19
22 32 29 32
20 16 20 18
1 19 4 19
24 8 26 8
11 28 11 30
26 2 26 4
26 31 29 31
10 8 12 8
17 26 17 27
16 8 16 10
10 20 11 20
16 26 17 26
13 6 14 6
11 2 11 5
10 4 10 5
20 5 20 7
2 2 11 2
13 0 13 1
31 3 32 3
2 29 3 29
7 25 7 26
26 8 28 8
26 13 26 15
22 8 24 8
22 4 26 4
26 8 26 11
7 24 7 25
3 29 8 29
26 11 26 12
9 21 13 21
0 19 0 26
1 19 1 23
20 15 20 16
21 8 22 8
17 30 17 31
2 2 2 9
16 19 16 24
15 7 16 7
11 20 13 20
30 3 31 3
26 17 28 17
22 9 22 10
13 21 13 24
30 6 30 19
14 18 14 19
17 0 19 0
13 24 13 26
30 22 30 25
13 8 16 8
25 24 25 28
13 9 13 11
18 5 20 5
15 15 20 15
2 12 2 17
17 27 17 28
6 18 6 24
0 3 0 8
20 21 28 21
4 9 4 19
0 3 1 3
22 10 22 12
7 15 13 15
14 6 18 6
14 12 14 15
2 24 2 27
13 20 13 21
22 16 22 18
4 9 5 9
20 5 25 5
13 11 13 14
32 2 32 3
15 25 15 27
28 20 28 21
13 15 14 15
11 26 13 26
6 15 6 18
9 7 9 8
21 18 22 18
2 27 2 29
13 6 13 8
15 27 16 27
26 16 26 17
7 23 7 24
7 15 7 19
13 26 13 29
32 3 32 5
22 12 23 12
25 5 25 6
17 30 22 30
18 1 18 5
0 8 0 10
28 26 28 28
1 3 1 11
6 8 6 15
10 18 10 19
20 21 20 24
20 7 20 9
20 9 22 9
2 24 6 24
26 17 26 18
22 18 26 18
10 19 13 19
3 8 6 8
6 8 9 8
13 19 13 20
12 8 13 8
18 24 18 26
14 12 22 12
20 24 20 29
13 14 13 15
25 28 28 28
6 15 7 15
26 15 26 16
18 24 20 24
2 29 2 32
23 17 26 17
23 12 23 17
2 32 7 32
18 29 19 29
20 24 25 24
24 28 25 28
25 20 28 20
13 20 15 20
15 20 15 25
28 17 28 20
