216
18 26 18 27
21 4 21 3
25 12 26 12
15 19 14 19
21 6 22 6
8 23 8 24
12 4 13 4
9 19 8 19
21 5 21 4
6 24 6 23
9 25 8 25
18 5 18 4
12 6 11 6
7 26 6 26
10 1 10 2
16 16 16 15
26 19 27 19
19 16 19 15
2 9 2 8
3 5 4 5
0 16 1 16
22 27 22 26
8 24 7 24
4 25 5 25
3 25 3 24
2 13 2 14
19 25 19 24
16 4 16 5
2 26 3 26
21 27 20 27
14 6 14 5
7 0 7 1
27 10 27 9
2 27 2 26
26 21 26 20
26 14 27 14
21 17 21 16
2 18 3 18
4 23 3 23
19 17 19 16
27 22 27 23
19 13 19 14
9 20 10 20
16 3 16 4
5 3 4 3
20 25 19 25
12 22 12 21
8 20 9 20
0 10 0 11
24 12 25 12
2 14 3 14
9 26 10 26
19 8 20 8
23 14 23 13
10 23 11 23
9 10 8 10
26 13 25 13
26 15 26 14
26 10 27 10
5 9 4 9
2 25 3 25
17 3 17 2
8 26 9 26
20 13 20 14
7 15 6 15
12 1 13 1
16 23 15 23
0 17 1 17
21 26 21 25
8 15 7 15
16 27 15 27
24 8 23 8
13 4 13 5
0 14 1 14
3 14 4 14
15 22 14 22
1 25 0 25
4 24 4 25
9 11 9 10
26 4 26 5
26 8 26 9
26 6 27 6
11 4 12 4
20 26 21 26
9 26 9 25
10 26 10 25
1 16 2 16
13 26 13 25
27 23 26 23
15 14 15 13
0 0 0 1
16 5 15 5
19 5 18 5
7 19 7 20
14 3 15 3
8 21 8 20
8 10 8 11
20 12 20 13
15 5 15 6
25 15 24 15
10 4 11 4
3 18 3 17
10 9 10 10
20 27 20 26
26 20 26 19
16 14 15 14
25 14 25 15
2 16 3 16
7 24 6 24
27 19 27 20
19 19 19 20
13 5 13 6
17 23 16 23
7 17 7 18
21 24 22 24
1 3 1 4
24 13 24 12
25 9 24 9
23 8 22 8
3 3 3 2
9 21 8 21
19 4 19 5
1 9 2 9
0 9 1 9
26 23 25 23
18 5 17 5
23 18 24 18
23 25 23 24
26 22 26 23
14 2 14 3
4 5 4 4
27 9 27 8
14 5 15 5
16 2 15 2
11 10 11 11
21 26 21 27
26 7 27 7
27 20 26 20
16 1 16 2
23 11 22 11
17 27 16 27
8 7 8 8
3 16 4 16
16 23 16 22
10 21 11 21
16 27 16 26
13 19 12 19
8 13 8 14
4 6 5 6
16 4 16 5
16 5 16 6
6 23 5 23
27 8 26 8
19 5 20 5
22 8 21 8
16 2 16 3
1 1 1 0
8 21 9 21
22 25 23 25
2 26 2 25
3 24 4 24
26 16 26 15
16 26 16 25
14 11 14 12
8 12 8 13
1 17 1 16
23 10 23 11
20 26 20 25
9 23 8 23
24 15 24 14
26 8 25 8
14 0 15 0
0 11 1 11
20 5 21 5
13 8 13 7
8 8 8 9
16 3 16 4
26 20 26 21
21 5 21 6
24 18 24 19
15 3 16 3
8 11 9 11
27 4 26 4
9 11 9 12
10 20 10 21
3 27 2 27
4 14 5 14
8 9 8 10
8 10 8 11
20 13 19 13
26 21 25 21
5 0 6 0
8 11 8 12
16 15 17 15
4 2 4 1
12 5 13 5
2 5 2 4
6 18 6 19
13 5 12 5
8 23 7 23
5 27 6 27
2 27 2 26
9 2 8 2
13 6 14 6
14 16 14 17
12 17 12 16
25 8 24 8
8 19 7 19
1 10 0 10
7 23 8 23
19 14 18 14
11 17 12 17
12 12 12 11
7 14 6 14
19 2 19 1
10 10 11 10
183
14 13 14 15
11 22 14 22
4 11 4 12
20 15 20 16
0 26 0 27
12 5 15 5
24 24 26 24
26 9 26 11
24 14 26 14
4 17 8 17
25 12 25 13
12 5 12 10
6 15 7 15
14 19 14 21
12 4 12 5
9 17 9 20
4 19 4 24
24 1 25 1
12 3 12 4
15 26 17 26
22 5 22 6
19 25 20 25
8 12 9 12
17 2 17 4
21 19 22 19
12 10 12 11
4 4 4 9
14 26 15 26
25 1 25 3
20 16 21 16
10 22 11 22
21 21 22 21
21 6 21 8
15 20 17 20
11 16 12 16
6 24 6 25
17 17 18 17
16 13 19 13
7 1 13 1
6 26 11 26
0 10 4 10
22 19 24 19
0 8 0 10
11 26 14 26
4 17 4 19
23 1 24 1
2 4 4 4
8 17 9 17
13 0 15 0
24 14 24 19
5 23 5 25
3 13 3 17
9 12 10 12
0 25 2 25
14 22 16 22
14 8 14 12
4 12 4 13
23 4 26 4
14 17 15 17
26 19 26 23
18 15 19 15
4 25 4 27
8 20 8 22
19 15 20 15
14 19 20 19
12 16 12 17
11 25 11 26
4 3 4 4
20 8 20 10
4 13 4 15
15 6 16 6
23 13 25 13
19 6 20 6
23 24 24 24
13 1 13 3
14 15 14 17
0 10 0 13
9 16 10 16
14 6 14 8
17 22 19 22
26 23 26 24
15 13 16 13
17 22 17 26
22 19 22 20
15 6 15 9
16 22 16 25
15 2 15 5
9 25 10 25
7 11 10 11
4 11 6 11
16 17 17 17
20 21 21 21
20 17 20 19
16 3 16 4
6 11 7 11
3 25 4 25
4 9 4 10
17 20 17 22
20 14 20 15
11 12 11 13
24 9 26 9
20 25 21 25
20 2 21 2
8 14 8 16
17 26 22 26
14 6 15 6
6 14 8 14
11 11 12 11
0 3 4 3
10 22 10 25
4 16 8 16
15 2 17 2
11 11 11 12
4 10 4 11
3 17 4 17
20 17 23 17
8 16 9 16
20 14 24 14
16 13 16 17
3 1 3 2
20 19 20 21
9 12 9 14
9 4 9 5
6 13 6 14
10 16 10 21
0 1 2 1
11 13 14 13
23 1 23 4
5 25 5 26
24 9 24 10
15 16 15 17
21 8 24 8
17 5 22 5
22 24 23 24
15 9 15 13
22 5 26 5
26 5 26 9
17 4 17 5
18 6 19 6
22 10 24 10
21 23 21 25
6 13 7 13
26 11 26 12
10 21 10 22
27 15 27 16
0 27 1 27
26 12 26 14
19 11 19 13
7 20 8 20
2 1 3 1
20 10 22 10
8 22 10 22
1 27 4 27
21 21 21 23
10 16 11 16
19 20 19 22
6 25 6 26
5 14 6 14
22 24 22 26
26 4 26 5
16 4 16 6
0 15 0 25
12 3 13 3
25 21 25 23
19 13 22 13
16 6 18 6
8 14 9 14
10 12 10 13
5 23 8 23
8 22 8 23
24 19 26 19
10 11 11 11
18 17 20 17
21 2 22 2
22 21 25 21
14 21 14 22
19 1 23 1
4 15 6 15
3 13 4 13
22 13 23 13
20 6 21 6
0 13 0 15
4 25 5 25
