316
41 12 41 13
0 1 0 2
12 38 13 38
27 42 26 42
35 24 35 25
2 1 2 0
29 28 29 29
38 43 39 43
1 8 1 7
32 16 32 17
18 26 19 26
30 32 30 31
37 43 38 43
31 35 30 35
36 23 35 23
37 32 38 32
16 38 17 38
14 8 14 9
28 25 28 24
16 27 16 26
5 1 5 2
19 19 19 20
41 32 40 32
40 15 40 16
5 13 6 13
27 40 26 40
39 17 40 17
35 19 36 19
41 29 40 29
28 42 28 41
20 26 21 26
19 38 19 37
30 28 30 29
8 28 8 27
12 37 12 36
10 1 10 2
7 21 8 21
38 22 37 22
27 24 27 25
35 25 34 25
21 35 20 35
0 36 0 35
12 19 12 20
1 1 2 1
41 1 42 1
11 19 11 20
41 0 41 1
16 26 15 26
34 25 33 25
8 0 8 1
1 30 2 30
39 43 40 43
41 27 41 28
8 21 8 20
39 14 39 13
40 41 40 40
4 23 4 22
40 29 40 30
10 33 9 33
41 22 41 21
6 0 7 0
20 42 21 42
36 1 35 1
14 9 15 9
38 42 39 42
32 19 33 19
17 9 16 9
12 20 13 20
17 38 18 38
6 17 7 17
8 1 8 2
38 4 38 3
22 38 22 39
3 6 4 6
13 20 13 21
21 26 21 27
21 0 20 0
8 27 8 26
8 6 9 6
21 27 20 27
30 31 31 31
32 35 32 36
37 14 38 14
38 41 38 40
37 23 36 23
29 35 29 36
37 1 36 1
13 1 14 1
39 31 39 32
14 1 14 2
42 0 41 0
35 4 35 3
21 4 20 4
18 38 19 38
39 4 38 4
42 26 41 26
29 37 29 38
3 10 3 9
35 3 36 3
35 23 34 23
19 20 19 21
4 36 4 37
20 5 19 5
37 17 37 18
33 33 33 32
41 31 41 32
0 2 1 2
6 2 6 1
37 18 37 19
9 27 10 27
18 42 18 41
5 3 5 4
13 38 13 37
8 24 7 24
36 3 36 2
22 12 22 11
3 28 3 27
21 16 22 16
29 0 29 1
7 4 8 4
19 38 20 38
38 32 38 31
15 1 15 2
39 30 38 30
18 41 18 40
8 16 9 16
3 12 3 11
19 23 18 23
13 29 13 28
12 1 13 1
6 22 7 22
1 2 2 2
15 31 15 30
27 15 27 14
0 13 1 13
40 18 41 18
28 17 29 17
2 3 2 4
15 26 14 26
3 9 4 9
1 3 1 4
32 17 32 18
8 26 9 26
20 27 20 28
43 12 42 12
18 40 19 40
39 22 38 22
14 25 14 24
40 40 40 39
2 5 3 5
38 31 39 31
35 35 35 36
1 4 1 5
21 10 21 9
20 4 19 4
2 28 3 28
7 15 6 15
11 30 11 31
6 16 6 17
41 0 40 0
38 8 38 9
16 9 16 10
2 4 1 4
4 22 5 22
7 27 6 27
38 14 38 15
9 30 9 31
39 31 39 30
5 37 6 37
1 40 2 40
4 9 4 8
13 28 13 27
14 18 13 18
32 1 31 1
43 26 42 26
20 28 19 28
15 2 16 2
7 37 7 38
9 26 9 25
9 5 8 5
38 22 38 23
41 28 40 28
13 32 14 32
40 17 40 18
31 27 30 27
19 26 19 25
35 1 35 2
26 10 26 11
1 5 2 5
1 42 2 42
28 5 28 6
20 0 19 0
38 15 38 16
32 18 32 19
24 28 24 27
27 20 28 20
11 20 12 20
42 40 41 40
32 19 32 20
21 42 21 41
5 25 5 26
40 0 40 1
20 38 21 38
7 22 8 22
1 7 2 7
29 36 28 36
15 30 15 29
19 0 19 1
38 16 39 16
5 22 6 22
28 8 28 9
27 2 28 2
22 13 23 13
26 18 26 19
15 18 16 18
19 1 19 2
15 39 14 39
6 13 7 13
6 22 7 22
5 23 5 24
19 40 20 40
7 36 7 35
39 16 39 17
32 43 32 42
16 2 16 3
10 38 11 38
9 33 8 33
8 33 8 32
35 18 35 19
6 17 6 18
13 27 13 26
2 2 3 2
7 24 7 23
8 22 8 21
32 20 32 21
2 7 3 7
5 16 6 16
13 26 13 25
37 19 37 20
13 25 14 25
40 43 40 42
7 22 8 22
31 3 32 3
2 33 2 34
40 32 40 31
21 2 20 2
34 0 33 0
15 43 15 42
40 42 40 41
13 1 13 2
0 33 1 33
11 18 12 18
15 29 15 28
26 15 26 14
8 25 8 26
7 13 8 13
3 33 3 32
34 2 34 1
22 22 23 22
12 39 12 40
16 39 16 38
26 19 26 20
12 42 12 43
12 20 13 20
37 5 37 6
8 32 8 31
30 27 30 28
3 5 3 4
3 32 3 31
6 18 7 18
1 27 2 27
2 5 3 5
28 2 28 1
40 1 39 1
7 18 8 18
21 41 22 41
40 41 40 40
9 2 9 3
33 22 33 23
30 17 30 18
8 31 8 30
39 1 39 2
7 17 8 17
40 39 41 39
8 13 8 12
26 14 25 14
38 23 37 23
1 4 1 3
20 41 21 41
13 20 14 20
8 30 9 30
7 0 6 0
40 40 40 39
15 28 15 27
28 22 29 22
37 20 37 21
10 32 10 33
37 27 38 27
16 24 15 24
8 18 8 19
15 20 15 21
9 34 9 33
36 2 37 2
12 40 11 40
37 42 36 42
6 27 6 28
4 42 4 41
14 24 13 24
31 26 32 26
35 41 35 40
20 40 21 40
27 35 27 34
4 38 5 38
4 15 4 14
0 24 0 25
40 30 41 30
184
9 33 10 33
20 35 30 35
17 1 20 1
21 14 25 14
27 43 38 43
9 25 14 25
28 36 28 37
33 18 33 19
36 1 41 1
38 40 41 40
0 35 1 35
2 1 2 8
36 4 38 4
39 13 41 13
21 14 21 19
4 37 4 41
37 22 37 23
33 25 33 26
19 2 19 4
20 22 20 31
21 9 28 9
43 17 43 23
41 39 41 40
17 2 19 2
16 0 16 1
36 1 36 4
6 35 6 37
34 23 34 27
40 33 40 39
43 23 43 31
1 28 3 28
15 9 18 9
13 21 13 23
4 8 7 8
33 31 37 31
7 8 7 16
29 25 29 29
38 21 38 24
14 7 14 20
41 33 41 39
20 1 27 1
41 26 41 30
38 20 38 21
7 23 13 23
34 36 35 36
11 31 14 31
8 20 8 21
8 2 8 4
7 33 9 33
24 25 27 25
8 5 8 12
40 18 41 18
16 1 17 1
28 20 38 20
2 8 4 8
28 41 29 41
22 6 28 6
9 31 9 33
41 18 41 21
8 20 14 20
1 35 6 35
27 41 27 43
38 24 38 27
39 30 41 30
37 21 37 22
6 37 13 37
30 29 30 35
7 23 7 33
0 29 0 30
6 1 9 1
27 36 28 36
28 19 33 19
4 37 6 37
30 18 33 18
23 25 24 25
15 9 15 12
33 17 33 18
3 4 3 5
25 22 27 22
7 16 7 23
20 2 20 6
20 1 20 2
41 26 42 26
19 25 19 27
28 9 38 9
9 31 11 31
32 23 33 23
19 21 19 25
9 25 9 30
10 12 10 13
30 29 32 29
27 25 29 25
26 11 26 16
28 6 28 9
8 19 8 20
26 16 26 20
1 33 1 35
14 2 14 7
41 21 41 26
3 2 3 4
22 11 26 11
39 13 39 17
14 31 14 32
14 20 26 20
32 33 32 36
38 21 41 21
2 27 3 27
3 4 5 4
13 42 14 42
31 37 33 37
21 41 22 41
14 2 17 2
28 19 28 20
34 27 38 27
5 4 8 4
22 41 24 41
32 36 34 36
13 23 13 24
39 2 39 5
9 1 16 1
29 25 31 25
33 23 33 25
40 31 43 31
16 4 19 4
20 6 22 6
37 31 40 31
18 7 18 9
39 17 43 17
40 31 40 33
15 27 19 27
14 26 14 31
2 1 6 1
39 5 39 13
28 37 31 37
3 5 3 7
20 31 20 35
41 1 41 6
32 21 37 21
2 40 2 42
15 3 15 9
32 21 32 23
13 37 19 37
28 37 28 41
38 40 38 43
14 25 19 25
13 2 14 2
1 33 7 33
25 37 28 37
32 25 33 25
20 35 20 43
28 9 28 19
32 33 40 33
8 4 8 5
4 8 4 14
8 21 8 22
3 26 3 27
28 36 32 36
20 43 27 43
19 27 19 28
21 8 21 9
25 37 25 38
8 12 10 12
8 12 8 17
21 9 21 14
19 21 32 21
14 20 14 25
33 26 33 31
31 31 33 31
21 38 25 38
21 40 21 41
41 13 41 14
37 2 39 2
29 29 30 29
8 19 13 19
10 13 10 15
38 4 38 9
1 28 1 33
20 2 24 2
27 22 27 25
14 31 20 31
21 38 21 40
8 17 8 19
18 9 21 9
27 22 29 22
