42
9 3 8 3
3 8 3 9
23 7 24 7
27 17 26 17
5 18 4 18
12 7 13 7
11 22 11 23
12 23 12 22
19 12 18 12
23 6 24 6
5 3 5 2
17 16 16 16
21 16 21 17
10 10 11 10
1 9 2 9
24 3 23 3
22 1 22 0
22 24 22 23
2 17 1 17
20 20 19 20
10 14 11 14
5 26 5 25
17 14 17 15
23 10 23 9
6 18 6 17
25 11 24 11
20 23 20 22
9 0 8 0
4 16 4 17
21 12 22 12
10 17 11 17
9 2 10 2
19 25 19 26
8 3 8 4
5 27 6 27
14 22 14 23
25 26 26 26
14 4 15 4
4 17 5 17
14 21 13 21
15 6 15 5
10 0 10 1
158
19 9 19 16
18 20 19 20
22 12 22 16
9 15 10 15
24 5 24 6
16 15 17 15
7 12 7 22
18 22 20 22
13 3 14 3
22 16 24 16
17 15 17 19
14 9 14 13
2 0 3 0
4 9 4 14
2 15 2 27
19 16 22 16
12 20 12 22
12 17 13 17
18 4 18 8
14 3 14 6
10 19 10 22
14 9 15 9
20 22 21 22
11 1 11 2
13 3 13 5
19 26 22 26
14 6 17 6
4 21 4 26
17 2 17 6
10 1 11 1
18 18 18 20
1 15 2 15
18 23 22 23
2 2 4 2
14 16 14 20
22 26 26 26
21 27 26 27
11 2 11 4
18 8 19 8
5 6 5 14
3 14 4 14
24 11 26 11
19 24 19 26
2 27 3 27
10 15 10 18
24 13 24 16
14 6 14 9
2 9 3 9
13 18 13 21
9 1 10 1
18 14 18 18
4 14 4 18
8 22 10 22
13 21 13 22
26 9 26 11
10 22 12 22
26 11 27 11
16 8 18 8
6 12 7 12
10 18 10 19
6 26 19 26
11 2 14 2
3 0 6 0
22 9 23 9
18 1 18 4
2 4 3 4
24 7 24 11
13 15 13 17
4 18 4 21
2 4 2 9
7 22 8 22
16 10 16 15
19 8 19 9
13 5 13 7
6 0 7 0
4 26 6 26
19 24 27 24
5 4 8 4
24 6 24 7
26 13 26 17
6 26 6 27
27 8 27 11
11 10 11 14
12 22 13 22
26 22 26 23
3 14 3 16
0 26 1 26
10 11 10 15
3 9 4 9
16 8 16 10
27 11 27 24
6 13 6 17
9 15 9 17
24 11 24 13
14 20 14 23
12 9 12 10
4 2 5 2
16 0 22 0
3 27 6 27
11 18 11 20
26 26 26 27
25 9 26 9
13 15 16 15
23 3 23 5
16 17 16 22
13 17 13 18
7 10 11 10
11 17 11 18
10 6 11 6
27 3 27 8
15 23 18 23
5 17 5 25
19 16 19 20
18 20 18 22
0 9 0 22
22 21 22 23
14 23 14 25
3 6 5 6
6 8 11 8
24 1 24 5
26 18 26 22
12 0 13 0
10 2 10 6
23 9 23 13
14 23 15 23
21 17 26 17
5 14 5 17
11 7 11 8
3 5 8 5
11 10 12 10
14 2 14 3
11 14 11 17
22 23 26 23
5 6 10 6
8 4 8 5
11 8 11 10
15 9 15 12
16 16 16 17
5 17 6 17
2 2 2 4
8 0 8 4
2 0 2 2
8 0 11 0
11 23 14 23
8 23 11 23
13 7 13 15
16 0 16 2
16 2 16 3
11 6 11 7
22 0 22 8
23 5 23 9
5 25 14 25
3 5 3 6
13 0 16 0
11 0 12 0
26 17 26 18
22 8 22 9
14 16 16 16
