117
8 2 8 3
13 20 12 20
4 20 4 21
18 9 19 9
9 21 9 20
10 8 11 8
15 11 15 12
13 7 13 8
18 15 19 15
19 21 20 21
5 10 5 11
15 9 14 9
18 8 18 7
13 13 14 13
1 16 1 15
19 15 19 16
5 22 4 22
8 7 9 7
12 7 13 7
1 8 1 7
2 21 2 20
18 18 17 18
12 20 12 19
20 14 19 14
12 13 12 12
10 14 10 15
8 3 7 3
8 1 8 0
9 14 10 14
10 14 10 13
1 17 1 16
14 18 14 19
11 9 10 9
5 5 5 6
4 15 4 14
16 11 15 11
9 1 8 1
12 19 12 18
20 18 19 18
9 20 9 19
13 21 13 20
15 1 15 0
2 4 3 4
10 19 10 18
9 8 8 8
4 16 4 15
5 2 5 3
13 16 13 17
2 5 3 5
1 18 1 17
19 16 19 17
1 11 2 11
13 14 13 13
4 4 4 5
0 8 1 8
15 14 15 13
3 15 3 14
3 0 3 1
21 17 20 17
2 3 2 4
8 5 8 6
1 8 2 8
7 2 8 2
3 9 4 9
1 4 0 4
19 14 18 14
8 21 9 21
19 8 18 8
3 4 4 4
1 5 2 5
9 19 8 19
4 11 4 10
3 1 4 1
20 2 20 1
13 3 13 2
19 13 20 13
12 1 12 2
16 17 17 17
20 15 20 16
2 4 3 4
8 1 7 1
7 4 7 5
14 0 14 1
21 14 20 14
5 1 5 2
4 4 5 4
20 14 19 14
7 3 7 4
2 5 2 6
14 21 13 21
17 5 16 5
10 22 9 22
18 14 17 14
11 16 12 16
5 4 5 5
2 6 3 6
3 14 3 13
10 15 10 14
8 19 8 18
7 5 8 5
3 4 4 4
10 14 9 14
19 14 18 14
8 6 9 6
4 1 5 1
18 14 18 13
3 6 3 7
15 7 16 7
19 20 19 21
18 13 17 13
0 18 1 18
1 18 2 18
17 3 17 2
4 4 5 4
12 14 13 14
11 15 10 15
12 15 11 15
183
15 8 15 10
16 5 16 6
9 0 9 2
14 17 15 17
20 17 20 20
20 7 20 8
18 16 20 16
11 13 13 13
3 5 4 5
20 16 22 16
12 18 13 18
1 7 1 12
13 8 13 9
16 8 18 8
18 8 18 11
4 3 5 3
13 18 15 18
5 14 8 14
19 0 19 1
9 4 10 4
5 6 6 6
5 11 5 12
16 10 16 14
4 5 4 6
15 6 16 6
10 4 10 9
0 0 4 0
22 15 22 16
1 12 1 15
3 19 3 20
1 6 4 6
15 10 15 11
4 0 8 0
10 15 10 16
4 14 4 15
17 1 18 1
9 13 9 14
17 11 18 11
2 8 3 8
15 16 16 16
17 0 17 1
7 6 7 8
12 9 13 9
9 2 9 4
18 8 20 8
19 2 21 2
9 4 9 5
4 21 4 22
20 21 20 22
4 18 5 18
0 17 1 17
9 12 10 12
16 16 18 16
0 22 2 22
8 2 9 2
0 5 3 5
1 6 1 7
8 14 8 18
20 13 20 16
14 10 15 10
19 2 19 5
21 15 22 15
4 14 5 14
5 18 6 18
3 7 3 8
13 8 15 8
20 20 20 21
6 18 8 18
14 1 17 1
10 13 10 15
18 1 19 1
4 3 4 5
20 8 21 8
8 0 8 2
18 11 18 16
18 17 18 19
12 2 13 2
21 8 22 8
10 12 10 13
13 11 15 11
4 6 5 6
5 11 7 11
5 12 5 14
13 19 14 19
2 18 4 18
1 15 4 15
16 16 16 18
10 2 12 2
14 13 14 14
0 15 0 17
15 6 15 8
15 18 15 19
1 1 1 2
18 21 19 21
2 18 2 20
0 4 0 5
22 16 22 18
16 10 17 10
7 1 7 4
14 19 14 20
14 14 14 15
20 16 20 17
15 18 16 18
13 17 14 17
7 9 8 9
4 0 4 2
4 10 6 10
0 19 0 20
12 0 15 0
5 4 7 4
12 11 12 12
21 2 21 8
3 16 3 17
2 17 3 17
18 4 18 6
13 7 13 8
5 17 5 18
16 4 18 4
18 7 19 7
10 0 12 0
8 5 8 8
3 13 4 13
19 17 19 18
19 1 19 2
14 15 14 17
16 20 16 21
8 14 9 14
15 8 16 8
2 8 2 9
6 6 7 6
12 2 12 5
7 12 9 12
5 4 5 5
4 19 6 19
19 18 19 21
13 11 13 13
0 17 0 19
8 10 11 10
18 3 18 4
4 2 4 3
12 5 12 6
11 10 11 12
19 6 19 7
1 1 2 1
2 22 4 22
11 15 11 19
13 1 14 1
11 12 12 12
18 6 18 7
9 21 9 22
13 2 13 4
16 20 17 20
10 9 12 9
5 1 7 1
16 9 16 10
16 21 18 21
6 15 6 18
10 12 11 12
3 8 3 13
10 15 11 15
0 20 0 22
22 1 22 2
4 21 9 21
6 19 11 19
11 5 12 5
1 17 2 17
2 20 3 20
8 9 8 10
14 20 14 22
4 19 4 21
11 19 13 19
16 7 18 7
6 10 8 10
16 14 17 14
5 5 8 5
11 15 14 15
17 13 17 14
14 14 16 14
4 10 4 13
12 0 12 2
8 8 8 9
18 16 18 17
14 20 16 20
