305
17 0 17 1
13 18 12 18
11 25 10 25
28 45 27 45
23 4 23 3
11 37 11 36
14 11 14 10
45 36 45 37
16 7 17 7
37 28 36 28
18 2 17 2
39 29 40 29
30 3 30 4
12 19 13 19
4 42 4 43
33 24 34 24
14 24 13 24
13 34 13 35
9 7 8 7
8 3 7 3
45 9 44 9
32 26 33 26
45 8 45 7
24 35 25 35
45 7 44 7
14 4 14 5
24 45 23 45
32 1 32 2
8 41 7 41
2 25 3 25
37 19 37 20
25 35 25 36
42 13 42 12
7 41 7 42
10 2 10 3
8 9 8 8
39 37 40 37
21 43 21 42
12 0 11 0
36 4 37 4
10 27 11 27
37 23 36 23
15 27 16 27
20 17 21 17
27 45 27 44
12 28 12 29
5 15 6 15
35 5 35 4
6 41 7 41
11 2 11 1
6 15 6 16
15 28 15 27
23 24 22 24
2 1 2 2
36 29 35 29
20 45 20 44
27 44 27 43
3 39 2 39
6 34 7 34
36 28 35 28
31 33 31 32
15 30 16 30
5 33 5 34
24 4 24 5
43 23 42 23
4 5 5 5
39 15 39 16
38 34 38 33
24 0 24 1
1 31 2 31
1 15 2 15
5 18 5 17
43 24 42 24
20 37 20 38
10 0 10 1
9 28 9 29
38 32 37 32
12 29 12 30
29 21 30 21
21 42 20 42
24 5 25 5
35 37 36 37
20 11 21 11
41 6 41 5
11 21 10 21
6 8 6 7
23 3 24 3
42 10 41 10
23 11 23 10
7 3 6 3
20 44 19 44
24 12 24 13
42 12 41 12
2 19 2 20
42 23 42 22
23 45 22 45
8 40 8 41
41 10 40 10
20 20 20 19
16 17 17 17
6 7 6 6
7 16 7 17
19 44 19 43
20 18 20 17
28 41 28 42
11 35 10 35
2 12 2 13
39 22 38 22
19 45 19 44
32 2 32 3
2 20 3 20
45 17 45 16
37 20 37 21
45 16 44 16
7 6 8 6
42 22 42 21
16 27 16 28
29 42 29 41
35 4 35 3
31 34 31 33
40 27 40 28
41 40 41 39
41 26 41 25
35 31 35 32
7 12 8 12
35 16 35 15
6 3 5 3
35 8 36 8
4 23 5 23
34 24 35 24
20 42 20 41
31 33 30 33
10 41 10 42
23 20 23 21
10 35 9 35
24 13 23 13
26 19 26 20
12 30 12 31
16 28 16 29
44 27 44 28
27 43 27 42
37 32 36 32
5 40 6 40
5 17 5 16
14 38 14 37
7 39 6 39
42 19 42 20
43 42 43 41
2 23 2 24
23 13 23 14
2 38 3 38
17 11 18 11
24 10 24 11
23 19 23 20
25 30 24 30
22 45 21 45
20 38 20 39
5 3 4 3
28 20 28 21
21 26 22 26
17 35 16 35
15 24 15 25
43 41 43 40
12 17 12 16
1 12 2 12
25 38 25 39
8 41 8 42
25 2 24 2
44 7 43 7
16 2 16 1
5 5 6 5
44 9 43 9
37 21 37 22
5 34 6 34
19 44 20 44
5 7 4 7
27 34 26 34
14 5 14 6
3 12 3 13
2 15 2 16
25 3 25 2
38 22 39 22
34 25 34 24
36 32 36 33
6 40 7 40
10 1 10 2
8 6 9 6
16 30 17 30
12 41 12 40
36 38 35 38
2 16 3 16
32 3 32 4
15 44 15 45
43 9 43 8
2 13 1 13
42 21 41 21
18 44 18 43
41 21 40 21
27 36 26 36
12 16 11 16
36 33 35 33
43 40 42 40
42 40 41 40
27 19 26 19
28 8 27 8
44 19 45 19
3 43 3 42
40 33 40 32
16 22 16 21
38 33 38 32
2 31 3 31
7 40 8 40
11 16 10 16
10 2 11 2
23 14 23 15
4 20 5 20
30 34 31 34
13 27 13 28
23 15 22 15
43 8 42 8
41 39 41 38
39 36 39 37
35 24 36 24
21 17 21 18
10 21 10 20
7 15 7 16
2 24 2 25
3 31 4 31
25 12 24 12
24 30 24 29
15 6 15 5
31 11 31 12
8 36 8 37
44 16 43 16
1 8 2 8
23 0 24 0
27 20 27 19
20 4 19 4
41 40 40 40
43 16 42 16
31 12 31 13
6 39 6 40
27 26 28 26
10 34 10 35
2 12 3 12
36 11 36 10
23 21 22 21
45 45 45 44
16 21 16 20
27 42 27 41
2 25 2 26
8 14 7 14
30 25 31 25
42 16 41 16
3 13 3 14
7 41 8 41
27 41 27 40
35 19 34 19
40 15 40 14
43 7 42 7
42 7 41 7
36 24 37 24
15 39 16 39
41 7 41 8
17 30 18 30
4 31 5 31
12 2 12 3
11 2 12 2
13 45 14 45
35 33 34 33
15 27 14 27
24 44 24 45
21 11 22 11
30 4 29 4
11 36 11 35
4 7 4 8
33 42 33 41
7 34 7 35
28 39 27 39
11 30 10 30
22 11 23 11
31 13 31 14
29 45 28 45
40 32 39 32
44 34 44 33
37 26 38 26
21 18 20 18
41 33 41 34
5 31 6 31
31 14 31 15
6 10 7 10
27 19 27 20
14 6 14 7
28 44 27 44
5 16 5 15
16 11 16 12
40 40 39 40
12 31 13 31
36 8 37 8
42 8 42 7
33 41 33 40
30 26 30 27
42 7 41 7
36 35 37 35
19 42 19 41
195
25 36 25 39
6 5 6 6
37 6 37 8
42 24 42 28
35 38 41 38
31 2 31 3
27 39 31 39
37 24 42 24
15 41 15 45
37 22 39 22
17 17 20 17
6 31 9 31
38 10 39 10
41 38 41 41
21 41 21 45
35 32 35 38
13 24 22 24
40 16 40 21
40 29 40 37
22 21 22 24
38 10 38 14
23 11 23 20
42 20 42 24
23 11 24 11
15 41 17 41
26 20 27 20
12 2 17 2
9 20 10 20
31 3 35 3
21 41 29 41
21 29 21 32
37 4 37 6
40 28 42 28
42 20 44 20
35 23 36 23
41 44 42 44
28 21 30 21
39 8 39 9
31 2 34 2
42 4 42 6
40 37 45 37
28 17 28 21
7 35 9 35
20 39 20 41
20 41 21 41
3 14 3 16
35 29 40 29
42 28 44 28
27 8 27 13
20 15 20 17
37 22 37 24
4 3 10 3
41 7 41 8
16 29 20 29
39 10 39 14
42 44 45 44
24 1 24 2
37 6 39 6
27 13 27 20
29 41 41 41
9 9 9 20
41 20 42 20
17 5 17 7
6 6 9 6
15 45 21 45
10 20 10 25
19 5 25 5
35 14 38 14
8 8 8 12
35 29 35 32
8 41 15 41
10 12 10 16
28 27 30 27
9 35 9 37
27 8 37 8
10 26 10 28
32 4 37 4
41 8 41 12
25 4 29 4
35 15 41 15
3 20 5 20
35 32 38 32
40 28 40 29
18 37 18 41
37 8 39 8
24 2 24 3
20 39 23 39
38 44 41 44
30 38 35 38
9 6 9 9
17 2 17 5
13 19 13 24
20 29 21 29
24 29 27 29
16 29 16 35
17 10 19 10
11 1 11 3
30 27 33 27
35 25 41 25
5 35 7 35
39 9 39 10
13 17 13 19
13 28 24 28
13 35 16 35
7 35 7 42
23 39 25 39
13 31 13 35
1 1 11 1
5 26 9 26
40 16 41 16
33 26 33 27
5 6 6 6
8 40 8 41
9 26 10 26
25 36 26 36
29 33 30 33
3 42 7 42
24 29 24 31
29 4 32 4
2 8 2 26
14 37 15 37
30 27 30 33
25 21 27 21
44 14 44 20
3 16 6 16
27 35 27 39
14 10 17 10
31 15 35 15
10 28 13 28
14 7 14 10
10 16 10 20
20 29 20 39
9 31 13 31
35 15 35 17
35 25 35 28
22 21 25 21
41 12 41 15
3 12 3 14
13 17 17 17
33 25 33 26
15 5 17 5
41 41 41 44
20 15 22 15
33 25 35 25
30 33 34 33
27 40 33 40
18 30 18 37
35 20 35 23
8 12 8 15
17 1 24 1
18 43 19 43
35 17 35 20
18 41 18 43
14 45 15 45
7 42 8 42
33 40 39 40
39 6 42 6
19 41 19 43
6 5 15 5
27 21 28 21
27 39 27 40
27 29 27 35
16 20 23 20
2 26 5 26
16 1 17 1
17 5 19 5
4 3 4 8
41 15 41 16
17 10 17 17
23 20 26 20
30 21 30 27
11 0 11 1
11 1 16 1
4 8 8 8
22 24 22 26
8 28 10 28
15 37 18 37
31 32 35 32
3 16 3 20
3 14 7 14
5 30 5 35
5 20 9 20
3 38 3 42
2 8 4 8
25 4 25 5
42 6 42 20
5 26 5 30
24 3 31 3
24 28 24 29
35 23 35 25
13 24 13 28
5 15 8 15
10 3 11 3
22 8 22 15
9 37 14 37
