213
30 3 30 2
27 3 28 3
6 26 6 25
24 4 25 4
28 6 27 6
20 4 20 5
15 7 15 8
1 29 1 30
17 28 16 28
18 28 19 28
19 15 19 16
6 25 6 24
25 1 25 0
18 30 18 29
27 8 27 7
28 10 28 9
30 17 31 17
26 21 26 22
20 19 19 19
21 27 21 26
27 23 27 24
15 4 15 3
17 2 16 2
2 7 2 6
10 10 9 10
7 14 7 13
31 19 31 18
23 9 23 8
20 5 19 5
4 10 5 10
26 22 25 22
31 30 30 30
13 0 14 0
26 30 26 31
31 15 30 15
12 30 11 30
21 5 21 4
27 7 28 7
8 11 9 11
18 21 18 22
10 12 9 12
31 21 30 21
11 28 11 27
18 31 19 31
21 8 21 7
18 1 18 0
11 31 12 31
29 25 30 25
26 20 26 21
7 2 7 1
14 23 14 22
21 17 22 17
19 13 20 13
18 14 18 13
12 31 12 30
6 16 7 16
15 3 16 3
31 14 31 13
27 2 27 1
14 5 15 5
13 12 13 11
31 18 30 18
10 11 10 10
30 18 30 17
30 21 30 20
10 26 10 25
25 10 26 10
17 10 17 11
26 10 26 11
21 24 22 24
6 15 6 16
8 27 8 28
20 8 19 8
11 3 11 2
30 20 29 20
9 13 10 13
12 4 11 4
17 1 17 0
9 26 10 26
15 29 15 30
14 0 14 1
28 9 27 9
25 5 24 5
5 10 6 10
7 13 8 13
25 22 24 22
26 17 26 18
11 27 10 27
24 26 24 25
7 16 7 17
25 8 26 8
7 8 7 9
24 16 23 16
18 9 17 9
6 27 6 26
5 0 5 1
19 11 20 11
26 9 25 9
13 23 14 23
16 1 17 1
27 24 26 24
18 29 18 28
23 10 23 11
14 24 15 24
5 21 6 21
13 7 13 8
7 19 7 20
28 23 29 23
28 0 28 1
31 17 31 18
14 1 15 1
0 8 0 7
9 27 8 27
29 0 30 0
12 28 13 28
3 18 3 17
22 9 23 9
4 27 4 26
14 15 15 15
15 1 16 1
13 8 12 8
21 7 22 7
9 28 9 27
20 17 21 17
26 3 27 3
21 10 20 10
29 19 28 19
16 28 16 27
18 13 18 12
1 6 1 7
20 10 19 10
17 11 16 11
30 2 30 1
7 4 6 4
8 10 8 11
11 7 11 6
4 7 4 8
14 25 14 24
24 5 24 4
22 8 22 9
6 26 6 25
24 17 25 17
27 1 27 0
9 11 10 11
10 26 11 26
26 11 26 12
6 10 7 10
6 25 7 25
29 27 30 27
6 16 7 16
29 20 28 20
9 27 9 26
25 31 25 30
7 10 8 10
6 9 6 10
26 31 25 31
28 8 29 8
18 12 19 12
6 21 7 21
3 8 3 9
7 21 8 21
30 0 31 0
7 6 7 5
30 24 29 24
19 10 19 11
25 31 26 31
22 21 22 22
24 2 24 3
3 25 4 25
19 29 19 30
0 12 0 11
2 6 3 6
22 9 21 9
26 24 25 24
25 24 24 24
6 5 5 5
28 30 29 30
6 2 7 2
25 4 25 5
19 20 20 20
7 16 8 16
6 4 6 3
12 26 13 26
19 12 20 12
7 25 8 25
25 18 24 18
0 4 0 5
26 8 26 7
19 5 19 4
8 27 9 27
6 10 5 10
24 18 23 18
5 20 5 21
12 16 12 15
30 1 30 0
16 11 16 12
16 7 17 7
6 6 7 6
23 11 23 12
16 5 16 4
31 31 31 30
22 3 21 3
12 7 13 7
20 11 21 11
29 13 28 13
9 26 9 25
14 24 14 25
7 26 7 25
22 20 22 21
16 27 15 27
15 15 15 14
6 11 6 10
13 26 12 26
186
5 7 5 8
20 16 20 20
23 2 23 4
29 24 29 26
28 12 28 13
8 13 10 13
15 2 15 5
29 18 31 18
26 12 28 12
16 1 16 2
20 12 23 12
15 20 18 20
1 7 5 7
29 23 29 24
21 26 25 26
24 4 24 6
14 23 16 23
29 18 29 23
13 7 13 11
25 9 27 9
20 20 20 21
14 23 14 25
10 13 10 16
24 4 26 4
29 17 30 17
29 26 29 30
7 12 7 15
18 20 20 20
16 2 22 2
8 23 14 23
10 9 11 9
11 2 11 4
2 23 3 23
11 2 13 2
6 1 6 3
17 0 18 0
16 21 20 21
28 13 30 13
0 7 1 7
16 12 16 14
13 6 13 7
7 12 8 12
25 30 29 30
14 7 17 7
4 30 4 31
4 26 11 26
25 21 25 26
21 9 21 11
24 22 24 23
7 15 7 17
22 22 22 24
12 30 15 30
12 26 12 30
24 11 24 22
15 0 17 0
31 0 31 11
11 1 11 2
31 11 31 13
15 30 17 30
19 30 19 31
25 17 25 19
7 2 11 2
13 27 15 27
23 9 23 12
28 7 28 12
12 22 14 22
0 28 3 28
15 16 15 20
6 1 7 1
24 23 24 24
21 4 21 9
27 6 27 9
15 11 15 12
25 21 26 21
0 18 5 18
3 9 3 14
7 17 7 18
23 4 24 4
31 13 31 18
1 10 1 12
12 21 12 22
10 11 10 13
25 29 25 30
21 21 21 26
13 7 14 7
7 15 9 15
4 25 7 25
10 29 11 29
19 4 19 8
17 4 19 4
11 26 11 29
18 16 18 19
2 9 3 9
13 24 13 27
2 23 2 25
10 16 15 16
30 29 30 30
11 6 11 9
3 9 7 9
7 9 10 9
21 9 23 9
30 13 31 13
25 17 29 17
25 26 28 26
11 24 11 26
19 11 19 16
20 12 20 13
8 21 8 23
20 21 21 21
15 12 16 12
0 1 1 1
8 23 8 25
10 11 13 11
20 13 20 16
12 20 12 21
19 26 20 26
0 24 0 28
3 3 6 3
2 14 3 14
8 25 9 25
9 29 10 29
4 30 8 30
11 24 13 24
22 2 23 2
24 9 24 11
2 25 4 25
18 0 22 0
1 9 2 9
17 7 17 9
26 18 29 18
16 21 16 23
25 5 25 9
15 14 15 16
29 30 30 30
25 9 25 17
24 9 25 9
22 0 25 0
21 4 23 4
17 4 17 5
8 10 8 11
1 9 1 10
10 9 10 10
4 26 4 29
9 29 9 30
8 11 10 11
25 20 28 20
1 1 1 7
8 29 8 30
10 1 11 1
15 28 18 28
28 26 29 26
27 0 30 0
15 27 15 28
20 26 21 26
9 10 10 10
22 24 24 24
1 1 5 1
5 1 6 1
5 18 7 18
15 0 15 2
0 29 3 29
27 0 27 3
25 0 27 0
4 25 4 26
9 4 11 4
25 19 25 20
3 29 4 29
8 16 10 16
7 18 7 20
27 9 27 10
11 4 11 6
15 5 15 6
7 6 11 6
26 1 26 4
15 5 17 5
13 2 15 2
7 20 12 20
15 11 19 11
19 30 25 30
7 20 7 25
18 16 19 16
9 22 12 22
19 8 19 11
17 30 19 30
7 9 7 12
27 3 27 6
