23
11 5 12 5
17 19 17 18
5 18 6 18
16 20 15 20
16 13 16 14
16 11 16 12
19 20 20 20
8 12 8 11
14 9 13 9
12 5 12 4
10 2 11 2
10 13 10 14
1 5 1 6
6 14 6 15
9 16 9 15
0 7 0 6
16 10 16 11
5 2 5 1
7 4 6 4
11 12 11 11
16 14 16 15
6 0 5 0
13 13 13 14
177
4 9 4 10
11 11 13 11
0 16 0 18
14 19 15 19
12 4 13 4
6 17 8 17
14 18 16 18
13 18 14 18
7 10 7 11
0 3 0 6
0 18 1 18
10 0 10 1
14 12 14 13
14 18 14 19
2 12 2 14
3 6 7 6
4 10 4 12
8 4 8 5
13 4 13 7
10 1 10 4
1 4 6 4
16 18 17 18
10 14 12 14
11 19 11 20
11 19 14 19
0 2 1 2
0 15 1 15
7 10 9 10
13 9 15 9
13 11 14 11
6 17 6 18
16 11 17 11
3 12 4 12
13 16 14 16
6 4 6 5
16 15 17 15
7 6 7 8
13 4 18 4
6 18 6 19
8 1 8 4
3 8 3 9
8 11 11 11
18 11 19 11
3 12 3 13
7 15 9 15
19 1 19 2
2 20 4 20
9 15 13 15
1 18 1 20
10 0 15 0
5 0 5 1
1 4 1 6
3 11 3 12
10 1 11 1
13 7 13 9
8 19 8 20
14 11 14 12
17 11 18 11
3 9 4 9
8 20 11 20
13 15 13 16
3 1 5 1
11 9 13 9
17 15 17 18
15 0 19 0
6 4 8 4
1 6 1 13
0 6 1 6
15 20 20 20
14 16 14 17
1 13 1 15
7 14 10 14
15 19 15 20
13 12 13 14
19 11 19 13
18 3 18 4
1 20 2 20
0 18 0 20
7 11 8 11
4 7 4 9
3 2 3 3
3 6 3 8
1 18 4 18
20 17 20 20
13 16 13 18
5 0 10 0
6 3 6 4
14 17 15 17
7 8 7 10
0 2 0 3
4 9 6 9
18 4 18 6
17 8 17 10
2 10 4 10
15 13 17 13
6 19 8 19
10 8 10 10
14 11 16 11
10 7 11 7
14 10 17 10
13 9 13 11
14 1 14 2
8 18 11 18
18 16 20 16
15 13 15 15
12 1 14 1
3 17 6 17
7 14 7 15
11 2 14 2
19 5 19 6
20 4 20 10
5 15 6 15
1 6 3 6
9 17 11 17
17 7 17 8
15 12 15 13
20 0 20 4
18 1 19 1
14 2 16 2
8 1 10 1
19 2 19 5
14 1 15 1
10 6 10 7
16 2 17 2
20 10 20 14
17 10 18 10
11 4 11 7
12 6 12 7
6 16 7 16
17 14 20 14
5 12 10 12
9 5 10 5
14 15 15 15
14 2 14 3
20 15 20 16
19 10 20 10
18 16 18 18
10 12 13 12
15 12 16 12
6 15 6 16
18 18 19 18
14 8 17 8
5 11 5 12
14 3 15 3
19 17 19 18
3 15 5 15
3 14 4 14
10 10 11 10
4 18 6 18
17 13 17 14
14 14 14 15
7 16 11 16
13 14 14 14
11 2 11 4
9 4 9 5
11 17 11 18
11 18 12 18
5 11 6 11
5 10 5 11
10 5 10 6
9 3 9 4
1 2 2 2
11 16 11 17
3 14 3 15
20 14 20 15
0 15 0 16
14 7 17 7
15 15 15 16
2 14 2 15
5 12 5 15
11 7 12 7
10 7 10 8
18 10 19 10
2 15 3 15
15 1 18 1
9 2 9 3
19 6 19 10
