226
13 20 14 20
7 21 7 22
2 1 1 1
18 9 19 9
17 7 16 7
5 5 4 5
10 2 11 2
15 8 14 8
2 2 2 3
8 22 8 21
13 6 12 6
21 7 21 8
12 10 12 11
10 22 10 21
13 19 13 20
16 21 17 21
7 2 7 3
9 21 9 20
11 8 11 7
5 4 4 4
20 4 20 5
3 0 2 0
14 22 15 22
6 5 5 5
19 8 20 8
6 12 6 13
5 5 5 4
6 16 5 16
20 6 20 7
10 0 9 0
15 0 16 0
18 7 17 7
19 6 20 6
6 0 6 1
20 0 19 0
0 13 0 14
4 14 4 13
7 20 7 21
9 10 9 11
1 17 1 16
22 17 21 17
19 17 20 17
19 20 20 20
19 7 18 7
18 21 19 21
6 17 5 17
20 20 20 21
6 18 6 17
7 19 8 19
7 0 6 0
1 2 2 2
15 11 14 11
21 10 21 9
19 5 19 6
20 19 20 18
8 17 8 18
13 1 13 2
0 18 1 18
20 14 21 14
1 1 1 2
12 19 12 18
16 22 16 21
6 15 6 16
16 2 15 2
14 3 14 4
9 9 9 10
18 10 18 9
5 12 6 12
2 9 3 9
12 13 11 13
19 18 19 19
20 17 20 16
0 11 0 12
16 21 16 20
10 12 9 12
8 13 8 14
18 5 17 5
21 17 20 17
21 20 20 20
6 1 5 1
8 9 9 9
12 20 12 19
11 13 11 12
12 12 12 13
13 18 14 18
6 2 5 2
20 20 20 19
21 6 21 7
13 10 12 10
5 21 6 21
6 0 6 1
10 16 11 16
11 7 11 6
4 3 4 2
7 13 7 14
21 18 21 17
22 20 21 20
17 21 18 21
7 22 8 22
9 3 10 3
10 21 9 21
4 12 5 12
20 17 19 17
9 16 8 16
13 17 13 18
9 22 10 22
13 11 13 10
5 0 6 0
10 7 11 7
15 1 15 0
7 18 6 18
18 6 18 5
0 1 1 1
13 13 13 14
13 7 13 6
13 12 13 13
19 4 20 4
14 12 13 12
16 8 15 8
22 18 21 18
13 12 12 12
0 17 1 17
18 5 19 5
2 14 2 15
20 15 20 14
17 16 17 17
11 0 10 0
7 11 7 12
12 17 11 17
10 13 10 12
16 7 16 8
19 6 18 6
7 5 6 5
22 6 21 6
20 14 20 13
1 7 1 8
14 7 13 7
21 20 20 20
16 1 16 2
7 21 7 22
22 12 22 13
21 17 22 17
2 0 2 1
11 1 11 0
15 19 16 19
18 11 18 10
14 8 14 7
16 0 16 1
6 18 5 18
15 14 16 14
6 21 7 21
11 9 11 8
20 1 20 0
15 21 16 21
18 6 18 5
5 6 5 5
14 9 14 8
6 22 6 21
12 13 11 13
9 15 9 16
8 7 8 6
7 12 7 13
20 6 19 6
19 6 18 6
6 17 6 18
15 12 15 11
6 0 7 0
9 16 10 16
3 14 4 14
6 19 7 19
17 7 16 7
21 19 21 20
10 12 10 11
4 11 4 12
21 16 21 17
13 18 13 19
16 1 17 1
19 21 19 20
6 1 6 0
10 19 11 19
6 16 6 17
2 10 2 9
10 15 9 15
17 6 17 7
15 22 15 21
9 12 10 12
19 17 19 18
4 4 4 3
5 19 6 19
21 17 20 17
9 15 9 16
21 20 22 20
4 5 4 4
3 5 4 5
1 5 2 5
11 10 11 9
18 18 18 19
15 13 15 12
19 14 20 14
17 1 18 1
22 11 22 10
17 5 17 6
21 1 20 1
16 21 16 22
16 18 15 18
15 12 14 12
5 15 6 15
6 12 7 12
10 6 10 7
6 13 6 12
6 10 5 10
2 7 1 7
20 17 19 17
21 11 21 10
5 12 5 11
10 5 10 4
9 5 8 5
11 6 10 6
7 19 7 20
0 2 0 1
14 2 14 3
3 6 3 5
3 19 3 20
2 8 2 7
19 11 20 11
6 14 6 13
174
18 7 18 8
17 4 17 6
20 21 21 21
12 8 13 8
6 3 7 3
8 6 9 6
20 3 20 4
4 5 5 5
14 10 15 10
13 19 13 20
17 9 18 9
20 18 21 18
16 8 16 9
18 10 19 10
18 6 18 7
10 17 11 17
1 4 2 4
15 15 15 16
11 8 12 8
12 8 12 9
9 14 10 14
20 14 21 14
21 5 21 6
5 16 7 16
19 5 19 9
17 20 18 20
12 21 13 21
18 21 20 21
7 22 8 22
4 9 4 10
1 4 1 6
19 16 20 16
9 13 11 13
20 21 20 22
15 9 15 10
0 1 1 1
13 21 13 22
10 16 10 17
5 18 5 20
18 20 18 21
10 20 10 22
9 11 9 13
12 2 13 2
7 12 7 13
17 20 17 22
20 3 21 3
18 1 20 1
16 9 17 9
4 7 5 7
2 3 2 4
15 16 19 16
15 11 15 15
3 3 3 4
9 10 10 10
3 11 5 11
16 3 18 3
6 4 6 5
7 15 7 16
1 10 3 10
0 14 4 14
16 22 17 22
9 13 9 14
19 17 19 18
8 21 9 21
10 18 10 20
6 6 7 6
20 13 22 13
2 2 2 3
20 5 21 5
0 9 0 10
5 14 7 14
15 10 15 11
21 14 22 14
10 14 10 16
8 22 10 22
20 12 20 13
5 5 6 5
7 13 9 13
19 3 19 5
15 16 15 17
21 18 21 21
2 3 3 3
3 9 3 10
6 3 6 4
4 16 5 16
14 1 18 1
18 8 18 9
13 10 14 10
11 7 11 8
5 22 7 22
18 14 20 14
5 20 5 22
18 3 19 3
0 6 1 6
7 3 8 3
16 4 17 4
19 5 20 5
17 10 18 10
13 22 16 22
8 10 9 10
19 10 19 12
12 12 12 14
14 19 16 19
8 18 9 18
15 9 16 9
14 15 15 15
19 19 20 19
12 15 12 16
7 14 7 15
5 11 5 13
8 16 9 16
18 1 18 3
14 8 15 8
22 10 22 13
10 10 12 10
1 0 4 0
20 16 20 18
0 21 0 22
17 6 18 6
20 14 20 16
7 21 8 21
10 17 10 18
10 1 10 3
16 19 17 19
10 10 10 11
4 14 5 14
12 18 14 18
5 7 5 10
19 9 19 10
14 18 14 19
4 0 6 0
12 9 12 10
20 19 20 20
17 18 17 19
9 18 9 20
5 5 5 7
7 6 8 6
5 13 5 14
12 18 12 19
16 19 16 20
10 20 13 20
12 16 12 18
8 3 10 3
3 4 3 5
12 11 12 12
13 8 14 8
8 3 8 4
7 10 8 10
5 10 5 11
12 10 12 11
21 10 22 10
7 16 8 16
12 14 12 15
9 20 9 21
8 8 8 10
5 10 7 10
8 16 8 18
0 16 0 19
6 18 8 18
12 1 14 1
5 17 6 17
0 15 0 16
19 12 20 12
17 18 19 18
3 10 3 11
0 12 0 14
13 20 13 21
12 12 14 12
0 14 0 15
10 1 12 1
6 0 6 3
1 0 1 1
19 18 19 19
5 17 5 18
