312
12 33 12 34
14 18 13 18
20 34 20 33
14 15 14 16
27 5 26 5
34 8 34 9
29 4 29 3
35 24 35 23
0 18 0 17
34 5 33 5
5 16 4 16
31 20 31 19
37 9 36 9
12 23 13 23
35 36 34 36
0 21 0 22
27 0 28 0
36 24 36 23
36 36 36 35
6 26 6 25
24 32 24 31
26 32 27 32
5 29 6 29
10 37 9 37
36 14 36 13
23 38 23 37
21 23 22 23
24 9 24 10
26 3 27 3
32 35 33 35
13 32 14 32
21 15 21 16
38 2 38 3
32 19 33 19
27 9 27 10
28 0 28 1
13 22 14 22
10 28 9 28
4 4 4 3
34 20 34 19
28 9 29 9
20 35 20 34
13 19 14 19
33 9 33 8
37 38 37 37
20 15 20 14
27 7 27 8
27 33 27 34
25 5 25 6
30 10 29 10
30 34 30 33
12 21 13 21
37 34 37 33
29 14 28 14
16 32 16 33
34 1 34 2
27 8 27 9
33 35 34 35
13 21 14 21
9 36 10 36
1 17 2 17
4 11 3 11
35 32 34 32
37 37 37 36
6 19 5 19
23 37 23 36
35 23 34 23
28 10 28 9
29 1 29 2
23 36 22 36
2 19 2 20
27 34 28 34
7 24 8 24
23 29 23 28
33 1 32 1
1 21 0 21
2 13 1 13
18 15 18 16
3 29 3 30
26 12 27 12
3 20 4 20
5 3 5 4
25 6 24 6
6 38 7 38
0 14 0 15
6 0 5 0
22 22 21 22
35 3 34 3
4 20 4 19
27 12 28 12
31 9 31 10
11 7 12 7
6 25 5 25
29 2 30 2
28 9 28 8
37 29 38 29
10 36 10 37
15 14 15 15
12 37 12 36
27 24 27 25
27 10 28 10
22 36 21 36
29 9 28 9
38 10 38 11
29 10 29 9
19 31 19 30
9 4 10 4
7 6 6 6
29 26 28 26
21 0 22 0
22 21 21 21
14 32 15 32
28 1 29 1
16 24 17 24
20 17 20 16
31 19 32 19
7 36 8 36
25 0 26 0
0 20 1 20
38 3 37 3
27 1 27 0
27 32 27 31
23 16 23 15
9 31 10 31
13 33 13 32
37 36 38 36
4 27 3 27
34 2 35 2
8 7 8 8
32 36 32 35
34 9 34 10
33 12 33 11
2 15 2 14
34 36 33 36
32 35 32 34
3 1 2 1
20 30 20 31
35 2 35 3
15 32 15 31
34 10 33 10
0 15 1 15
0 0 0 1
27 9 27 10
14 12 13 12
3 8 3 9
8 8 7 8
34 23 33 23
24 31 23 31
28 9 27 9
5 20 5 21
14 33 13 33
20 26 20 27
19 8 19 7
18 30 17 30
8 16 7 16
28 10 28 11
33 36 32 36
27 9 27 8
36 31 36 30
33 0 33 1
37 35 37 34
16 9 16 8
13 32 12 32
23 28 22 28
23 31 22 31
18 36 18 37
36 9 35 9
6 18 6 17
37 8 36 8
21 30 21 29
33 8 34 8
1 15 1 16
20 34 21 34
15 11 15 10
28 11 29 11
8 18 8 17
6 20 7 20
9 30 9 31
25 16 25 15
27 31 28 31
16 11 16 12
8 20 9 20
19 14 19 13
33 1 33 2
22 31 21 31
27 6 26 6
16 30 16 29
28 21 27 21
30 2 30 3
28 6 28 5
32 34 32 33
10 35 10 36
24 8 24 9
16 1 16 0
1 18 0 18
17 9 17 10
32 36 32 35
31 8 31 9
6 15 7 15
0 30 0 31
33 23 32 23
28 31 29 31
14 19 15 19
9 5 10 5
28 8 28 9
38 24 37 24
0 13 0 14
29 25 30 25
0 14 0 15
20 33 20 32
18 27 19 27
21 14 22 14
33 2 33 3
34 3 34 2
18 4 17 4
30 22 29 22
21 16 21 17
35 35 35 36
27 10 28 10
28 10 29 10
35 19 36 19
24 2 23 2
3 0 3 1
17 24 17 25
20 29 20 30
11 2 11 3
15 7 15 8
12 29 12 30
4 34 4 35
16 27 16 26
38 36 38 35
27 30 26 30
15 15 15 16
5 37 5 38
25 1 25 0
32 35 32 34
35 3 35 4
14 6 14 7
17 17 17 18
34 13 33 13
1 36 0 36
8 15 9 15
8 23 9 23
17 25 17 26
20 32 21 32
19 9 19 8
2 14 2 13
0 34 0 35
8 28 8 27
15 9 16 9
32 33 32 32
1 8 0 8
20 0 19 0
36 11 35 11
8 29 8 30
4 16 4 17
34 19 34 18
4 15 5 15
24 10 24 11
6 29 6 28
4 28 4 27
21 38 21 37
25 27 25 26
7 8 6 8
1 16 2 16
8 11 8 10
13 33 13 32
0 38 1 38
3 36 3 37
11 23 12 23
32 11 32 12
11 21 12 21
0 15 1 15
5 0 4 0
1 31 1 32
5 21 5 22
1 23 1 22
35 4 36 4
8 24 8 23
36 21 35 21
15 10 14 10
27 29 26 29
29 8 29 7
35 10 36 10
34 8 34 9
28 2 27 2
28 5 27 5
4 5 5 5
23 14 23 13
33 3 33 4
30 3 30 4
4 38 4 37
33 30 34 30
1 15 2 15
16 12 15 12
23 2 22 2
13 7 13 8
23 35 23 36
5 19 5 20
36 4 36 5
22 28 22 29
36 10 35 10
22 0 23 0
7 17 7 18
28 17 29 17
32 32 32 31
22 2 22 3
22 29 22 28
34 12 34 13
0 1 0 0
31 10 32 10
29 9 30 9
186
29 7 30 7
37 11 38 11
15 6 15 8
4 3 4 9
13 15 13 16
29 10 29 11
20 31 21 31
36 13 38 13
13 8 13 12
28 12 28 14
32 10 33 10
32 31 32 34
24 9 28 9
12 7 12 10
14 22 14 27
7 21 7 22
13 12 13 15
2 37 2 38
33 5 33 10
27 23 28 23
8 9 8 10
29 1 29 3
1 33 2 33
25 2 26 2
21 22 25 22
36 34 36 35
4 3 7 3
29 3 37 3
13 36 20 36
18 31 18 33
16 33 16 35
28 9 28 12
8 4 8 6
30 7 30 9
14 16 15 16
36 35 38 35
3 9 4 9
8 33 8 34
13 18 13 23
10 7 12 7
21 21 21 22
12 30 12 32
20 36 21 36
1 14 1 20
2 33 2 37
18 26 21 26
29 31 31 31
10 7 10 15
13 32 17 32
24 6 24 9
19 0 23 0
16 8 19 8
15 6 24 6
15 8 16 8
29 10 32 10
2 3 2 10
7 38 10 38
13 15 17 15
18 31 20 31
28 28 28 34
34 13 36 13
10 4 10 5
7 27 8 27
16 0 19 0
8 4 10 4
10 15 13 15
34 7 34 9
8 27 11 27
29 22 29 27
21 26 21 29
8 30 12 30
38 18 38 29
9 33 16 33
33 19 33 24
7 33 7 38
35 33 37 33
2 17 2 20
28 26 28 28
14 21 21 21
34 35 36 35
26 5 26 6
27 25 27 26
13 23 13 29
10 15 10 21
33 4 33 5
6 17 6 24
0 0 4 0
14 20 14 21
5 20 5 22
1 20 1 22
32 28 32 31
32 17 32 19
5 30 8 30
16 29 21 29
21 31 21 32
25 22 25 26
5 25 5 30
21 17 29 17
2 20 5 20
14 16 14 20
10 37 10 38
17 15 23 15
26 4 30 4
2 20 2 21
30 11 30 17
21 17 21 21
20 31 20 36
24 1 24 6
30 4 33 4
32 31 35 31
4 17 4 19
29 11 29 12
38 17 38 18
12 36 13 36
31 31 32 31
22 28 22 34
6 24 6 28
4 14 4 17
7 33 8 33
26 19 32 19
22 28 28 28
31 24 31 31
12 32 13 32
15 8 15 12
33 5 36 5
16 33 18 33
31 35 34 35
17 31 17 32
30 17 32 17
34 9 34 13
14 21 14 22
13 1 13 8
21 29 21 31
31 34 31 35
8 30 8 33
38 29 38 35
34 17 34 18
31 24 33 24
37 3 37 11
34 13 34 17
17 26 18 26
13 12 15 12
28 34 31 34
32 19 32 23
21 22 21 24
4 9 4 14
2 16 2 17
29 11 30 11
19 8 19 13
2 1 2 3
10 37 17 37
4 0 4 3
26 4 26 5
29 17 30 17
22 34 22 37
26 2 26 4
4 9 8 9
1 32 1 33
35 31 35 33
13 29 16 29
4 17 6 17
38 11 38 13
25 26 27 26
24 1 29 1
28 9 30 9
9 32 12 32
22 37 22 38
34 32 34 33
13 16 13 18
27 26 28 26
5 22 5 25
27 23 27 25
33 19 36 19
3 30 5 30
10 5 10 7
36 13 36 19
7 22 7 27
7 21 10 21
34 33 34 35
2 33 7 33
1 14 4 14
2 15 2 16
10 38 22 38
21 34 22 34
29 27 29 31
8 6 8 9
