116
15 22 14 22
9 16 10 16
12 18 11 18
0 4 0 5
4 5 4 4
12 21 12 22
21 3 20 3
15 13 16 13
21 8 20 8
21 4 20 4
11 2 11 3
7 11 7 12
17 21 18 21
8 21 8 22
23 17 23 16
23 20 23 21
13 16 12 16
19 20 18 20
1 7 0 7
10 17 10 18
6 22 5 22
23 12 22 12
20 15 19 15
13 20 13 19
20 16 20 17
22 5 22 4
2 5 2 6
15 9 16 9
10 23 9 23
6 21 6 22
22 4 21 4
17 5 17 6
14 22 13 22
19 13 20 13
12 10 13 10
1 10 2 10
7 17 8 17
3 0 4 0
22 19 21 19
21 6 21 7
13 12 13 13
10 14 11 14
20 4 19 4
7 12 7 13
9 22 10 22
15 12 15 13
1 8 1 7
14 2 14 3
0 9 1 9
16 1 15 1
3 5 3 4
17 22 17 21
16 9 17 9
9 15 9 16
13 18 12 18
15 1 15 2
21 15 22 15
15 2 15 3
12 6 13 6
10 16 10 17
17 18 17 19
19 14 20 14
3 1 3 0
6 12 7 12
14 12 13 12
16 11 17 11
7 3 7 2
21 1 20 1
9 18 8 18
13 6 14 6
5 2 6 2
7 4 7 3
10 6 10 5
14 7 13 7
14 13 14 12
22 15 22 16
21 4 20 4
22 17 22 18
10 13 10 14
22 1 23 1
4 11 3 11
19 6 18 6
19 9 19 8
12 17 13 17
13 13 14 13
19 4 19 5
21 5 21 6
14 6 15 6
1 3 2 3
1 1 1 0
11 10 11 11
20 1 19 1
0 3 1 3
19 1 19 2
16 0 16 1
11 14 11 13
15 3 15 4
19 15 19 16
20 4 19 4
22 16 22 17
15 4 15 5
17 12 17 13
10 5 11 5
20 2 20 1
21 9 22 9
22 17 23 17
16 4 16 5
2 9 3 9
21 7 20 7
23 16 22 16
4 17 4 16
20 7 19 7
20 8 20 7
14 21 13 21
6 4 7 4
4 12 4 13
184
19 7 19 8
10 17 10 18
11 0 12 0
4 8 4 9
5 6 5 7
15 23 16 23
1 13 1 17
19 5 19 7
17 0 23 0
0 15 0 22
1 0 3 0
19 21 19 22
10 22 12 22
23 3 23 4
19 22 19 23
1 3 1 4
12 0 12 2
0 22 0 23
13 15 13 17
20 9 20 10
6 6 9 6
14 19 15 19
3 9 4 9
12 16 12 18
14 23 15 23
1 0 1 2
23 0 23 1
16 22 16 23
0 22 1 22
7 12 7 13
12 0 13 0
23 17 23 21
17 11 17 13
6 7 8 7
5 9 5 12
8 10 13 10
9 14 9 16
16 22 19 22
13 7 15 7
12 19 12 22
18 12 18 13
15 6 17 6
3 11 3 12
19 18 19 21
22 7 22 9
11 12 13 12
8 7 8 8
16 5 19 5
7 13 9 13
1 22 2 22
2 1 2 2
20 3 20 5
16 13 17 13
5 7 6 7
8 8 9 8
8 11 8 12
12 3 13 3
15 16 15 19
19 16 21 16
5 6 6 6
13 19 14 19
14 3 14 4
2 11 3 11
12 19 13 19
18 2 18 4
13 3 13 7
5 1 8 1
5 9 6 9
1 2 1 3
14 0 14 3
15 19 17 19
19 21 23 21
20 1 20 3
13 17 13 19
17 13 17 19
5 21 5 22
18 8 18 9
20 6 20 7
15 5 16 5
20 5 20 6
0 11 1 11
19 4 19 5
17 21 18 21
11 7 13 7
6 19 6 20
22 7 23 7
1 11 1 13
9 13 11 13
6 5 6 6
14 4 18 4
13 12 13 15
17 6 17 9
16 1 17 1
11 23 12 23
13 10 13 11
13 22 13 23
3 9 3 11
5 1 5 4
18 1 18 2
15 19 15 21
17 1 18 1
21 13 21 14
10 20 10 22
11 12 11 13
6 17 6 19
12 23 13 23
20 7 20 9
9 17 9 19
21 14 21 16
15 5 15 6
5 13 6 13
17 13 18 13
6 2 7 2
3 13 3 14
11 3 12 3
5 4 5 5
14 10 14 12
6 11 8 11
18 16 18 20
4 8 8 8
1 9 1 11
23 10 23 11
4 15 7 15
1 13 3 13
23 1 23 3
11 11 11 12
0 2 0 5
8 19 9 19
11 18 12 18
13 19 13 21
18 1 20 1
13 7 13 10
17 9 17 11
9 23 11 23
2 1 5 1
0 5 5 5
11 3 11 5
9 16 12 16
19 2 19 4
8 10 8 11
19 11 19 12
9 19 9 21
3 13 4 13
7 19 8 19
0 23 3 23
19 12 19 16
0 5 0 7
9 21 9 23
21 16 21 19
11 17 11 18
13 10 14 10
1 17 1 21
6 2 6 5
13 3 14 3
21 13 23 13
23 11 23 13
6 13 6 14
4 13 4 15
0 7 1 7
7 15 7 19
18 7 18 8
6 10 6 11
5 21 9 21
18 11 19 11
18 9 18 11
7 2 7 3
6 9 6 10
2 6 5 6
18 16 19 16
9 16 9 17
15 21 15 23
5 22 5 23
18 20 18 21
23 5 23 6
1 7 1 9
4 13 5 13
8 12 10 12
18 9 20 9
21 16 22 16
5 12 5 13
20 5 23 5
10 18 10 20
7 2 12 2
14 12 16 12
