214
40 14 40 13
7 9 7 10
38 24 38 23
33 21 33 20
36 32 36 31
33 15 33 16
15 0 15 1
24 14 24 15
9 16 9 17
7 10 7 11
14 34 13 34
14 23 14 24
16 2 17 2
1 17 2 17
20 18 20 17
33 38 33 37
27 33 26 33
16 16 17 16
35 39 34 39
29 42 28 42
33 33 33 34
39 14 40 14
33 31 33 32
42 14 41 14
26 29 25 29
19 33 20 33
40 20 40 19
35 35 36 35
12 12 12 13
29 1 30 1
10 14 11 14
37 4 36 4
22 16 22 17
32 2 31 2
36 39 36 38
25 11 24 11
36 14 36 13
23 27 22 27
28 22 29 22
40 24 40 25
0 42 0 41
2 12 1 12
32 20 31 20
31 5 31 4
22 11 22 12
27 36 28 36
22 23 23 23
33 18 32 18
13 34 13 33
23 38 24 38
20 17 19 17
31 4 31 3
34 3 35 3
22 17 22 18
40 0 40 1
13 18 13 17
10 17 10 16
32 31 31 31
25 29 24 29
19 24 18 24
41 16 40 16
29 2 30 2
18 33 19 33
8 37 7 37
9 17 10 17
19 17 19 16
18 4 18 5
22 22 22 23
11 31 11 30
16 18 16 17
18 31 18 32
27 1 28 1
42 42 42 41
32 39 32 38
9 10 9 11
35 34 35 35
35 3 35 2
27 30 27 31
42 34 42 35
4 6 5 6
10 12 11 12
18 17 18 16
40 25 40 26
21 8 21 7
25 15 25 16
39 41 40 41
31 3 30 3
42 35 41 35
41 37 40 37
20 33 21 33
41 29 40 29
28 38 28 37
36 29 37 29
6 27 6 28
11 12 11 11
11 11 12 11
12 26 11 26
27 5 26 5
7 27 6 27
21 7 21 6
32 38 32 37
20 14 20 15
10 17 11 17
39 11 39 10
8 3 9 3
30 23 31 23
25 34 24 34
9 33 8 33
28 9 27 9
16 4 16 3
12 13 13 13
27 40 27 39
17 23 17 24
10 38 9 38
28 36 29 36
36 38 36 37
36 4 35 4
38 23 38 22
41 17 40 17
37 9 38 9
6 28 7 28
5 12 4 12
13 13 13 14
32 6 33 6
31 9 31 10
27 0 27 1
13 33 13 32
11 17 12 17
41 35 40 35
32 37 32 36
7 26 7 27
40 19 39 19
22 2 21 2
32 21 31 21
28 12 27 12
22 18 21 18
17 6 18 6
32 36 33 36
40 8 41 8
27 39 27 38
29 36 29 37
28 35 27 35
7 28 8 28
15 41 16 41
2 7 2 6
13 32 13 31
30 13 31 13
5 25 4 25
35 4 34 4
11 30 11 29
0 41 1 41
13 23 13 24
38 37 39 37
13 31 13 30
34 40 35 40
31 2 31 3
12 14 12 15
9 36 8 36
29 0 30 0
28 37 28 36
11 14 12 14
27 9 27 10
12 37 12 38
38 22 38 21
34 39 34 38
40 18 41 18
4 20 4 19
40 35 39 35
34 34 35 34
35 34 36 34
22 20 22 21
5 33 5 32
9 27 9 26
7 37 7 38
27 1 27 2
39 26 38 26
4 23 4 22
4 36 5 36
20 0 21 0
24 34 23 34
34 38 33 38
1 33 1 34
18 6 19 6
36 34 37 34
11 27 11 28
24 29 23 29
27 2 27 3
27 3 26 3
25 10 24 10
4 12 3 12
17 2 17 3
27 35 27 36
11 37 12 37
36 37 36 36
17 3 17 4
27 19 26 19
13 30 14 30
9 0 8 0
26 3 26 4
17 4 18 4
3 12 2 12
29 24 30 24
6 26 7 26
5 30 5 31
27 10 26 10
5 20 6 20
31 3 31 4
33 20 33 19
5 39 5 38
4 25 4 24
23 37 23 36
4 22 3 22
6 0 6 1
21 33 21 32
185
31 23 31 31
19 6 21 6
7 38 9 38
5 40 10 40
24 13 27 13
27 29 29 29
22 37 24 37
31 31 36 31
16 6 19 6
7 26 9 26
7 26 7 27
38 9 38 10
33 37 33 38
17 16 17 20
16 31 19 31
30 1 38 1
3 26 3 28
25 16 33 16
5 6 16 6
12 11 16 11
17 16 18 16
19 11 24 11
28 36 33 36
31 4 31 10
19 23 22 23
40 34 40 37
3 26 7 26
17 24 18 24
35 8 41 8
5 0 5 6
5 38 7 38
29 21 31 21
2 6 5 6
12 14 13 14
38 1 40 1
16 0 16 3
10 16 11 16
27 38 30 38
9 32 18 32
30 38 33 38
27 12 27 13
1 13 2 13
27 20 31 20
24 38 27 38
24 11 24 13
14 3 16 3
22 23 22 25
18 32 18 38
40 26 40 29
8 30 10 30
38 10 39 10
13 14 18 14
11 16 11 26
39 37 39 42
14 24 14 30
9 32 9 38
30 2 30 3
27 29 27 31
33 16 33 19
19 23 19 31
13 17 15 17
9 26 11 26
31 13 33 13
36 35 39 35
13 24 14 24
19 16 23 16
9 31 15 31
39 10 41 10
16 38 16 41
2 2 2 6
11 13 11 16
16 0 21 0
41 14 41 18
33 37 39 37
2 6 2 12
37 34 40 34
30 33 30 34
9 31 9 32
23 25 23 29
6 27 7 27
12 11 12 14
22 36 22 37
26 4 26 5
24 37 24 38
39 35 39 37
7 27 7 38
40 37 40 41
30 1 30 2
23 20 23 23
21 36 22 36
24 33 24 37
16 6 16 10
26 5 26 6
38 26 40 26
2 12 2 13
27 36 27 38
33 36 36 36
14 24 17 24
6 27 6 34
16 3 30 3
40 14 40 16
8 28 8 30
10 16 10 24
19 16 19 23
5 38 5 40
30 34 33 34
21 0 21 2
23 20 26 20
31 20 31 21
37 29 40 29
38 21 38 26
0 38 5 38
23 29 23 32
5 41 7 41
29 22 30 22
18 16 19 16
18 38 24 38
19 6 19 11
30 3 32 3
9 11 12 11
31 10 31 13
5 0 8 0
9 22 9 26
41 4 41 8
26 6 26 10
2 13 2 17
11 26 13 26
29 21 29 22
8 0 16 0
37 29 37 34
21 18 21 21
41 8 41 10
15 17 16 17
26 20 27 20
27 31 27 36
8 33 8 35
7 11 9 11
41 10 41 14
21 18 31 18
5 27 6 27
33 12 33 13
23 16 25 16
40 16 40 17
13 14 13 17
31 18 31 20
26 10 29 10
12 17 13 17
9 28 10 28
31 4 34 4
13 17 13 24
1 41 5 41
33 14 40 14
23 23 23 25
16 41 20 41
31 21 38 21
15 31 16 31
18 5 26 5
33 34 37 34
27 31 31 31
31 20 34 20
33 13 33 14
21 32 21 34
33 34 33 36
18 4 18 5
30 2 35 2
33 13 34 13
12 38 16 38
8 30 8 33
41 41 42 41
21 32 23 32
7 41 16 41
22 25 22 27
11 38 12 38
21 34 23 34
40 41 41 41
2 13 11 13
35 2 35 8
10 30 14 30
40 17 40 26
30 4 31 4
18 14 33 14
10 28 10 30
29 10 31 10
1 39 1 41
12 17 12 19
