316
27 22 27 23
30 23 30 22
23 6 23 7
30 35 30 34
7 34 7 35
6 27 7 27
30 36 30 35
33 27 33 26
17 10 17 11
3 29 2 29
0 8 1 8
19 14 19 15
9 5 8 5
3 1 2 1
28 8 28 9
35 11 34 11
31 18 31 19
15 17 15 16
34 13 34 12
33 26 33 25
24 5 24 4
8 33 8 32
26 36 27 36
18 21 18 22
16 8 17 8
19 36 20 36
6 36 6 35
36 27 35 27
29 2 29 3
30 7 30 6
13 17 12 17
32 23 32 22
27 36 27 35
10 27 10 28
31 24 30 24
8 10 8 9
34 20 33 20
3 18 4 18
20 9 20 8
6 33 7 33
7 22 8 22
32 18 31 18
14 24 13 24
34 15 34 14
14 30 13 30
16 17 15 17
30 33 29 33
12 31 12 32
22 10 22 11
29 3 29 4
17 23 17 22
10 11 10 10
28 22 27 22
25 5 24 5
2 22 3 22
19 34 18 34
0 19 1 19
34 26 34 25
10 9 10 8
13 23 12 23
29 4 29 5
28 24 28 25
9 27 9 28
29 33 28 33
6 22 7 22
19 13 19 14
12 32 12 33
16 9 16 8
19 14 18 14
19 31 19 30
33 25 33 24
18 22 19 22
15 25 14 25
20 31 19 31
6 34 6 33
29 7 29 8
22 8 23 8
3 0 3 1
36 24 36 23
8 20 7 20
2 21 3 21
19 30 20 30
27 23 27 24
5 33 4 33
15 9 14 9
18 9 18 8
7 1 6 1
34 11 33 11
10 32 11 32
34 24 35 24
25 6 25 5
31 25 31 24
25 15 25 16
5 34 4 34
10 5 11 5
32 19 32 18
1 8 2 8
22 5 22 6
12 30 11 30
15 10 15 9
18 20 18 21
34 21 34 20
12 6 13 6
3 15 3 16
22 20 22 19
17 34 17 33
27 1 28 1
4 26 5 26
9 3 8 3
25 16 25 17
35 27 34 27
6 8 6 9
30 24 29 24
23 25 22 25
11 32 11 31
10 7 9 7
13 6 13 7
22 11 23 11
8 21 8 20
0 17 0 18
6 1 6 2
8 22 8 21
4 15 3 15
20 16 21 16
20 11 21 11
1 19 2 19
3 2 4 2
18 34 18 33
3 35 3 34
3 16 4 16
1 26 2 26
5 11 6 11
8 9 9 9
20 15 20 16
20 20 21 20
12 33 11 33
21 11 22 11
10 10 11 10
14 25 13 25
20 17 20 18
30 26 31 26
33 20 32 20
12 29 12 30
27 18 28 18
6 14 7 14
14 26 13 26
17 22 18 22
3 32 4 32
29 24 29 23
22 25 21 25
34 14 34 13
13 33 13 32
35 2 34 2
1 11 2 11
16 24 17 24
11 31 12 31
10 28 10 29
18 17 19 17
2 19 3 19
26 15 26 14
19 7 19 8
2 8 2 9
16 18 17 18
6 35 6 34
18 21 19 21
8 12 8 11
16 10 15 10
24 13 24 12
28 33 28 34
18 14 18 15
6 2 6 3
5 28 5 29
15 10 14 10
27 29 27 30
0 18 1 18
12 31 13 31
23 19 23 18
35 20 35 19
8 2 9 2
1 15 1 16
20 13 21 13
6 10 7 10
15 29 16 29
21 15 21 14
23 18 23 17
1 18 2 18
19 9 19 10
19 8 19 9
21 8 21 7
27 35 28 35
34 9 34 10
24 6 25 6
9 12 9 11
23 36 23 35
14 11 13 11
2 20 3 20
9 9 10 9
28 34 27 34
6 34 7 34
31 26 31 25
6 21 6 22
24 12 25 12
32 8 33 8
25 6 26 6
22 12 21 12
18 15 18 16
23 17 22 17
21 25 20 25
18 33 18 32
2 18 3 18
17 24 18 24
10 9 10 10
17 19 16 19
24 5 24 6
1 24 1 25
3 1 3 2
33 8 33 9
35 14 34 14
6 33 6 32
31 2 31 1
36 21 36 22
1 16 2 16
21 21 20 21
5 29 5 30
36 23 35 23
8 20 9 20
34 14 34 15
35 30 34 30
23 28 22 28
27 14 27 15
13 25 12 25
33 9 34 9
23 5 22 5
13 7 13 8
5 19 6 19
27 17 26 17
13 31 14 31
6 28 6 27
17 18 18 18
12 7 13 7
34 16 33 16
22 28 22 29
27 34 27 35
33 16 32 16
19 6 19 7
7 15 7 16
5 27 4 27
19 9 18 9
5 10 4 10
26 6 26 7
13 8 13 9
34 10 33 10
8 21 8 20
25 1 25 0
34 15 33 15
18 32 17 32
33 10 32 10
25 5 26 5
28 3 27 3
11 10 12 10
30 35 31 35
22 11 22 12
5 2 5 1
29 21 28 21
11 27 12 27
33 15 32 15
7 10 7 9
32 10 31 10
18 9 18 10
2 35 2 34
32 16 31 16
18 24 19 24
13 9 13 10
25 0 26 0
1 14 1 15
35 23 34 23
3 11 3 12
24 6 24 7
2 0 3 0
26 4 27 4
16 16 16 17
6 11 7 11
22 12 23 12
14 4 13 4
19 24 19 25
7 23 6 23
32 18 32 17
32 15 31 15
19 35 19 34
6 18 5 18
17 32 16 32
2 30 1 30
4 27 3 27
35 29 36 29
6 29 7 29
34 7 34 8
16 32 16 31
7 33 6 33
17 28 16 28
35 18 36 18
7 34 7 33
22 35 22 34
32 17 31 17
34 8 33 8
17 33 17 32
5 26 5 25
4 36 4 35
33 8 33 9
33 9 33 10
34 12 33 12
3 30 3 29
17 32 16 32
34 23 33 23
6 33 6 34
3 3 3 4
3 2 3 3
183
33 10 33 11
25 12 27 12
22 14 22 15
5 30 6 30
12 16 15 16
31 10 33 10
12 25 12 27
31 16 31 17
19 25 20 25
19 22 19 25
18 22 19 22
22 17 25 17
24 14 24 15
28 5 28 6
2 29 2 34
25 7 26 7
24 15 27 15
20 35 20 36
4 10 4 16
4 9 6 9
12 23 14 23
3 20 3 21
31 32 31 35
4 17 4 18
3 19 6 19
3 18 4 18
31 22 32 22
18 18 20 18
20 30 25 30
33 21 33 22
28 15 31 15
23 35 27 35
11 30 11 33
27 15 27 20
28 7 31 7
11 33 20 33
19 15 22 15
4 25 4 32
0 34 0 35
27 24 31 24
17 16 18 16
34 27 34 29
12 10 12 16
7 33 11 33
15 15 16 15
4 16 4 17
0 35 4 35
13 10 14 10
33 11 33 12
3 18 3 19
27 12 27 15
27 15 28 15
22 26 22 29
28 6 28 7
7 22 7 27
8 11 9 11
18 16 18 18
16 35 20 35
2 11 2 16
27 24 27 30
18 16 20 16
29 8 30 8
3 19 3 20
3 3 6 3
33 22 33 23
14 10 18 10
7 22 9 22
16 15 19 15
4 34 4 35
20 33 21 33
8 20 9 20
20 33 20 35
31 15 31 16
34 20 34 25
6 9 6 16
29 19 31 19
18 18 18 22
20 30 20 33
34 29 34 30
4 32 4 33
23 12 25 12
31 10 31 13
26 1 28 1
20 35 23 35
15 8 15 9
7 27 12 27
24 7 25 7
31 7 32 7
14 10 14 13
32 12 32 13
32 7 32 9
12 10 13 10
26 17 26 19
28 25 31 25
12 21 12 23
9 20 12 20
31 32 32 32
3 21 5 21
27 22 27 24
28 25 28 35
33 23 33 24
32 13 34 13
31 19 31 22
5 21 7 21
15 16 17 16
12 0 12 9
27 22 29 22
12 17 14 17
2 9 4 9
14 13 14 14
10 10 12 10
30 22 31 22
7 8 7 9
28 5 29 5
12 17 12 20
27 20 27 22
8 19 8 20
25 30 27 30
7 9 7 11
16 31 16 32
8 3 8 5
22 15 22 17
34 25 34 27
9 11 9 20
21 29 22 29
32 13 32 20
19 17 22 17
7 29 7 33
4 33 4 34
22 9 22 14
14 31 16 31
12 21 17 21
22 6 22 9
31 13 31 15
12 20 12 21
6 27 6 30
26 7 26 8
25 17 26 17
32 20 34 20
14 29 14 31
25 7 25 12
28 19 29 19
36 18 36 20
21 20 26 20
28 35 31 35
0 34 2 34
21 14 22 14
20 25 20 30
7 11 8 11
2 24 2 26
32 20 32 22
10 29 14 29
15 9 17 9
31 25 34 25
14 9 15 9
5 25 5 30
26 19 26 20
34 9 34 13
32 9 34 9
6 27 7 27
22 6 28 6
3 0 3 3
7 27 7 28
2 26 2 29
4 34 6 34
7 28 7 29
6 3 8 3
14 23 14 29
26 8 29 8
2 16 2 24
21 20 21 29
0 30 1 30
0 30 0 34
31 24 33 24
31 9 32 9
6 3 6 9
2 9 2 11
6 9 7 9
17 9 22 9
7 9 12 9
17 21 17 26
12 9 14 9
7 21 7 22
