216
22 23 22 22
21 16 21 17
4 1 4 0
26 14 26 15
18 7 18 6
16 24 16 25
27 22 26 22
14 13 13 13
2 2 1 2
2 13 1 13
25 12 25 13
20 10 20 9
19 15 19 14
16 6 16 5
24 21 24 20
6 26 5 26
24 12 24 11
25 23 25 22
9 4 8 4
23 22 23 21
15 10 15 11
20 1 20 2
18 24 19 24
23 15 22 15
4 8 5 8
24 22 23 22
1 0 2 0
2 21 1 21
15 1 15 2
18 21 19 21
22 3 22 2
3 7 3 8
9 26 10 26
3 14 4 14
2 23 3 23
18 6 19 6
9 22 9 23
17 16 17 17
14 10 15 10
21 14 21 13
4 18 5 18
16 19 15 19
6 19 7 19
15 9 16 9
4 19 4 18
22 4 22 3
26 1 27 1
4 20 5 20
13 9 13 10
26 5 25 5
20 22 20 21
27 12 26 12
20 16 21 16
27 11 27 12
23 17 23 16
11 13 11 12
23 14 24 14
3 23 3 22
10 10 10 9
24 23 24 22
3 19 4 19
0 12 0 11
6 1 6 2
19 1 20 1
27 27 27 26
18 15 19 15
22 26 23 26
2 0 2 1
8 12 8 11
2 4 2 5
20 2 19 2
20 1 20 2
19 6 19 5
10 19 10 20
19 12 19 13
14 7 14 6
26 15 25 15
25 15 24 15
1 5 1 4
24 4 23 4
2 5 1 5
8 3 9 3
14 19 14 18
24 15 23 15
3 21 3 20
26 17 25 17
26 4 26 3
1 14 0 14
10 21 10 22
19 13 20 13
14 23 13 23
6 0 7 0
12 6 12 5
1 21 0 21
20 2 20 3
13 1 12 1
10 14 9 14
16 7 15 7
20 9 19 9
4 9 5 9
19 2 19 3
17 15 18 15
21 25 21 26
17 18 17 19
9 14 9 13
3 11 3 12
3 0 2 0
5 9 6 9
10 6 11 6
9 12 9 11
6 2 6 3
15 2 16 2
14 9 14 10
5 16 5 15
25 18 26 18
3 17 4 17
25 17 24 17
25 6 25 7
15 10 15 9
5 10 4 10
10 18 10 19
24 1 24 2
24 18 25 18
24 2 24 3
4 2 4 1
14 8 14 9
7 16 7 15
7 17 7 16
15 11 15 10
24 17 23 17
16 0 16 1
9 13 9 12
5 22 5 23
26 12 25 12
9 19 9 20
19 14 19 13
27 20 26 20
10 0 9 0
2 27 1 27
7 21 6 21
24 3 24 4
9 6 9 7
26 6 25 6
14 11 15 11
2 19 3 19
5 20 6 20
5 2 6 2
15 12 16 12
26 22 26 21
20 21 21 21
15 27 14 27
20 13 20 14
27 12 26 12
13 20 14 20
22 27 22 26
7 20 7 21
14 22 15 22
23 18 24 18
1 4 1 3
4 6 4 7
21 15 21 14
8 4 8 5
3 22 4 22
3 1 3 0
21 13 20 13
1 17 1 18
22 24 22 23
27 21 27 20
16 1 17 1
21 21 21 20
19 23 18 23
23 13 23 12
9 0 9 1
26 21 25 21
26 8 25 8
9 27 9 26
4 17 5 17
14 26 15 26
21 12 22 12
16 15 17 15
2 20 2 21
25 26 25 27
22 7 22 8
5 3 5 4
6 20 7 20
8 2 8 3
20 3 20 4
4 14 4 13
26 19 27 19
5 17 5 16
16 23 15 23
4 22 4 21
4 21 4 20
13 13 13 14
5 16 6 16
4 15 4 14
4 13 5 13
24 22 24 21
7 15 7 14
7 2 8 2
4 16 3 16
7 14 7 13
13 4 13 5
7 3 7 4
13 24 12 24
14 27 14 26
11 1 10 1
20 6 21 6
15 26 15 27
9 12 10 12
5 13 5 12
7 13 7 12
19 27 20 27
2 17 3 17
10 25 11 25
5 12 6 12
183
17 19 21 19
12 1 17 1
16 13 17 13
10 19 15 19
6 27 10 27
16 5 17 5
15 24 17 24
6 3 6 5
26 18 26 20
23 23 26 23
24 18 25 18
24 14 24 18
1 18 2 18
24 13 24 14
8 17 8 18
7 12 7 16
8 18 8 19
7 21 11 21
18 14 18 15
17 17 17 19
18 5 18 8
26 7 26 11
11 21 14 21
14 10 14 12
15 19 15 20
20 14 21 14
5 18 6 18
15 19 17 19
26 23 26 26
25 7 26 7
19 9 21 9
7 0 12 0
19 5 21 5
2 21 5 21
15 8 18 8
19 21 19 24
7 0 7 1
14 10 15 10
19 3 22 3
15 6 17 6
22 3 26 3
17 24 19 24
19 3 19 5
25 21 25 22
23 10 24 10
23 21 24 21
16 12 18 12
20 4 21 4
3 3 6 3
3 6 3 8
1 13 1 15
10 13 10 19
6 23 7 23
26 12 26 18
12 13 16 13
19 25 22 25
1 19 1 25
4 18 5 18
16 12 16 13
21 14 21 16
12 14 13 14
10 13 12 13
14 6 15 6
7 7 9 7
19 5 19 9
23 17 23 20
9 3 9 7
0 11 0 14
26 26 27 26
5 8 5 11
16 16 19 16
12 0 12 1
22 5 23 5
11 25 11 27
27 1 27 2
5 11 5 15
17 1 17 5
5 15 6 15
10 9 10 12
2 18 2 21
24 9 25 9
2 18 3 18
25 9 25 11
23 15 23 16
5 1 7 1
23 5 25 5
6 9 6 12
26 3 26 7
7 1 9 1
21 23 22 23
15 8 15 9
9 1 9 3
23 10 23 12
0 11 5 11
22 5 22 8
19 11 19 13
19 9 19 11
25 11 26 11
17 5 18 5
12 23 12 24
16 2 16 4
25 18 26 18
12 24 14 24
8 19 10 19
23 4 23 5
19 13 20 13
13 14 13 16
25 12 25 13
18 12 18 14
6 16 7 16
15 20 15 22
26 11 26 12
6 12 7 12
22 8 23 8
7 19 7 20
11 25 14 25
19 17 20 17
0 1 1 1
26 20 26 23
12 13 12 14
7 20 7 21
23 16 23 17
10 9 11 9
12 1 12 4
3 18 4 18
22 17 23 17
3 2 3 3
5 21 5 23
19 24 19 25
22 23 23 23
14 24 15 24
5 23 6 23
3 8 5 8
18 5 19 5
23 12 23 15
14 6 14 9
21 19 21 20
0 15 1 15
2 21 2 26
0 19 1 19
11 6 14 6
22 16 22 17
2 6 3 6
5 15 5 18
19 21 23 21
24 21 25 21
23 20 23 21
23 9 23 10
2 1 2 6
26 0 26 3
4 1 5 1
19 25 19 26
3 20 4 20
14 25 14 26
15 4 16 4
15 4 15 6
20 13 22 13
2 1 4 1
18 8 18 12
14 24 14 25
25 4 25 5
21 4 23 4
23 8 23 9
7 12 10 12
1 25 1 27
4 20 7 20
21 16 22 16
15 16 16 16
17 17 19 17
9 23 12 23
22 25 22 26
14 9 14 10
5 21 6 21
11 9 14 9
7 16 7 19
1 12 1 13
19 16 21 16
13 2 16 2
21 10 23 10
14 21 14 24
24 4 25 4
6 23 6 27
23 12 25 12
