43
20 10 20 11
0 14 1 14
5 22 5 21
4 22 4 21
18 0 17 0
6 6 5 6
7 3 7 4
22 6 21 6
4 10 5 10
10 11 11 11
4 8 4 7
12 5 11 5
6 1 7 1
6 13 6 14
17 10 16 10
5 8 4 8
14 5 14 6
12 16 12 15
7 19 8 19
6 9 7 9
12 2 13 2
8 3 7 3
11 3 11 4
5 2 6 2
15 8 14 8
11 5 10 5
2 7 3 7
11 10 10 10
18 2 17 2
6 20 6 21
10 10 10 11
2 19 2 20
7 20 7 19
19 21 19 22
9 10 9 11
15 12 14 12
7 12 7 11
7 11 6 11
21 5 20 5
2 12 1 12
17 2 16 2
21 6 21 7
0 22 0 23
157
10 16 11 16
0 1 2 1
10 13 10 14
20 14 20 17
2 22 6 22
19 8 20 8
17 16 18 16
3 18 3 20
12 1 15 1
19 11 20 11
4 8 4 11
11 7 11 11
12 6 14 6
21 9 23 9
10 13 11 13
5 3 6 3
19 12 19 13
11 4 11 7
21 7 21 9
15 11 15 14
3 7 3 8
3 6 3 7
8 19 8 21
22 23 23 23
22 19 22 23
12 1 12 6
22 17 22 19
10 19 14 19
20 11 20 14
6 3 6 7
21 1 21 4
0 21 0 23
9 18 9 21
8 15 8 17
1 8 3 8
3 5 3 6
3 8 3 13
3 8 4 8
20 7 21 7
0 1 0 2
12 7 12 9
0 19 0 20
14 19 16 19
17 7 20 7
6 0 6 2
10 19 10 20
10 20 11 20
20 19 22 19
3 3 5 3
10 4 11 4
20 17 20 19
1 12 1 14
6 10 6 11
10 18 10 19
19 11 19 12
10 16 10 18
11 7 12 7
12 6 12 7
17 0 17 1
3 3 3 5
21 4 21 7
8 21 8 23
2 20 2 22
23 3 23 9
10 2 10 4
6 21 6 22
15 11 19 11
0 2 4 2
20 7 20 8
1 3 3 3
10 18 13 18
4 14 5 14
17 1 17 7
9 18 10 18
8 2 10 2
4 11 4 14
16 7 16 8
20 11 23 11
4 2 6 2
6 2 6 3
15 10 15 11
18 12 19 12
8 21 9 21
15 1 17 1
8 17 8 19
19 14 19 16
0 23 8 23
1 8 1 12
9 12 12 12
5 9 5 10
19 9 19 10
13 2 16 2
16 22 19 22
4 11 6 11
14 8 16 8
2 20 3 20
11 14 15 14
0 18 1 18
3 14 3 16
1 18 1 22
9 11 10 11
4 7 5 7
10 20 10 22
9 12 9 14
2 14 2 15
5 3 5 4
11 14 11 16
0 17 0 18
7 4 9 4
9 14 9 17
5 6 5 7
7 17 7 19
0 5 1 5
14 19 14 20
16 10 19 10
10 5 10 6
1 16 3 16
11 13 11 14
9 4 9 11
5 5 5 6
19 9 20 9
9 11 9 12
11 16 17 16
0 18 0 19
6 2 8 2
0 6 0 7
4 21 5 21
23 9 23 11
6 14 9 14
0 16 0 17
12 12 13 12
6 21 8 21
13 9 13 12
0 16 1 16
0 5 0 6
16 8 16 10
7 3 7 4
1 5 2 5
5 16 6 16
16 19 16 22
5 16 5 21
7 4 7 9
6 16 6 18
13 12 14 12
2 14 3 14
14 8 14 12
16 2 16 7
0 7 0 16
3 16 4 16
5 9 7 9
5 7 5 9
6 14 6 16
10 6 10 11
4 16 5 16
6 18 6 19
6 19 7 19
5 12 9 12
