109
5 16 4 16
15 26 15 27
6 30 6 29
20 0 20 1
9 23 9 24
9 14 9 13
8 12 7 12
3 7 4 7
25 27 26 27
16 11 15 11
26 25 25 25
16 26 17 26
5 12 5 13
22 1 23 1
3 13 4 13
27 22 28 22
11 25 11 26
15 12 15 13
8 3 9 3
3 26 4 26
0 6 0 5
26 11 26 10
15 2 15 3
17 10 18 10
9 25 9 26
8 13 8 12
4 7 4 6
28 22 28 23
0 2 1 2
1 0 1 1
29 21 29 22
24 1 24 2
4 26 4 27
6 3 7 3
4 8 5 8
27 21 27 20
19 2 20 2
18 7 19 7
26 29 26 28
21 27 20 27
26 6 27 6
18 9 17 9
2 13 3 13
5 1 5 2
5 10 5 9
20 27 20 26
5 13 6 13
26 2 25 2
21 24 22 24
14 20 13 20
18 27 18 26
21 26 21 27
30 21 29 21
12 14 13 14
11 27 11 28
8 6 7 6
26 27 27 27
23 21 23 22
10 30 9 30
6 13 7 13
5 9 4 9
7 13 8 13
21 14 20 14
12 13 12 14
18 16 19 16
7 22 6 22
14 15 14 16
29 17 29 18
16 7 15 7
2 23 3 23
8 12 8 11
6 5 6 4
23 28 24 28
10 23 9 23
14 2 15 2
1 6 0 6
26 28 26 27
23 27 23 28
28 15 27 15
21 25 21 26
7 23 6 23
27 11 27 12
4 10 3 10
7 7 7 8
25 2 25 1
10 29 11 29
21 27 22 27
7 25 6 25
7 6 6 6
2 24 3 24
19 5 18 5
4 27 3 27
4 0 4 1
17 11 17 10
7 28 7 29
20 20 20 21
8 29 8 28
26 27 25 27
1 2 2 2
15 29 16 29
24 28 24 27
24 27 24 26
25 27 25 26
1 1 1 0
4 30 4 29
18 8 18 7
3 18 3 19
1 0 1 1
23 22 24 22
191
7 3 7 8
12 14 13 14
18 7 18 10
27 23 28 23
13 12 19 12
15 21 17 21
2 7 2 17
8 11 8 13
7 3 9 3
20 11 20 14
27 20 29 20
1 28 4 28
7 9 7 12
26 20 27 20
13 12 13 14
15 2 15 3
7 12 7 14
18 2 20 2
27 8 28 8
12 7 15 7
11 26 17 26
28 8 28 11
11 26 11 28
27 23 27 27
13 8 13 11
16 1 16 2
30 25 30 28
4 24 6 24
8 26 9 26
9 3 15 3
25 25 25 26
29 18 29 20
15 7 15 8
28 11 28 14
22 2 22 3
15 7 18 7
1 22 1 27
9 26 11 26
17 21 17 24
28 28 30 28
15 3 15 7
5 8 5 11
9 9 9 10
13 20 24 20
30 1 30 6
29 21 29 22
18 14 19 14
11 11 11 17
2 22 6 22
1 27 1 28
15 11 20 11
29 16 29 18
19 14 20 14
2 22 2 25
15 2 16 2
22 27 22 28
7 8 7 9
16 0 17 0
6 22 6 23
16 29 19 29
18 4 18 5
1 1 1 5
9 8 9 9
17 27 22 27
23 18 26 18
8 11 11 11
4 28 4 29
3 27 7 27
16 30 17 30
20 7 21 7
30 28 30 29
24 2 24 9
22 25 24 25
5 8 7 8
28 23 28 28
21 22 21 23
21 5 21 7
4 6 4 9
6 23 6 24
8 26 8 28
9 3 9 4
22 27 27 27
18 5 18 7
30 20 30 25
6 1 12 1
12 1 15 1
11 28 15 28
4 23 4 24
17 24 17 26
29 20 30 20
24 22 25 22
9 10 10 10
1 22 2 22
23 0 23 1
26 18 29 18
0 17 2 17
14 14 14 16
22 3 23 3
0 5 1 5
26 8 27 8
2 17 3 17
11 9 11 11
1 5 1 9
17 13 18 13
4 29 6 29
2 17 2 22
4 13 4 16
5 15 5 17
9 26 9 30
21 23 21 26
25 22 29 22
13 17 13 20
2 2 5 2
28 14 28 16
3 23 3 24
17 13 17 16
9 21 13 21
17 21 18 21
13 17 17 17
20 26 21 26
19 9 22 9
3 17 5 17
24 20 24 22
17 26 17 27
28 16 29 16
7 8 9 8
6 12 7 12
5 11 5 15
4 9 4 13
22 3 22 8
6 4 6 6
23 3 23 7
16 29 16 30
0 17 0 20
9 8 10 8
22 25 22 27
2 2 2 7
19 12 19 14
26 5 26 8
17 16 17 17
11 11 13 11
25 1 30 1
22 17 22 19
7 30 8 30
4 1 6 1
23 1 23 3
20 2 22 2
17 0 23 0
18 26 20 26
24 26 25 26
15 0 15 1
8 13 9 13
22 8 22 9
26 17 27 17
22 9 22 17
24 9 24 11
15 0 16 0
19 6 19 7
25 22 25 25
20 2 20 4
27 12 27 15
26 12 26 14
24 11 28 11
4 28 8 28
21 22 24 22
16 1 20 1
25 14 26 14
13 20 13 21
11 5 11 9
7 21 9 21
1 1 4 1
17 17 22 17
6 2 6 4
17 30 24 30
22 17 23 17
23 1 25 1
15 8 15 11
4 6 6 6
19 7 20 7
11 17 13 17
16 28 16 29
6 1 6 2
23 17 26 17
7 21 7 27
14 16 17 16
26 14 26 17
9 21 9 23
26 12 27 12
20 4 20 7
17 16 19 16
3 24 3 27
