124
7 16 7 15
5 9 4 9
4 13 4 14
9 16 9 15
12 6 12 5
2 13 1 13
0 17 0 18
15 17 16 17
15 7 15 8
16 7 15 7
2 14 2 13
1 4 2 4
11 7 12 7
6 6 6 5
12 5 12 4
5 8 5 9
13 15 14 15
3 7 3 8
16 15 17 15
2 7 3 7
10 6 10 7
10 10 10 11
3 14 2 14
1 17 0 17
6 16 7 16
2 13 3 13
12 15 13 15
4 14 3 14
1 13 2 13
11 5 12 5
3 8 2 8
10 7 11 7
1 10 1 9
3 10 4 10
2 6 2 7
2 17 1 17
17 7 16 7
14 13 13 13
11 10 10 10
8 4 7 4
17 13 17 12
13 6 12 6
10 16 9 16
5 7 5 8
4 7 5 7
11 9 11 10
11 6 10 6
5 16 6 16
12 16 12 15
9 4 8 4
5 17 5 16
7 4 7 3
4 15 4 14
11 16 10 16
10 9 11 9
6 2 7 2
6 4 7 4
9 5 9 4
4 2 4 1
13 5 13 6
2 2 3 2
5 6 6 6
5 5 4 5
15 15 16 15
5 18 5 17
0 10 1 10
10 5 11 5
9 13 8 13
12 5 13 5
1 9 1 8
1 14 1 13
1 15 1 14
6 0 6 1
10 13 9 13
12 17 12 16
3 13 4 13
2 13 3 13
16 1 16 0
9 6 9 5
15 13 14 13
18 12 18 13
10 12 10 13
13 12 12 12
17 0 17 1
10 10 10 9
7 0 7 1
9 10 10 10
18 8 18 7
18 9 18 8
15 14 15 15
17 9 18 9
10 11 10 12
2 12 2 13
5 11 5 10
17 10 17 9
1 10 1 9
3 7 4 7
17 1 17 2
14 14 15 14
5 4 5 5
18 3 17 3
1 16 1 15
15 1 16 1
5 7 5 6
0 9 0 10
14 15 14 14
11 11 10 11
4 4 5 4
0 8 0 9
9 11 9 10
1 2 2 2
13 11 13 12
13 15 14 15
8 13 7 13
14 1 15 1
13 16 13 15
1 8 0 8
3 4 4 4
12 6 12 5
4 3 4 2
14 16 13 16
15 16 15 17
9 1 10 1
9 10 9 11
176
15 5 15 6
3 0 3 1
10 3 10 4
7 10 7 13
1 3 1 5
17 2 18 2
14 7 15 7
0 12 0 13
2 15 2 16
14 8 14 9
14 6 15 6
2 14 2 15
15 2 15 3
6 5 6 6
3 1 4 1
4 1 4 2
0 16 2 16
3 11 3 12
14 9 14 10
0 3 1 3
15 1 15 2
9 18 10 18
6 3 6 5
3 18 4 18
14 14 14 15
8 6 8 7
13 1 15 1
1 6 3 6
8 6 10 6
15 10 16 10
4 18 6 18
2 13 2 14
10 6 10 8
6 6 7 6
0 2 0 3
15 4 15 5
10 3 11 3
8 18 9 18
18 2 18 5
6 14 6 15
13 6 14 6
5 15 5 16
14 15 14 17
0 9 1 9
7 9 7 10
6 14 7 14
16 15 17 15
2 11 2 13
8 3 9 3
2 18 3 18
11 3 12 3
7 6 8 6
3 6 3 9
2 1 2 2
13 8 13 9
2 16 2 18
3 9 4 9
15 2 17 2
1 5 1 6
7 8 8 8
1 11 2 11
10 4 10 6
17 15 17 16
15 11 15 12
8 1 10 1
2 1 3 1
8 17 8 18
1 13 2 13
11 4 12 4
8 1 8 3
14 11 15 11
14 10 14 11
15 15 15 17
15 17 15 18
15 7 16 7
4 17 5 17
3 9 3 11
12 8 13 8
9 11 9 12
4 6 4 7
12 18 13 18
3 5 3 6
8 8 8 9
10 1 11 1
13 0 13 1
5 15 6 15
14 7 14 8
14 6 14 7
16 13 16 14
15 12 15 14
12 11 14 11
16 9 16 10
9 9 9 11
3 15 5 15
15 3 15 4
9 12 10 12
7 13 7 14
10 6 13 6
3 17 4 17
9 15 11 15
7 10 8 10
0 2 2 2
4 10 5 10
0 13 1 13
17 6 17 8
12 5 13 5
4 7 6 7
16 8 17 8
6 1 6 3
4 4 4 5
13 17 13 18
2 11 3 11
14 8 15 8
13 0 14 0
10 12 11 12
14 14 15 14
11 0 12 0
6 3 7 3
8 12 8 14
16 6 17 6
4 12 4 13
6 7 7 7
10 8 10 9
16 13 18 13
9 12 9 13
5 10 5 12
13 4 14 4
8 9 9 9
4 12 5 12
14 18 15 18
12 4 13 4
11 10 12 10
4 13 4 14
3 2 3 3
2 4 4 4
16 14 16 15
1 9 1 11
18 10 18 11
8 8 9 8
7 7 7 8
5 9 5 10
17 17 18 17
9 4 9 5
13 3 13 4
6 9 7 9
4 14 5 14
16 10 18 10
4 0 8 0
4 16 4 17
2 15 3 15
2 3 2 4
4 7 4 8
11 0 11 1
18 11 18 13
11 15 11 17
11 10 11 12
11 17 13 17
12 4 12 5
4 8 5 8
9 14 9 15
13 9 14 9
9 3 9 4
4 5 4 6
4 1 6 1
13 18 14 18
3 3 5 3
8 0 8 1
15 15 16 15
12 0 12 1
12 9 12 10
8 14 9 14
16 8 16 9
8 12 9 12
2 3 3 3
12 10 13 10
5 8 5 9
