211
7 9 7 8
33 8 33 7
10 17 10 18
25 15 25 16
15 25 15 26
35 17 35 18
28 18 29 18
2 4 2 3
6 7 6 8
16 19 16 18
0 34 1 34
37 18 37 19
33 37 32 37
11 28 10 28
0 26 1 26
18 28 18 27
31 23 31 24
27 18 28 18
25 16 25 17
20 12 21 12
24 10 24 9
32 13 32 12
26 6 26 7
33 3 32 3
39 10 38 10
30 11 30 12
2 26 2 25
9 8 9 7
8 35 9 35
30 33 30 32
15 32 15 33
1 38 1 37
34 6 35 6
6 24 6 23
22 39 22 38
19 25 19 26
2 3 3 3
39 19 39 18
35 24 35 25
30 12 29 12
35 4 35 3
19 28 19 29
10 28 10 29
1 26 2 26
14 38 13 38
28 14 29 14
29 14 30 14
6 34 5 34
20 34 21 34
40 11 39 11
14 34 14 33
27 9 28 9
11 29 11 28
23 39 22 39
8 19 7 19
35 9 35 10
6 16 7 16
15 21 16 21
35 3 34 3
32 22 32 21
9 15 10 15
13 28 12 28
21 24 20 24
36 8 36 9
22 8 23 8
28 3 28 2
24 3 25 3
15 12 15 13
32 7 32 6
33 2 33 1
30 32 29 32
18 21 18 22
7 8 7 7
3 14 4 14
13 11 14 11
35 31 34 31
22 13 21 13
13 6 12 6
10 29 10 30
27 6 26 6
22 3 22 2
5 21 5 22
34 18 34 17
5 25 5 24
2 11 3 11
17 13 17 12
32 19 31 19
40 30 39 30
8 16 9 16
1 37 0 37
2 35 3 35
32 6 33 6
5 24 6 24
10 15 11 15
6 23 6 22
32 37 31 37
16 18 15 18
28 38 28 39
1 34 2 34
34 3 33 3
24 12 24 11
26 7 25 7
13 5 13 6
19 38 19 37
34 1 34 2
31 28 31 29
20 16 20 15
29 18 29 19
4 28 3 28
5 17 5 18
40 34 40 33
1 18 2 18
35 6 35 7
28 18 29 18
40 18 40 19
35 29 35 28
19 4 20 4
33 19 33 20
13 23 13 22
13 19 14 19
22 38 22 37
2 26 2 27
3 28 2 28
2 28 1 28
28 2 27 2
2 21 3 21
25 10 24 10
1 28 0 28
35 7 35 8
21 13 20 13
40 19 39 19
32 21 32 20
22 39 21 39
11 31 11 32
22 37 23 37
2 27 2 28
11 15 12 15
26 31 27 31
7 14 6 14
23 37 23 36
21 39 21 40
38 39 38 40
12 36 12 37
3 9 4 9
34 17 33 17
3 35 3 36
31 33 32 33
12 30 12 29
40 12 39 12
29 32 28 32
4 26 3 26
29 18 30 18
33 17 32 17
12 15 13 15
28 9 29 9
33 21 34 21
29 25 28 25
40 33 40 32
13 38 12 38
34 37 35 37
14 24 14 23
24 29 25 29
6 8 7 8
14 23 13 23
3 23 2 23
40 29 40 30
18 29 17 29
31 13 32 13
7 27 8 27
28 22 27 22
29 40 29 39
13 6 13 7
32 27 32 28
20 26 21 26
30 18 30 17
9 35 10 35
4 30 4 29
35 8 35 9
23 36 24 36
3 39 3 40
39 12 38 12
32 15 32 14
5 18 4 18
7 8 8 8
2 36 2 35
18 23 19 23
14 19 14 20
13 18 13 19
31 39 30 39
27 2 26 2
24 9 25 9
22 12 22 11
15 26 16 26
30 39 30 40
25 29 26 29
37 24 37 25
21 34 21 35
3 36 3 37
1 22 0 22
28 39 28 40
38 9 39 9
39 19 38 19
20 38 21 38
21 10 21 11
21 7 21 6
8 34 8 35
17 40 17 39
27 7 28 7
15 5 14 5
15 17 14 17
18 22 19 22
189
29 12 32 12
10 30 14 30
12 38 17 38
3 37 12 37
37 19 38 19
21 33 24 33
32 9 32 12
3 37 3 40
32 3 32 9
0 37 3 37
6 22 13 22
10 30 10 32
35 18 35 19
2 18 4 18
2 40 3 40
20 15 20 17
28 19 29 19
32 32 34 32
14 11 16 11
0 28 2 28
26 0 26 2
29 28 32 28
25 9 29 9
16 21 16 26
16 27 18 27
16 28 21 28
3 7 3 11
12 37 12 38
16 26 16 27
32 26 32 28
31 21 34 21
32 12 32 13
11 33 14 33
10 32 10 35
4 2 12 2
32 9 35 9
16 21 20 21
13 7 13 10
25 9 25 17
20 17 20 21
30 17 32 17
7 32 10 32
36 9 36 10
25 3 25 7
24 33 25 33
32 28 32 32
2 18 2 23
7 23 7 32
13 15 20 15
32 3 33 3
21 35 21 38
34 19 35 19
3 3 3 7
25 17 25 33
34 19 34 21
21 33 21 35
15 16 15 18
19 12 21 12
13 22 13 23
30 14 32 14
21 9 21 11
15 13 20 13
8 20 14 20
32 28 35 28
28 40 30 40
35 25 37 25
17 38 21 38
30 40 38 40
8 8 8 10
14 33 15 33
18 40 21 40
13 23 13 29
26 29 31 29
35 9 36 9
31 2 32 2
3 19 4 19
31 21 31 24
8 10 8 17
35 25 35 28
0 28 0 37
13 10 13 15
28 23 28 25
20 21 20 24
25 7 25 9
36 18 39 18
15 18 15 28
32 12 38 12
33 7 34 7
31 37 35 37
7 23 9 23
38 32 38 40
15 28 16 28
12 4 12 6
29 2 31 2
29 9 29 12
22 2 22 11
7 16 7 19
2 25 2 28
20 17 25 17
32 2 34 2
29 12 29 16
5 22 6 22
15 28 15 33
29 16 29 19
12 29 13 29
4 19 4 29
19 24 19 26
24 22 24 33
9 17 12 17
38 31 38 32
21 40 28 40
28 19 28 23
8 17 8 20
10 32 11 32
28 25 35 25
20 13 20 15
26 2 29 2
12 6 14 6
30 37 31 37
5 34 5 35
23 11 24 11
38 32 40 32
5 22 5 34
14 20 14 30
40 25 40 30
34 30 35 30
2 30 2 34
33 39 35 39
2 34 5 34
2 23 2 25
7 7 9 7
10 35 21 35
37 19 37 25
35 37 35 39
28 37 30 37
39 9 39 11
22 11 23 11
39 30 40 30
7 7 7 16
16 11 17 11
32 17 36 17
21 38 21 40
34 7 38 7
26 2 26 5
7 4 12 4
28 32 28 37
35 30 39 30
31 29 31 37
22 2 26 2
36 17 37 17
21 11 22 11
21 12 21 16
4 14 4 18
26 29 26 30
21 26 21 28
2 29 2 30
12 18 15 18
24 36 26 36
11 23 13 23
24 34 24 36
39 18 39 30
7 4 7 7
2 29 4 29
26 5 26 6
26 30 26 36
38 5 38 7
12 6 12 17
8 29 12 29
17 12 19 12
32 17 32 20
4 19 7 19
35 30 35 37
39 11 39 18
17 11 17 12
19 26 21 26
21 6 21 9
34 2 34 7
14 6 14 11
3 1 3 3
35 19 37 19
39 5 39 9
32 20 33 20
3 7 7 7
32 14 32 17
12 17 12 18
21 11 21 12
15 16 17 16
36 17 36 18
38 5 39 5
