335
20 1 19 1
2 21 2 22
10 2 10 1
13 10 13 11
19 16 20 16
12 10 13 10
24 15 23 15
23 15 23 16
4 21 4 22
20 6 19 6
23 16 22 16
16 1 15 1
23 2 23 1
19 14 19 13
24 2 24 3
15 23 15 24
7 1 7 2
5 0 6 0
13 24 13 25
22 21 22 22
5 21 4 21
10 11 9 11
2 6 3 6
2 20 2 21
17 23 18 23
16 23 17 23
20 14 19 14
21 1 22 1
18 11 18 12
11 5 11 6
7 13 7 14
20 21 19 21
7 2 6 2
21 17 21 16
14 23 15 23
11 4 11 5
13 5 13 4
1 5 1 6
18 18 18 19
1 18 2 18
14 15 13 15
18 16 19 16
24 5 24 6
8 1 8 0
23 14 23 15
11 19 11 20
12 3 13 3
19 15 18 15
11 5 12 5
1 13 1 14
12 12 12 13
22 17 21 17
10 0 9 0
1 1 1 2
20 5 20 6
12 5 13 5
8 5 8 6
10 20 10 19
14 12 13 12
14 7 15 7
19 21 19 22
19 7 18 7
9 19 9 20
8 14 8 15
22 14 22 15
23 3 23 2
2 0 2 1
6 13 7 13
23 7 22 7
11 2 10 2
19 14 19 15
17 6 17 7
7 5 8 5
8 15 7 15
18 3 17 3
18 25 18 24
11 3 11 4
17 17 17 16
13 18 13 17
20 0 20 1
24 13 24 14
17 11 17 10
11 25 10 25
5 20 5 21
21 21 22 21
21 23 22 23
3 16 3 15
1 12 1 13
15 18 14 18
18 2 18 3
4 7 5 7
15 19 15 18
24 3 23 3
8 19 9 19
11 12 12 12
8 20 8 19
6 24 6 25
19 6 19 7
4 4 3 4
10 23 10 24
11 4 11 5
2 4 2 5
17 25 18 25
3 4 3 3
16 16 16 17
11 23 11 24
20 12 20 11
6 4 6 5
16 7 16 8
7 14 8 14
1 13 2 13
2 19 2 20
12 11 12 10
9 24 9 25
21 9 21 8
14 24 14 23
10 12 9 12
19 13 19 14
11 20 10 20
20 15 20 14
17 20 17 21
7 13 7 14
3 5 3 4
24 8 24 7
3 23 3 24
13 21 12 21
12 17 12 18
5 23 5 24
7 4 7 5
9 12 9 13
20 16 20 15
24 7 25 7
7 0 7 1
20 11 21 11
5 1 5 0
24 4 24 3
2 1 2 2
7 21 8 21
19 2 18 2
9 19 9 18
16 24 16 23
10 13 10 12
17 16 18 16
20 13 19 13
1 4 1 5
17 24 16 24
17 18 17 17
13 22 13 21
3 19 3 18
10 3 11 3
1 0 2 0
4 20 5 20
2 7 2 6
4 21 4 20
12 22 13 22
4 8 4 7
14 6 14 7
24 14 24 15
20 14 21 14
19 14 18 14
7 20 7 21
18 20 19 20
9 1 9 2
10 19 11 19
16 0 16 1
3 7 2 7
1 14 0 14
15 11 14 11
23 24 23 25
6 0 7 0
4 19 3 19
13 11 12 11
11 5 12 5
11 22 12 22
23 4 24 4
11 19 11 18
15 1 15 2
6 14 6 13
12 21 11 21
12 4 12 3
6 1 6 0
7 24 6 24
22 24 23 24
24 10 24 9
2 23 3 23
0 0 1 0
20 10 20 11
24 12 24 13
21 14 22 14
6 13 7 13
21 13 21 14
18 24 17 24
11 15 10 15
11 11 11 12
2 10 1 10
11 21 11 20
1 0 1 1
15 16 14 16
12 11 11 11
8 21 8 20
14 11 13 11
5 4 4 4
17 19 17 18
23 6 23 7
3 4 2 4
13 8 12 8
21 5 20 5
11 11 10 11
5 5 5 4
16 6 16 7
19 17 19 18
22 23 21 23
10 18 10 19
18 6 17 6
8 4 7 4
25 6 25 5
16 25 17 25
23 8 24 8
10 2 10 3
10 22 11 22
23 5 24 5
9 18 9 17
1 19 1 18
25 25 25 24
22 25 22 24
10 24 9 24
21 20 21 21
7 16 8 16
15 18 15 17
15 9 15 8
17 6 17 5
18 10 18 9
5 21 5 22
9 13 10 13
8 19 9 19
24 16 23 16
9 14 9 13
21 16 20 16
23 18 23 17
4 23 5 23
12 25 12 24
17 18 18 18
7 23 7 24
4 5 5 5
14 19 15 19
2 9 2 10
4 4 4 5
14 1 14 0
8 16 8 15
1 10 1 11
0 4 1 4
0 24 1 24
24 25 25 25
23 25 24 25
22 19 23 19
23 1 23 0
0 21 0 22
7 15 7 16
18 18 17 18
21 10 20 10
0 13 1 13
6 17 7 17
5 4 6 4
18 17 19 17
6 15 6 14
25 7 24 7
10 25 10 24
0 25 0 24
17 17 17 16
22 1 23 1
18 2 18 1
18 9 18 10
6 16 6 15
2 16 3 16
25 16 24 16
25 10 24 10
20 9 21 9
1 9 2 9
2 25 3 25
13 6 14 6
5 13 6 13
22 16 22 17
7 14 7 15
2 24 2 25
11 3 11 2
19 9 18 9
18 25 18 24
11 24 11 23
2 15 2 16
0 24 0 25
24 6 23 6
0 15 1 15
4 18 4 19
8 3 8 4
6 8 5 8
5 17 6 17
21 9 20 9
21 17 21 16
14 18 15 18
24 9 25 9
22 15 22 16
4 10 4 11
12 0 12 1
17 25 18 25
5 14 5 13
12 5 12 4
8 24 8 25
5 22 5 21
22 22 22 23
21 21 20 21
3 24 2 24
11 0 12 0
9 2 10 2
5 9 5 10
10 24 10 23
2 4 3 4
21 22 21 21
23 24 23 25
10 23 10 22
18 19 17 19
22 9 21 9
14 9 14 10
3 25 4 25
20 9 19 9
15 23 15 22
22 14 22 15
25 11 25 10
22 0 22 1
8 8 8 9
21 23 21 22
3 13 4 13
7 11 7 10
13 1 13 0
25 10 25 11
15 0 15 1
161
22 17 22 18
22 6 23 6
8 15 8 18
23 3 23 6
6 15 7 15
15 2 15 3
12 18 15 18
1 2 1 3
15 24 16 24
10 11 13 11
15 19 16 19
22 18 22 20
24 17 24 18
18 21 20 21
0 23 0 25
5 20 6 20
22 15 23 15
9 23 9 24
17 19 17 21
12 14 13 14
6 20 8 20
19 0 19 1
22 21 22 23
1 15 3 15
3 4 3 6
1 4 3 4
3 14 3 15
8 2 8 4
22 16 23 16
17 1 17 2
11 7 13 7
17 2 17 3
22 20 22 21
12 14 12 15
11 18 12 18
3 20 4 20
24 8 24 10
17 7 18 7
22 23 22 24
17 2 20 2
4 25 5 25
20 23 22 23
21 3 22 3
22 16 22 17
20 8 21 8
10 11 10 12
10 22 11 22
4 1 7 1
3 16 4 16
4 14 4 16
4 19 4 20
21 14 21 15
4 16 5 16
11 6 11 7
20 21 20 22
20 1 22 1
8 12 10 12
1 2 2 2
22 15 22 16
21 6 22 6
2 13 4 13
24 5 25 5
24 17 25 17
14 6 15 6
23 2 23 3
12 2 12 3
7 15 8 15
16 1 17 1
17 3 17 4
20 18 21 18
18 15 18 16
8 13 8 14
7 1 10 1
3 6 3 8
9 13 9 15
12 16 12 18
10 14 11 14
18 14 21 14
20 6 21 6
12 1 12 2
4 22 6 22
10 1 10 2
15 3 16 3
12 0 12 1
21 11 21 14
13 7 13 10
17 21 18 21
12 24 15 24
21 21 21 22
16 19 17 19
21 18 21 21
8 18 8 20
18 13 18 14
7 3 7 4
11 14 12 14
6 14 8 14
8 12 8 13
1 11 1 13
8 13 9 13
20 6 20 7
21 15 21 16
9 15 9 17
1 13 1 15
1 20 2 20
3 4 6 4
23 15 24 15
4 14 6 14
23 7 23 9
18 21 18 23
11 6 14 6
9 15 10 15
20 22 20 23
1 24 2 24
23 9 23 10
1 17 1 18
7 1 7 3
13 10 13 11
12 15 12 16
4 20 4 22
8 18 11 18
18 23 18 24
15 6 20 6
2 20 3 20
22 2 23 2
10 2 11 2
4 16 4 19
14 16 17 16
6 23 8 23
2 12 2 13
17 14 17 15
21 2 21 3
13 11 19 11
15 18 15 19
23 6 23 7
1 11 2 11
15 6 15 7
2 24 4 24
4 22 4 24
11 2 11 6
1 1 4 1
17 14 18 14
22 1 22 2
10 6 11 6
11 20 11 22
25 12 25 14
6 22 6 23
17 15 17 16
11 18 11 20
13 16 14 16
21 14 25 14
21 16 21 18
25 14 25 17
4 13 4 14
20 1 20 2
21 9 23 9
21 9 21 11
9 24 12 24
18 16 18 21
6 4 7 4
8 23 9 23
3 8 5 8
