120
32 1 32 2
6 3 6 4
20 11 21 11
31 2 31 1
3 19 3 20
29 19 30 19
15 0 14 0
25 26 25 25
1 13 2 13
34 32 34 31
33 9 33 8
22 3 22 4
18 19 18 20
25 6 26 6
9 5 9 6
13 24 13 25
34 17 34 16
3 8 4 8
11 22 11 21
27 23 28 23
2 10 2 11
4 15 4 16
1 14 0 14
2 21 3 21
12 1 13 1
6 33 5 33
2 33 2 32
28 21 27 21
28 26 27 26
34 31 34 30
20 8 21 8
23 20 24 20
11 15 11 14
11 24 12 24
28 24 27 24
26 4 25 4
17 12 18 12
15 13 15 12
18 20 17 20
27 17 27 18
5 30 6 30
20 12 21 12
10 13 10 14
5 16 5 17
22 8 22 7
19 23 18 23
29 17 28 17
29 28 29 27
0 15 1 15
2 11 1 11
26 21 26 20
7 12 7 11
22 9 23 9
14 9 14 10
4 8 4 9
33 8 32 8
27 24 27 23
9 6 8 6
19 0 19 1
17 17 17 18
29 21 28 21
15 3 15 2
27 21 27 22
13 16 13 17
23 12 22 12
17 28 18 28
27 25 28 25
13 1 13 2
34 12 33 12
32 2 31 2
3 9 3 8
10 14 10 15
14 16 13 16
17 18 18 18
16 28 16 27
22 4 21 4
9 8 10 8
29 27 29 26
16 5 15 5
30 3 31 3
27 22 26 22
31 2 30 2
31 11 31 10
5 28 6 28
28 17 27 17
13 0 13 1
34 16 33 16
7 1 7 2
25 0 25 1
28 21 27 21
24 7 23 7
9 31 9 32
25 1 25 2
25 9 25 8
13 18 14 18
14 15 13 15
23 25 23 26
2 34 2 33
27 26 26 26
6 0 6 1
2 33 1 33
32 8 31 8
19 18 19 19
21 12 21 13
23 9 23 10
19 1 19 2
21 13 21 14
14 31 14 30
27 23 27 22
26 24 27 24
19 27 19 28
19 6 18 6
8 12 9 12
21 24 21 23
34 7 34 8
31 8 30 8
1 9 2 9
32 34 32 33
1 8 2 8
15 31 14 31
180
28 25 30 25
19 34 26 34
17 32 19 32
1 20 1 22
7 2 13 2
23 3 31 3
5 31 5 33
16 9 16 11
3 25 3 27
17 14 17 19
17 19 17 20
0 3 7 3
19 24 19 28
14 13 14 18
17 9 24 9
0 9 0 11
19 21 19 24
18 4 18 6
5 33 9 33
10 15 12 15
33 12 33 16
25 21 25 24
14 1 28 1
4 16 4 19
2 9 4 9
1 19 4 19
27 12 27 16
28 23 28 25
3 25 5 25
17 14 21 14
19 32 19 34
19 21 25 21
31 10 33 10
1 19 1 20
31 6 31 10
8 6 8 10
13 2 15 2
18 28 18 30
12 28 12 31
33 1 33 3
10 30 10 31
30 26 30 29
15 19 15 20
14 31 25 31
12 24 14 24
14 18 14 24
5 31 10 31
10 31 12 31
0 6 0 9
18 28 19 28
31 33 32 33
9 22 9 28
3 21 8 21
28 1 31 1
14 0 14 1
4 16 7 16
8 21 11 21
0 3 0 6
5 17 13 17
14 32 17 32
1 22 9 22
7 2 7 3
23 3 23 4
30 19 30 25
26 22 27 22
23 24 23 26
1 11 1 15
14 24 19 24
15 15 15 19
32 16 33 16
15 9 15 12
18 26 18 28
3 4 6 4
14 31 14 32
31 1 31 3
10 18 14 18
13 28 18 28
18 30 31 30
5 25 5 29
31 3 31 6
33 5 33 10
12 28 13 28
2 13 14 13
8 10 8 11
1 15 10 15
23 26 26 26
18 18 18 21
3 20 3 21
19 2 19 4
9 28 12 28
28 12 33 12
20 24 23 24
5 12 9 12
11 21 11 27
34 9 34 21
25 8 25 18
11 27 12 27
0 27 3 27
22 12 22 18
4 10 8 10
26 20 26 22
15 20 17 20
31 26 31 30
15 2 15 5
12 27 16 27
30 4 30 5
26 22 26 26
17 13 17 14
17 9 17 13
2 8 3 8
14 13 17 13
15 5 17 5
26 26 29 26
1 33 5 33
10 27 11 27
30 26 31 26
30 5 30 8
31 30 34 30
32 14 32 16
21 8 23 8
4 9 4 10
25 18 27 18
33 10 33 12
5 11 5 12
13 16 13 17
13 1 14 1
3 10 4 10
24 18 25 18
27 21 27 22
9 4 11 4
5 34 7 34
28 12 28 23
15 9 16 9
9 4 9 9
23 8 25 8
0 0 5 0
5 0 10 0
0 9 2 9
3 20 5 20
1 28 4 28
6 4 9 4
1 10 1 11
13 15 13 16
32 33 34 33
24 20 26 20
21 4 21 6
25 4 25 8
15 6 18 6
21 11 21 14
34 21 34 28
3 34 5 34
21 6 21 8
30 25 30 26
3 4 3 8
12 15 13 15
27 17 27 18
19 2 25 2
25 4 30 4
27 12 28 12
4 12 5 12
18 4 19 4
34 8 34 9
15 6 15 9
9 9 15 9
0 16 4 16
12 31 14 31
24 16 24 18
24 18 24 20
1 11 5 11
9 9 9 12
25 2 30 2
6 28 6 30
5 29 5 31
5 17 5 20
6 30 7 30
18 18 22 18
13 1 13 2
19 4 21 4
22 18 24 18
1 28 1 31
