317
3 3 3 4
11 22 11 23
25 8 25 9
18 32 18 33
13 12 14 12
21 22 21 23
11 18 11 19
1 24 2 24
4 18 5 18
18 5 17 5
22 33 22 32
5 32 5 33
29 4 30 4
3 25 4 25
20 29 21 29
28 4 28 5
34 13 33 13
27 2 27 1
34 20 33 20
22 28 22 27
14 22 15 22
14 29 13 29
17 34 18 34
28 15 28 16
21 9 22 9
13 23 13 22
30 15 30 16
4 11 5 11
29 17 29 16
26 12 27 12
4 10 4 9
19 3 18 3
23 19 23 18
12 31 12 30
14 35 15 35
0 15 0 14
30 11 30 10
10 6 9 6
31 25 30 25
31 30 30 30
35 5 34 5
10 32 10 33
17 32 16 32
15 22 15 23
29 11 30 11
25 12 24 12
28 27 28 26
29 22 29 21
30 35 30 34
29 2 28 2
19 19 20 19
22 32 22 31
22 31 23 31
28 6 28 7
2 16 2 17
27 22 27 21
5 30 5 31
3 9 3 8
33 30 32 30
31 6 31 7
19 28 19 27
12 30 13 30
15 5 15 6
27 34 28 34
29 21 28 21
30 25 30 26
4 0 4 1
7 32 7 31
7 18 7 17
7 22 8 22
20 21 20 20
18 21 18 22
10 23 9 23
9 18 10 18
22 4 22 3
2 9 1 9
4 25 4 26
27 9 27 8
20 30 20 29
28 34 28 33
32 9 31 9
34 22 33 22
12 15 12 16
34 28 33 28
19 20 19 21
26 9 26 8
8 33 8 32
31 13 31 12
12 16 12 17
20 7 21 7
29 31 28 31
3 22 3 23
1 9 0 9
4 1 4 2
3 29 4 29
9 32 10 32
21 8 21 9
26 18 27 18
0 14 1 14
23 21 22 21
16 23 17 23
27 13 27 14
18 19 18 18
19 21 18 21
10 18 11 18
1 22 1 23
14 3 14 2
28 2 27 2
29 25 30 25
30 22 29 22
30 4 30 3
14 17 14 18
17 5 16 5
33 16 33 15
34 2 33 2
23 18 24 18
26 17 27 17
30 3 30 2
17 28 17 27
4 2 3 2
5 31 6 31
22 30 21 30
3 2 3 3
12 17 13 17
26 27 26 26
14 28 13 28
4 30 5 30
8 32 7 32
10 22 11 22
33 22 32 22
30 34 31 34
13 17 14 17
28 5 28 6
21 7 21 8
3 23 3 24
17 18 17 17
9 22 10 22
30 26 29 26
28 7 28 8
27 17 28 17
2 5 2 4
27 35 27 34
21 4 21 3
12 14 12 13
29 24 29 25
23 30 24 30
31 7 31 8
15 35 16 35
27 14 28 14
24 0 24 1
5 18 5 17
4 3 4 2
10 3 10 2
18 33 19 33
6 22 7 22
18 1 18 0
15 21 16 21
28 17 29 17
13 18 13 19
4 29 4 28
5 25 6 25
11 23 10 23
19 18 19 19
8 28 8 27
3 24 3 25
33 15 32 15
22 27 23 27
13 7 13 8
3 25 4 25
0 19 0 20
4 28 4 27
11 14 11 15
34 31 33 31
13 19 12 19
24 18 25 18
21 30 20 30
26 34 26 33
15 24 15 25
28 8 28 9
11 18 12 18
3 10 4 10
4 25 5 25
12 19 12 20
22 8 22 7
8 27 9 27
2 24 3 24
13 10 12 10
18 7 17 7
20 29 20 28
2 10 1 10
14 17 15 17
35 24 35 25
25 0 24 0
14 12 14 11
33 20 33 19
24 34 24 35
13 8 13 9
25 2 24 2
28 9 27 9
15 17 15 18
18 14 18 13
9 27 10 27
5 17 5 16
28 6 28 7
22 5 22 4
11 3 10 3
31 12 30 12
15 12 14 12
0 23 0 24
26 1 26 0
19 23 18 23
6 25 6 26
28 14 29 14
31 8 32 8
21 2 21 1
4 14 4 15
33 19 34 19
31 1 31 0
2 29 1 29
31 3 31 4
3 30 3 29
24 25 24 26
22 3 23 3
30 13 31 13
25 18 26 18
5 16 5 15
19 19 18 19
3 24 4 24
12 18 12 19
28 7 28 8
16 24 15 24
2 2 3 2
18 19 17 19
25 19 25 20
3 28 3 27
1 2 0 2
7 32 6 32
28 8 28 9
3 29 4 29
7 22 7 23
7 17 8 17
22 9 22 8
26 18 26 17
1 31 2 31
3 27 3 28
29 14 29 15
29 15 30 15
13 30 14 30
27 8 28 8
25 11 25 12
2 30 2 29
14 30 14 29
32 23 33 23
9 13 10 13
26 10 26 9
20 30 19 30
7 16 7 17
7 13 8 13
17 30 16 30
22 25 23 25
10 4 9 4
4 29 5 29
25 28 26 28
17 23 17 22
29 3 30 3
34 23 34 22
30 15 31 15
21 1 20 1
31 29 31 28
12 13 11 13
16 17 15 17
15 18 15 19
26 17 27 17
4 24 4 25
13 9 13 10
31 21 32 21
12 29 12 30
31 2 31 1
31 20 31 21
5 25 6 25
16 7 16 8
4 27 5 27
32 8 32 9
17 9 17 10
6 32 5 32
6 26 6 27
25 1 25 2
12 19 13 19
9 8 9 7
7 12 8 12
21 10 21 11
34 19 33 19
24 31 25 31
9 4 8 4
2 29 2 30
5 32 5 31
10 24 11 24
31 1 31 2
27 10 26 10
23 9 23 10
1 27 1 26
14 12 14 13
9 9 9 8
2 15 2 14
12 23 13 23
29 25 28 25
14 34 14 35
7 29 8 29
23 0 22 0
23 23 22 23
21 9 22 9
10 26 11 26
33 17 32 17
2 4 1 4
13 6 13 7
4 25 5 25
11 6 11 7
183
33 13 35 13
10 3 15 3
4 26 5 26
7 17 7 19
12 22 13 22
28 16 29 16
10 29 13 29
4 23 7 23
31 9 32 9
16 32 16 35
31 28 33 28
29 10 29 16
10 9 14 9
22 8 26 8
13 31 16 31
22 16 22 21
10 29 10 32
33 28 33 31
7 20 12 20
32 16 32 17
22 15 22 16
0 13 0 17
1 26 1 29
5 15 11 15
32 15 32 16
2 17 4 17
20 24 20 28
17 1 17 4
14 9 14 10
33 13 33 19
23 28 23 31
14 29 18 29
0 9 0 13
33 8 33 13
30 24 31 24
29 17 29 22
27 2 27 3
22 16 26 16
8 9 10 9
10 5 10 9
32 19 33 19
17 25 17 26
33 8 34 8
16 8 17 8
7 19 7 20
13 28 13 29
17 1 19 1
4 23 4 26
8 9 8 12
18 13 18 18
20 1 24 1
25 34 27 34
31 22 32 22
28 26 28 30
7 19 10 19
10 3 10 5
11 28 13 28
28 8 33 8
17 8 17 10
23 25 28 25
26 16 28 16
14 11 14 13
1 23 4 23
0 4 1 4
16 21 18 21
21 3 23 3
18 22 29 22
25 12 27 12
6 25 6 27
18 22 18 23
17 8 21 8
5 25 6 25
16 31 16 32
18 10 19 10
22 35 24 35
15 25 17 25
18 21 22 21
14 10 14 11
15 24 20 24
27 34 31 34
14 10 17 10
11 13 11 15
11 15 11 19
4 32 10 32
1 0 3 0
13 28 20 28
10 21 10 22
28 26 29 26
14 13 18 13
23 27 27 27
12 20 12 22
14 5 16 5
24 30 24 32
23 3 27 3
21 29 21 31
16 5 16 8
10 9 10 13
18 29 21 29
31 9 31 13
27 2 30 2
21 3 21 8
23 27 23 28
24 32 24 35
19 1 20 1
13 10 13 16
4 9 8 9
29 17 32 17
29 16 30 16
10 23 10 27
13 19 13 21
18 18 18 21
4 13 4 15
26 16 26 20
31 28 31 34
19 10 22 10
11 19 13 19
0 3 0 4
31 4 34 4
0 9 4 9
28 25 28 26
0 17 2 17
34 5 34 8
18 31 18 34
32 18 32 19
31 18 32 18
4 15 5 15
27 9 27 12
18 29 18 30
32 21 32 22
28 9 31 9
31 24 31 28
14 18 18 18
18 30 18 31
7 20 7 23
1 0 1 4
28 30 28 31
24 0 24 1
24 30 28 30
22 29 22 35
5 30 9 30
10 22 10 23
4 17 7 17
21 29 22 29
30 18 31 18
27 9 28 9
19 1 19 4
33 23 33 28
15 19 15 23
31 2 32 2
15 23 18 23
33 19 33 23
15 19 17 19
10 23 13 23
21 8 22 8
31 15 32 15
13 16 13 19
1 10 4 10
5 30 5 31
31 13 31 15
13 23 15 23
3 3 10 3
27 17 29 17
29 22 31 22
28 31 28 33
1 23 1 26
5 27 5 29
21 25 23 25
34 1 34 4
13 19 15 19
4 10 4 13
15 24 15 25
29 22 29 26
5 29 5 30
24 1 27 1
27 1 34 1
2 14 2 17
20 28 23 28
4 26 4 32
26 8 28 8
13 29 13 31
6 27 10 27
31 2 31 4
5 27 6 27
