26 2
20010000000020020100200000
00210100110100100000001202
00202001000111100000010201
00100022020010000000010002
00000000201100001002021002
21200010002010002001000000
00000000100000100000000010
00200010001000000010010200
00000000220022001020000020
20011000000000102100000101
01010221200000000202000220
00000020000100000100200000
10002020010010120020000020
22000002220001220200100000
00111200000010010000000100
01012000110000000000212200
10112200000200100110001000
02022002010001000000100200
11121000010202201022000000
20020200010002010210002000
00000001000020002200000010
00000000001001020000000002
02200002200000100020001000
20100000001000100200020101
02000000001022000001000200
00000122010110100002000200
