23 2
20000000022002000201010
02001000221210002011002
00001120000002101200000
02022100000002000020100
02021102002211200020001
00001220001210200000002
01111120212120020110001
12000201002202000000002
00000002101110202002101
10001100000000020100020
12011002010010000020100
12000121010020000020020
00002210120021010200002
00222011021001000000010
00002000000000100100120
02200000102000220000200
00000101010000100120102
01002000201111020000000
00021112001010200120000
00000000000201100000001
20001211000002012200120
10001200002202201120020
00120002001010102010000
