25 2
2000102000000021000010020
0022000021122000000201000
0100000200000001001002000
1000000210202202110110100
0010020022000202000000100
1110000010001102002000020
0020020012121000000100001
0100000000010020000012212
0000112000012220000001100
2020000011000012021220011
0000000000010020100110001
0000000000100000000100000
0200000000010200020200000
0002200100022100000200020
2010202100002000000110220
0010000020120011000200021
0201002000000200001000010
0202020000020000202100000
0002100020110000000000012
0000212020112100210010000
0022010012000000000001000
0000100000001011010212022
2000000210002000002020010
1000100001001010020002000
2011002021112010000020100
