23 2
10001020200000010000000
00010201010221012200001
10022100220000221012001
10012001121000022000020
00022000220210202000001
00120012212002020000011
20100020200000000000000
22010120200100010001000
00010001022210010000021
10002100010002012200200
11200120002200002000100
00000120210000000200012
10012001000000010020020
00001020000010001020000
02000100011011201000122
00201220001000002010022
00002010202012010001101
00100200000010100212200
12000022200000000100011
02000102010110002001000
00020002000001200001010
02222001110001000002102
12010100202011020010101
