26 2
01000021011000000001000000
00011010001000002022002010
10202002100000000001002000
01220011000002002101222000
12120000010200000000000100
02002010020001010000102002
00010001000100000001000001
00220001020000202010010102
20200100001100211200000000
20001010100000000021000020
00200000000200002000000012
00001100000000000202000200
00021100001101012000000202
00000000020202212100000100
01000000221001222011020100
00000200000200002000001010
02020020000100000000000010
00200002000000212000000100
00000020200120200100000020
00000020000200002010022000
12022021200000120210001000
00000000111201002001100000
02000010000010000002000001
00010200110200012010000001
00000100022120002200010000
11000002000211000100000010
