24 2
000200020020000000011020
222000112100010101002022
000112000010200000002020
110200000000000002202000
002000000100000222122002
000012020001220100010100
200001201101020100001000
011001000201211122020100
201012000220000000002020
012001020100110000000102
101020002000200010000000
210002000022201100000000
001121120200000020100002
102021020001201010000000
100001110000002001020100
110200001000201220001000
201200020000020200000000
001021201000120011100201
000010010200110200000200
200020020000200010022000
000000001100110002000012
101121000200000002000100
000000000100120202202000
010000010010101000002020
