26 2
02010020002102000002010212
01000000022000201102010001
00001000200100021000200121
12000200010020100200010200
00000010200001100100001020
00002020000000002000101000
02000010000110200210020000
00010000100010001022021010
01200020001020001000021212
00000000000101000010021110
00002000220100212210100000
02010000000202000000000100
00210002010202100000100100
00000220100020200000100000
10001000212001000022000000
01200010000002000100201100
00000000220020020001000000
00201012002000100002022201
10022102000201000120000002
20120001000101000000002000
00000000100200000200022000
01000010001002020110000020
00110002000000100000000020
00200000000200100210102002
00000021000000000000020010
01000010020000000010001100
