25 2
2000100001202010002120020
2010000000001100210011220
0110210000000002200002000
0002110021000200010020000
2000000002100111000000200
2200102010000100001000010
0020000010001100020000210
0100020000200010110202000
0001002020020000020101010
2011000021210012221200020
1000020100010100000000000
2102020210200220000010100
0001020102000000020000021
1000010010120010102000122
0200000000010000220100201
0000012000000000000010010
0220000122000000100001100
0002000000000000202000202
0212002102100000200000200
0000101000200000020000000
1000001200200000002010022
0000012010000010002210000
0200000102021001202001000
0000010000200012002000010
1001020110001020101021010
