24 2
002001000001022002100000
200002020220000000000100
000101000102000020022010
000000210000100020000200
101000000000010002021000
211200000101000220202000
220112200100102200011200
000001010100010010020022
002121010002102100012000
001021002200000000210110
000010100220012000002102
022000011002000102020010
120001010001010100002000
101000020010201002001102
010001110010000012010010
122011010000210010100200
200121000102002000010100
000120100221120120000100
100100000000200000020201
200002002220002100000020
010000000010000000011022
002002100000002200220020
000200100000200002100200
100200020000102000100200
