26 2
00220000000200011000020100
00201202000200121010000100
00012022100110000000000120
00000020200110001200200200
00000020022202002001020000
00011000002000000010000010
00001000000202001000200000
00012112212100000101000100
00012202000000000022000000
00000010000021011001200000
01200010010001000000001000
11010022100220010002001000
00112100100002021000000010
00000000000200100100100000
00000000000000022000020002
00200000020000000022000100
00000000000011002020011000
22000200011220002000020021
10201110000020001100000000
00020202000000100000200000
21210000200000011012010002
11020002001010000200211000
00000000002010020010000201
11000210001000001020010120
00001000020020000022000002
22000012102100001220000100
