26 2
00001110020020020010002100
00002021000011000001000201
11000000100000000020000022
02200100002110000000000000
01200020020120021010011000
00000002000200010200100000
20000010210220100000000110
01000010000200202000212100
00000020100211000022000100
00002121000002002200012100
12001001001110101000000000
00000200000000002012020202
11000000000020002000002001
01020000020001000202010201
00002011002012000000000220
00202001000001100100020000
02000020100000100000000220
02000000110100200000121110
00110011000202000120002000
00000200000000000000001200
00002000000001000020100200
00000021000200200100002020
10221000002000100222010000
00100010000002202002120000
00100000010020110000200020
10000012000010010000101200
