26 2
10001021000020200000010210
00100002002001000112001000
20010010000000102000021022
00100000020012110002000212
00002000100012210020000020
01000020000000202000000010
10020200000000000012000002
10000220002000010101000200
00000210000000100012000110
01200000202000000022021010
01111000101000000000100000
00001010001000001100120200
00100000020200000210000221
00000002010200010000010020
00001000010000001020200200
01000020100200200001001000
00020002000111021010000001
00010000011022002001000120
00202020220000001020100000
00201200200020000000001000
02010200000021110011000022
00002102000010020000000000
00022222100101010002000000
22200000200020010000020120
00000101000010100000010000
00000002000000120002002120
