26 2
00000000022000000000101010
00010020022020000020010000
01012001000202211000002102
02020000000120002110020000
00101000010100100000000011
20001000200020011000000000
20212000122000000100102000
00110002000000010000002000
02000000000202000100100010
00010112000022002000002000
01020020000000100202001111
10000020220002002000010000
00000010000220002200001102
10000002000010000100002010
02010100002200100002001000
00010000120010010010000001
00222001200000001001101000
02100002110000022010020102
20200010000100100000100000
00000000020002000000022021
00000010001200000112102101
00200000010000000002020000
00200102000000001220010001
00200200001000000002000002
00001022002022102010120021
02000200100012000010100010
