22 2
1000101001000010010100
0200201212220020001200
0010010000000000022100
2021020222000002202001
0100210000000100100010
0100100211001001002002
0100000000000102022220
2021020022020002010001
2200102212000000000210
0000001001001001001011
0120210200101022210001
1001002002021010022210
2200200210100102012000
2201201010102011010100
0002100011000201002000
0100100002101000022022
0020202001001002001200
0011210122002220222100
0021100000200101001000
1010000000102100102002
0220001221101202010102
2100001000200101000002
