23 2
00200000020001002000000
00020102201100000200012
02010210000200002001000
02101011001201200100000
20000220220102000000102
02102101010220210020000
00002020100102002000020
20000011012011210002002
01120020000112111000001
00100222200000020000200
00000012121100211000211
00000010012122100002010
22002000100001001011012
00000102000200002000110
00020011000011010001000
22101020000211001000100
21020020201010010201202
02202000002210010021100
00010000120002200000200
10002100000020120002001
00000211001200022100102
00001000100121022001200
20010100000000000002002
