22 2
0002020200010100000100
0000111002220000121000
0022220011110200020010
1211000010000002020000
0020000000000010012000
1022120010000121000100
2200000200011020000200
1100002010101010110100
1020112000200000220000
2120000002002100000012
1220001212000122000102
0101102101222000000202
0122010002000101010001
2220020100210101202100
1210000000020010221202
0000020002020002220000
2000020010001000100210
1000000011000001211022
0111121210122000211101
0211000010120200020001
0222011210020010020000
1102020000202002200010
