29 3
31000010002233000020020000003
00200010022000001003000100020
30013310001000101023032000000
00000203203000030000011002001
02013000010303303013102000000
00000200103003201002232023000
00001002100120001000220000100
00200000001010000010330013312
00020030010103200001023120031
00000000111010002000010002003
00000000002212002010000003000
01100200003020010032000010002
00203002003111203010000330303
00031311000000003010012000202
00220011010330001120220100002
00001000010010200000300300230
00021000300030213001103003020
00020000000003000300010301000
00001000000001010131021000010
00000000031000000000000301000
00002023300300100000022030200
00130030020000300020100102020
10300220030223100203002100300
00002000000000200000303002320
00300102200000010320010003020
30210200000020003312001012010
01230310200000000000301000110
03303232030000003202213003202
30003320300310003030002000020
