24 3
330000003300202111311100
101103003200201013000322
000010100100000020230000
003100311003002030200300
300001302320010030300230
100113133210001023010330
300003013102221010201102
203220010020010002302313
121221322103213101030000
001000200023112311031320
011301000300100323200002
000102302002202013203303
203003032002230011111221
001002100300311003010002
000201031010232211020222
302001002101023202100210
300013123003010200000120
303010330030023011000202
230003010100001000001030
230202010302000013133003
302222000131012310012000
000332333322320000233311
002000302203212302002012
000020030120200000003031
