25 3
0303311302211202230300001
1110000001003203010000201
2000202002021233020012003
3000031302130200200003300
0000030302100022000000000
2022103300021023030213302
0210300300000020120000312
0033101032003203000100001
0210300020000233021300000
0010000100033000000200012
3221000120301000000000003
3230011200020013130000010
3110312031000000001220202
0200302321002021010212310
2001320320100000223130003
1013232100000001000103303
0101300301201333211100121
1022001323103021003010000
0310200013002202000303201
0030300331003020300310020
0031200201020000200010220
0020010000220310330100232
1322100030120000100010131
0003010100000300330100011
0231012120321033322311020
