29 3
00000010000030223030200030000
03000111000003000001302210000
01030122030301330310010000000
00000000000000002000033011201
00220000103103020000300000011
00310002000300001000023012201
33030013010000300000110200000
10111000333000033000020020100
01000201000200000000101000220
02302010020220110300000000001
10031000000202100000020000030
00000003200000011020010322032
13100200303001020200110100001
20000300020020000002002000330
03000030303202103313330212003
02000330220001300030003220010
00000000031020010101030103000
03000300230000202003200020001
10020010200300300100003002030
20001303300120002022020322002
10000000030020130013330212000
30002000002000020002000000001
02000100000000030200310000000
01110001000320200002120000020
00211230000002210301000020100
20000020000010010003103200031
00000000231300100212000003000
10002100033000000202101030000
10000100100013000330032030003
