24 3
310103222001120003301010
001333322300012311202001
311103000000103020000020
000100330020200300200010
003000213112031313332013
320000000002102310010000
001013001010011000221031
301323202320120030220310
133030202013331020003031
031210000300001200000330
101020333223101023101100
001020000200200000021020
010100312021020300003003
003200210002302101121010
300102011110322103232003
001331023033233020002030
000100032002302013103020
000020100123000030210122
030002232033300013033110
221001020200100010223120
222020330230211000220320
100330220002003001000130
130020202302100012101102
023033000300030202101100
