24 3
323220001013001203000223
230000200030300120002030
321203103313000010003121
200003312330200300000030
300003020221331203302003
321320002302030100030210
001120002310101002330020
003123132022013012330101
300000302010003032030031
100200300200101211003320
020000112303232022001000
003001002000331131031002
201000020110021300120032
011210011301002000302101
203200000111210230033020
000300010301300010130301
110022103001030031001102
213100001032033023330033
002001320102101020201032
101112200300011000220211
300021010303323110200023
020001000001202220220020
100020013022000200303001
220030110030202300101203
