25 3
0003013003101200200000023
0010003003130313100330001
2330000100320022020320023
0102001303010120300000003
3002000000020030003000120
3000303200011300321002310
0202020030300212120000000
0020002011020020010030003
0201100000003201130003013
0300320230101302000022000
0020010000010103100013200
2101002131022100100011000
1000002100020000300203030
2100333012120310133032000
2100200332300313200300020
0000233311020110333310100
1020033011001322331000003
2000022020000111221321030
3132000030001123120102203
3000022201201001010020301
2001000210010302300100200
3003120022030020103110211
0012000130322031121003003
0001200202301203013012201
0030003000100223302120022
