28 3
0000200000000031222010002201
0130220000300200120000000030
0130012220000012302031000000
3211201000100000020010002220
0000302300010010113000002003
0300200000220032000100000010
0000002000100000010022100030
0022030103020003003230020100
2300230002000103110200300203
0303020022003000020000200003
0000000310000001203001003000
0000232000001303000120000003
0003330000000000003030010111
1001013320023201000300023000
2101000003000010032000111000
0201001330232000000003013010
0200000020210001333000000013
3003000200010000100000300200
3031200000002030010333012030
3030000001200000130200100000
0002000010000103330300002110
2010320123000032300312202010
1300200003020001210332000011
3031230012000320003212000120
0030010301020012000100000323
0101200002001201000203000103
2013201103101101000200000300
2300000100002320001001000113
