28 3
0301300001012002030001200002
0102013013010020022111003220
2000300000330031000210010003
0012000000020100330000301000
0030000000002003000301310203
0013000001120020000000000032
1000033200000120000030020202
0000013011101000000203000023
0300200003330001001010000100
1101003301300210320012100012
2002002120000300100131023000
0001003020030200030000110033
1121012013000230300033000201
0100000000003020010221001013
1100010030300010020000000000
1020020000100000000332130000
0333002000111020300120300200
2220003000300021002000321000
1020000001100302030300310001
0000230020300001021030120033
0000002003011000000020000002
0303030202000000000002003130
2020000020000300002330220010
0032000303110010000000003223
1220100021100300200202030003
0133030000200310013100202231
3020000003200000221300000200
0200003002101000020032000021
