24 3
031220010000011021232010
103231100100222200000302
120201333330000012000020
133221302100223000020010
001033100033323302011033
300000012200130320321022
000021330021000010231010
013000003210032300301303
000000032330001330330232
300003200100300220030020
210002202200310310000113
000222001031031003012000
322132001102201301230032
300322121000000300001310
100000100100312120003001
200211120010002310302100
000012010030200001130002
220200132002221003232000
010003001230130003033030
102002030020201120033011
020301012000000100000110
330030211033111330323020
000200012201211012302203
310021013030002102011313
