25 3
1002030031030332021000320
0021001100202121031130002
2011330200110031003023300
0000300001002000021000103
0020033112000231300330010
1120022200002012301002000
1010000132201101000301300
3000310201001002300220203
0303300121301001020200202
3310213212000301200000000
3122220300230011110002000
2020030023000233010000200
0120010010000033012000000
1200300101002230001033303
2022000000202333210021000
2030201100011200230301001
2000300100003003300010300
1222312010300002030000000
3023020000223211012333013
0100300031301030230031000
0210000031030023000113000
0110303100300302002000203
0200112130010202022033011
1000023112001003120302201
0300303203000210220003001
