25 3
1331003020131030103020033
2030310030030030000110101
0022021001203000002323032
3111103000000002021203130
1103000202000233021001023
0000100030002232103200023
3000100332011100010010001
0003300033031230021112222
0003310002003000200220220
0220100302032110332200313
2002023030021213011103020
2100031000030001020000000
1010030003100020001013000
2020001210000002310201102
0030000030210200003001021
0020010302300033120230130
0032000212001000001220103
0000030203331300330322010
3300320323230300030300000
0100120010021130230010002
0003000300111220000001201
3300200000203211212101010
0100011211301000002100000
2332130100000001303210020
1030000022301000202220200
