26 3
00031000000000013100022030
30123300213000000020120023
02020000010113001000300213
00032203010013012100320102
21100113231000013300303102
00000231020003020200010030
00030300300020010100121203
01003010020300001020232003
00331000200030033100210033
10000220330020200300003010
11000312213021212002300300
00330013001022103000000100
20203202030103010002000021
22001013020003100001003233
00000200002203102200000030
12100321300131000210010200
02002100020000013011003020
01001110301200000000131000
20002000330003002302200000
03300300000032002001011032
03003200130020201202030002
00113103000300022003020310
00020000030003102020012300
31032200131003032010021300
30201120002010300100211000
01200031030122020301000010
