24 3
010023300100320300200100
010012000011103000002013
300022300012233200033100
030213000103022020333013
331301201000110030002310
030000010122100020020000
301203211020100113000013
030000300000002002202002
200100001202110001322001
020033302011232102300203
200000102000022100021300
030020003213110110002230
220030103120013000323032
000021123310130230202013
220030213003101101310010
002021000132202233200123
321020203030022003100311
021012033000011012030000
030210003103230311301311
000100000313010302000233
202020012323022100320123
022000001310000030201031
003000000032333203033221
101010133020112103000102
