24 3
000101022003001231133002
032001003103200100303300
222021123001010200000203
330310012020001330030010
020000103100200000203230
011003303002302103330200
030010000000302013023112
030203132023113030102000
031001313020100110030021
301033202303002000000100
300100002003112103030230
123030000300013200200330
023110001303200201003310
202020001302103020002011
000000201000120203021030
221103120030102200230212
220202220003221220102313
202221000012003120331001
021303030000030011100102
131201132000301000102010
201120000201321022031000
130002031101203002303013
320001300200020000033030
301101203131202121030201
