28 3
0022002201000020100002300002
0120003000000000030200020300
0002021010000300030232010032
0110020101030320000000310003
0100001213201010200001100000
0300000110302210001020210003
3000000031002301000002300003
0101200300110020002102001000
0003000021310200222113001003
0003100300000110002300001201
2120003020000130310033301300
1202000021212000003030000010
3020101200010000022003000020
0110100000210030013100300300
0220000300230011021202000320
0000200000113020000000001020
0203000000003100312220000002
0003100333020000000101100000
0002032000032031032030103022
0130000100201300030010200202
2200100031002103030000301301
1000133303331002132103030121
0301020000030100003020013000
0020000000020002000030103002
0101000003210002100300000203
0000300003002300030230100002
0000022000202000000110200000
0300300003030030003003000310
