28 3
0020002000001000001300000003
0000001001003000031000200002
0020310203122320010200130132
1010312110000200303000320200
2030200320030030100030000013
1000301011000300301002010003
0003002200000002101120001000
0020013002000000102030010000
2000200200210000003023100010
2010000000302102101332000312
2203010010000030022303300200
0202000303010001231100010001
2001030210020000031000032000
3032000300100000200020302000
0003000200030000000201132100
0100203010320000000000000310
0133000301002003020000000000
0013300021000300011002331000
0200001300011023002020232000
0303100030131000301010000102
0010000001200000002001003002
0101012033002130020000203010
1230231023203200000202300021
0010000302000210200002103000
2000020000100002310010302010
3312020330000100022020000000
0000010301012002223301030031
0000013033300003031100030000
