28 5
1012303045150503504030105134
1114350053021350055050140150
2003430345003022000004502105
0005043405055005533400105040
3030203222040030042035520042
3203100450000150503003520111
1130404111202010000533030550
0405045015304142001010300520
1003052542400001130223533000
3152300250530320200122351103
0450124544322500104401011013
5555110030040430002523430033
5453035400002155255550201540
0422333205214501234510204024
3202003243200542210511100040
3030410000002023212242050334
3303013203500152242100400204
0405052111424140100002034002
0355000003311522004422400020
4505023001354025230325040320
0221414210541020001405440200
0430203355112523010033250340
0005320004440411040050200520
4220005514344124000304041310
0130244010102445100110300030
4340105053010020345444025154
0322410001114104210500500031
0015013401442513004513420230
