24 5
542245011351150345253154
222431333500054455131305
242331521543125230350435
114042425432325052334211
411334311324042040402441
352423045444050442113430
201314420101515333512434
252103314104134301000421
222105355535310501432515
515414555433423335150453
125434555450125421522215
344312224010351314222515
440153145400420131253555
230524101332223321245455
252224042144141220120013
205053253353341303515434
215000335250211212253104
225153425551450110213211
144142242332540231253040
003334101332404112143014
240100451334333453232104
335234145015245135455535
422442220520135015531142
430115050201142023024134
