28 5
4301305253000123414103032410
0530430400002211500410504123
5340020410010534403054045022
4025310320020540250500522005
3304015421523011131053205054
0051103030203550521301205401
0430533334243250010502405043
5330004051010220351002020002
3202425010004104500130002323
5053002050035003400530522052
0401500053305300000511142514
0000210101031142304401430222
0040450011240401010133002305
2334330430020005011550525004
0001355023035333502431500042
4100241050012050410042034204
0411024040504101500001034042
5021400230024042020202245450
0014521411430420202003110100
0144101505103230000400415451
3023515143514035242153004103
3004305514302042105324000025
5033201101202533400005053050
3013000040244204210322202304
0552100244421023331300500005
3045454050112350502301024400
0501055000402310554100402402
1300020540033501014103001210
