24 5
351130142121033251054105
223251152333324214535130
221324233251354141441300
145525404454140101344355
352404454541153440053500
514202034125202431205052
424541421255124305030050
103322021254121415405541
322150030433223515551012
120242521115322424523512
152315325244530022242230
540254110314434205023514
341023340242034441043125
353240105541402321445222
350553433510325511511454
320131421511152511231135
324102545453233455542303
200350041234541222545321
344551120554354041532541
053322041353041214451524
135040534331025204315312
331111523143211253451104
404100153202233333414333
413002124354430450233300
