24 5
311402232250214554521351
343555433114343333130542
322325110553144032534520
512541214443104232041221
444530510454133441315354
322512421332234542522252
423042050142350321201235
140321315552453221551354
250103031332141420340153
032104302350523123420015
051550410454503122355121
311254343252423200444033
501120542143504115000525
142501404254510214514202
040433201011154022142300
253051113315410023332252
213153410105554243444135
415244213044105325244154
041355550155223143103513
101350314203242114221340
115523452204431305354514
325132543141444201435530
353342102240524205340132
204321150550452513433315
