24 5
505240331551335010321413
453142342342120551401115
424245145255345503024555
353201515534423111521003
202151504432023451222142
512104141431011441410455
231432454014233300201430
313254434053323343424021
243022055314244252031224
151524324542440343140345
315531405040524143323440
111151212213544401102102
253052353151555213323101
212411030325452110132222
555253354445110131421151
334543521303412323334014
521342055500431101032255
531052325125302351532442
244341400402523252500205
450355402205154055154314
335332334434541350120133
214312354044002111514255
002133254003323545402102
210414143533020552423220
