25 5
2341331454413052235251052
4503325030405530104341140
5543002115135404523100001
4525513142015143022115333
1305125140412512140153453
3314352301300232404331032
3432305332452410115004554
0223102201053155120224304
2303410015330244552212121
5234502230010411102321004
2140402515004405535101305
2421200042515430125505540
1330240404030033244314020
5500040151514150502155142
1400321025050233042300354
2504333452154140425523315
2214210501133314121202124
2301454101341513414244522
3212012052433133013425252
4053400501422414430045254
0000542003215234042453344
3203424212123544243000251
5231055405120201313143155
2454154305010500230035413
1343520350005542305135432
