28 5
0005540100323421102301310353
5030020335230410312530034202
0204311212254300041140130302
2140423000504402004312010402
3354051100445021042344502214
0511000311540550232521145500
2051040402000030131053500500
0052401302234543550503041250
5013003215402224250243015301
0502342002332054153200003010
0101521010510552300200245001
1221400420553305015300034000
0020151420010230402012100514
0430030055004053420000050220
0033340340013302512024500433
3001001250100000003011420210
0100025003233205312043103304
1504454224300404100140335005
5400505504040423234405523000
0310024044303112135253130151
0441531434400054405500542045
0024025042050120340001051140
4101303004203050023513235404
5000000042132021130400203511
0130520404424254040002211000
2000052555400001332504315051
3000001210305005150445000000
3030355200030424022110554411
