25 5
3552104443145002300525011
3300231102521120410051505
1253334432200251224303115
1033135503540300334042025
5250425151445000530404130
0142504555410332422221243
0153142251245220310411501
3352044044132013555422152
3240422140544020114202043
3351232101120541132513110
4453053130442025315014413
3222414052504354254220030
1103552510515543452012300
0012014241555022251520434
3412222113440042405131330
5443115433400144300052214
4041024520334053121024313
1452345521102350355213504
4003202301534004052101132
4300030003443554505504432
0505031030310003211144303
0403152122153034452434503
0031525525105324023044032
0121352524412315041011532
5325315143532034021451354
