29 5
25550004203030200444200004420
02420400544010312015120200122
41500254410420033300030511230
50400320000030554503123315000
04004200502200300005030000023
42032031120153030144504433301
30401101000524043540000025301
01500230434045153040100122330
13400310010330000503420522320
50052040000205534010240011403
00100024000023111551540154104
00004520030430240053422405351
50000240504144325513153143450
42000000040404103341504010325
25055010200015540040223050501
44200020305300001340202100000
03432300012002200030120113403
02300520314020030005251005011
23001150030400030034420005550
55300105540001300312010320020
33421301220550130520002150000
03010402445500503401150341102
13050224110520201300000500000
05023414004010455200000034044
02502201511303410120152521403
41000444322505141550400043253
04015050500530012341500535020
42101021000051000220035402530
13020241005130035300304310024
