28 5
0310540551533321005032450103
2305211104152240040214104345
0443500220021332500230330003
0200523004353000430401204202
0500005405012020110300405415
1303011200105453304243452020
3353010052325030500050004534
0020104050234352521001140140
0015255500300005004531541104
5200445335445000231024220052
1240032020132521012150343515
1123040505010230305120302011
4000551344230133020254402044
1011150130034304252000034050
0454411341403022431000300321
2040044233435500404023502005
1500453211103522002220041430
0530500404343050100450303022
5430432413101322404233534305
1404040415440015002550551030
0421033210030004042500105100
2005120035034012405512003430
0020510025300410030000032000
2042152220500030010010123034
0100304000450020111150542355
1404104401005141530102550232
0000021040054200000020100501
0022433021350005211010040105
