25 5
0100402232525114001155153
4111055441301311454454512
3325452102101145000153501
4323302133250110030300003
2511152432032402301420212
5415405342234024541334414
0501542041245154143043352
4353125013122552103040552
2510053013102504101343450
3003510041225424130120500
2001342445130445335215352
0214100500255124335554000
0241542414545151520001340
0221022423534514501240532
4133433521442521302535434
1012513311303322023423224
1150033455223125332504425
4324525002232335503000412
3335053340052135005010140
4011444354403422250203151
0444131125004241323540131
2524135112323005415503442
2500040354504250051524342
0521014320300243410153111
0533300402243041520330202
