29 5
35503500040100450524100400100
14200042004150014440014540504
45031005525330520023005014420
50234120313002200151100220542
20002523350051320003041000205
50004403205020054352000300300
10202042101500433040013403402
11420521410040010051040005000
01500003004005020200050302000
20050323055003024010000003011
30004244300100423005040504500
33211351405012223105043124002
00000340400210140125344540530
02330401334501504012003323034
20340030342320434403455123140
30401100300102210423000020050
05353323351003230004040002010
31500042100342505035530300450
13545234402501300001200341245
20300002221515050051350342552
05002230025023024030420304004
30000524000215002500000042110
10110300041000014405240225023
41500035001523050154210502351
04002030012400550351553300014
14110050102000454112530225104
04000401033033020000010114230
00520521100011030200444510540
30121051150001001450513134320
