25 5
1125055544212344524545112
3405101052402500530513002
2522333034542313424152020
5151131105121532422220345
5402041504212405554454004
4144055132541411003530031
2500350311000503123323250
0155544221115543214141230
0030120054423515020100302
4504042101120255401054354
3433233233541344421400044
4112304315441543313321134
2400050111225545103030400
2220032400311405402234433
3212243325112223033502125
0522120403445550435533220
4301311223220533520541025
4001211424441020053335512
1034222331120350504525004
0530332220041530444555342
5300504241013314335542443
3341133301000523134015052
4525111505015524442105203
1015415321105550001030422
1442002313404501031130313
