29 5
20312551000144221125500551500
05542505130004530503010214505
01420150254400001002224311550
10402500510240114450000033030
00045430353140202335125310400
00514220250100035003115132305
11033003002031433402210000402
40403202511020405055234030445
05500244003152323151050133000
10103003204015005323025020334
53000003310444310002052203331
02201202252200121252105005423
10420000232035500500402224543
00400520050520000200055404420
04004144402304503000100042024
11440032133453000003032255214
03004121052032405553030101004
00354430340514013030050424005
00205031000005030002031304100
04135211404205020001040020001
40000034050204205222200041002
12311500001053041200512450502
30400101000400400020055533000
40435101000010312340004101000
03511220000030200035354000100
44140125100040300120520311000
40104200041305002405040551300
10405330040403350010030005114
40002310501000430350333404302
