29 5
14203505503043020045502042305
10042005210042550005000145043
02020010451040204431205010352
41325003000005000050104230011
12004330010101403200022240215
32400300003000051000300034000
31405040104023502200005312210
33505155124052501030243350341
04240104030422055003520001002
04000110510150010205052315032
02040411323042303300200403013
41020301045200013405100030105
24100035114014550320032230310
21400002000304124050200500042
20000150120420511500005303312
03034240025233155054404100202
03102004532203044005025040353
05005012344000055001001002250
30020054113043053150310200004
00000402400503053520104041040
04320154041202330211032030210
00503232134403153034413010305
01004041350505113205000054040
20514124014200351041555200050
03010235203400440154234151000
12050004020210040031541345554
44444502030350000420125303003
05004512231432510300000102540
51223000030013010050004000400
