28 5
2510154510004530054521300315
1234002003100101055000000404
0345020140302000005000300233
0054343004050300200142040020
0024004513001035542003415024
5005303020541310005015433105
0302020120412210231503005202
1002203001212422303524002204
1440114553501031050321505505
0400213001044111403354503510
4240003505114220211050223415
5010500000030105310403432300
5150402003042303505403112505
0203001414034124002250300400
5012035120300533300443042102
4550324300000224013450440251
0000423020505001240250010044
3402003505525450404330412052
5300200304200100120352300035
5123010210131340001001003033
2015112321013455200142414150
3202315305113454204442204400
0212530314302005354001341055
2005450031010033210310200341
0035020001241005325200421005
0024021202050545000510501450
4033155204404000144032344320
4030241030002130414521505043
