28 5
4331005240341402545000000434
4551050000130021015111005002
3110212100400245013400030423
0000304552405025203003201100
1445000000000001350025201053
2510053100253011004523040030
5104000404200204253130310301
2100311011151510242340105403
3233005412402250020445042020
0023430140041001440025130311
4030244050235532000510350430
0533022300100432054200010310
5020004501404230525005303240
2441041002200044021215230550
0432000310000033425250250113
0034143501530102021510415423
2055401040444300405500053354
0350224003002004552200415224
2021332001125204332025043511
1032013542034050115120400030
4150103453000501400241404053
0351132443022000044400403415
0555130302035130200030412000
1110550545310500220255003303
0050552143520443104030430031
5522024124023300141250312003
0020202500553010002304230420
0555130440513030114000102050
