25 5
3310103140240254054042231
5053201105100300203313332
5131342210200155445014003
4412113400123125500505410
4514113215005552240402252
0124510441243345205352452
5545305030041311425020024
4351300431405530134002452
0222110013532510003223151
1400503123141044410225415
0315323004010130013130531
3053310040123401514224535
0252122232035334003441131
0412022430131440144423200
2245204302230241552114311
2152301421152245030202425
3313325555504445412455322
1120352100455342052524303
3351110050430445531102054
1143130252143203003555423
3312431545050300551404500
2340355103022424525203040
5435454344334254532551521
2533421312503030113321514
5054304401044210120245244
