25 5
5335333125514534120204150
5325120351204454352433300
0104134403034304101405303
2210350444151030035214452
4541415530434315043455132
4101333110524505114035555
2214112004432225100442424
4142434512301015053433543
5135254001510142220342222
2300040155220215200155312
4155530553002213503103224
3322124155120014020201543
2420055331300244331202030
0551434513343520405505410
4415002402524134234030435
4005540141502551445014231
1145531152034234000033251
0322212255212035200500340
2213031243352330202132452
2110314510511101125323004
3141240225021123431550525
1044010010541210322504131
0450114000031525453334000
2405441031453242525004243
0540131035204012413233203
