25 5
3252110510550531513412212
4412325030053022013223123
2250004212340010004201305
4255151005502420000552002
5041413130403501105140050
5241201412125500354435540
2350223025503213332551022
0122053133242425425024144
0252212350442552451230432
4142400510513410103454353
4444005213301041015032254
4053110215001012244213433
0505512124240222134230350
1451343453122435443204150
4523504110324504011533412
4151023150025341425115241
5021044141424140540451443
3432035042021440543402015
3015050000133251411513123
4420331034050412110303033
0240310330400215131405531
4312351542355534420053503
3231534540255050413103521
3552041103304233231043042
1552453435350231422303030
