36
7 23 7 22
22 0 21 0
0 22 1 22
9 3 9 2
13 22 12 22
0 0 0 1
22 6 21 6
14 9 14 10
23 6 22 6
4 1 4 2
10 4 10 5
3 15 4 15
13 21 13 22
18 17 19 17
11 4 10 4
0 1 1 1
20 4 21 4
17 16 16 16
14 6 14 7
6 7 7 7
17 17 17 18
6 15 6 16
18 8 18 9
19 15 18 15
0 8 1 8
22 21 21 21
12 9 13 9
2 3 1 3
9 17 8 17
2 16 3 16
16 7 16 6
9 9 10 9
15 14 15 13
1 15 1 16
8 18 9 18
14 5 14 4
164
21 19 21 21
13 6 15 6
4 22 5 22
7 6 7 7
4 7 5 7
7 6 12 6
3 11 3 13
8 17 8 20
19 16 19 17
11 1 11 2
1 22 1 23
12 23 15 23
10 9 10 11
15 9 18 9
19 13 19 16
6 17 8 17
3 22 4 22
0 5 1 5
18 9 18 13
0 5 0 6
7 14 11 14
1 1 11 1
1 16 3 16
15 17 15 19
14 11 14 13
12 6 13 6
13 9 13 10
12 5 19 5
12 5 12 6
10 11 10 12
4 14 7 14
14 19 14 20
5 22 7 22
14 10 14 11
21 6 21 8
11 22 12 22
13 10 14 10
23 18 23 21
20 16 21 16
3 16 6 16
0 14 3 14
21 0 23 0
3 14 3 16
21 21 23 21
7 19 7 20
12 22 12 23
23 4 23 14
14 19 15 19
7 13 7 14
1 3 3 3
9 15 10 15
1 22 3 22
21 16 23 16
21 8 21 10
6 16 6 17
1 23 2 23
13 19 14 19
10 7 12 7
3 16 3 21
2 5 2 8
21 0 21 4
1 1 1 3
3 13 3 14
10 5 11 5
2 11 3 11
19 16 20 16
16 13 16 15
8 9 10 9
15 17 16 17
17 10 17 11
4 18 4 22
10 22 11 22
5 7 7 7
16 16 16 17
3 3 5 3
18 13 19 13
15 6 15 9
23 14 23 16
21 4 23 4
9 18 9 20
7 12 10 12
14 11 16 11
14 13 14 19
12 20 14 20
1 3 1 5
4 15 7 15
9 21 10 21
21 4 21 6
17 0 21 0
7 20 8 20
11 2 11 5
3 11 4 11
4 8 5 8
15 13 16 13
11 5 12 5
16 22 18 22
17 20 18 20
13 9 15 9
5 13 7 13
2 8 4 8
5 4 9 4
9 18 13 18
18 22 19 22
2 8 2 9
1 8 2 8
15 6 16 6
9 2 9 4
8 7 10 7
0 9 0 14
14 7 14 8
23 16 23 18
11 17 12 17
9 20 9 21
19 20 19 21
0 6 0 9
6 5 6 6
19 21 20 21
3 5 6 5
14 22 16 22
4 0 6 0
12 14 13 14
7 15 9 15
11 8 11 10
17 13 17 18
4 2 9 2
3 14 4 14
19 22 22 22
12 14 12 16
9 4 9 5
9 4 10 4
12 7 12 14
13 14 13 18
14 20 17 20
22 17 22 18
17 11 17 13
3 21 3 22
9 20 11 20
19 18 21 18
12 16 12 17
17 18 19 18
7 12 7 13
15 10 17 10
6 5 7 5
19 18 19 19
7 22 10 22
12 22 13 22
1 8 1 9
7 5 9 5
13 11 13 14
8 7 8 8
6 0 9 0
19 19 19 20
5 8 8 8
21 18 22 18
7 21 9 21
8 8 11 8
19 21 19 22
23 3 23 4
15 21 19 21
10 21 15 21
16 13 17 13
12 7 14 7
2 5 3 5
9 15 9 18
