310
19 5 20 5
1 11 0 11
32 23 32 22
15 23 15 22
0 18 1 18
19 8 19 9
27 23 26 23
19 2 19 3
0 13 1 13
22 1 23 1
14 14 14 15
15 21 16 21
36 6 36 7
36 4 35 4
34 28 33 28
34 36 35 36
33 28 32 28
36 7 37 7
22 2 22 1
17 35 17 34
11 10 11 9
11 37 12 37
15 34 15 33
8 3 9 3
9 27 10 27
31 20 32 20
34 38 34 37
24 21 24 20
1 21 1 22
24 29 24 28
32 24 31 24
27 10 28 10
1 13 2 13
6 26 6 27
3 1 4 1
26 28 26 29
27 0 27 1
14 15 14 16
3 15 3 16
23 1 23 2
4 6 3 6
26 29 27 29
6 2 6 3
20 27 21 27
5 3 5 4
18 25 18 24
24 23 24 22
24 22 24 21
13 25 13 26
35 29 35 30
9 2 8 2
6 27 7 27
12 33 13 33
14 9 14 8
7 33 6 33
7 9 6 9
27 38 27 37
27 20 27 19
37 14 36 14
33 22 33 23
6 9 6 10
9 3 9 2
6 22 6 21
15 7 15 8
4 21 4 22
31 36 32 36
10 27 10 26
7 8 7 7
15 38 15 37
15 27 15 28
22 36 21 36
28 19 28 20
9 2 9 1
13 26 13 27
25 8 25 9
1 34 0 34
11 15 12 15
15 6 15 7
4 20 4 21
21 10 21 11
27 24 27 25
28 10 28 11
22 16 23 16
4 10 4 11
36 8 37 8
2 36 2 35
21 38 21 37
21 8 20 8
4 21 3 21
3 30 4 30
33 11 33 10
29 7 30 7
22 38 22 37
15 33 16 33
12 3 12 4
16 5 16 4
6 20 7 20
13 33 13 34
29 35 30 35
25 9 25 10
35 28 34 28
25 10 25 11
7 4 7 5
37 24 36 24
35 30 36 30
22 21 22 22
12 34 12 33
36 35 36 34
4 1 4 2
26 23 26 22
19 9 19 10
27 7 27 6
0 14 0 15
20 1 19 1
25 21 25 22
23 10 24 10
31 31 30 31
27 9 28 9
35 27 35 26
6 21 5 21
7 17 7 16
26 22 26 21
6 3 7 3
30 6 30 5
19 3 19 4
25 14 25 13
14 16 13 16
20 0 20 1
2 13 3 13
18 24 18 23
16 1 17 1
6 28 5 28
32 25 32 24
1 20 1 21
21 25 21 24
18 29 18 28
13 21 13 22
17 1 17 0
17 20 16 20
14 8 14 7
30 27 31 27
2 6 2 5
33 32 32 32
17 31 16 31
2 28 3 28
23 8 22 8
18 23 18 22
12 15 13 15
35 22 34 22
5 4 5 5
13 15 14 15
33 10 33 9
33 25 32 25
7 3 7 4
32 31 31 31
34 22 34 23
22 8 22 9
27 37 26 37
23 35 23 36
2 35 2 34
4 2 5 2
19 19 19 18
1 5 1 4
26 21 27 21
8 19 9 19
5 17 6 17
28 11 28 12
18 2 17 2
37 12 37 13
25 11 24 11
36 32 36 33
5 2 5 3
0 15 1 15
20 1 20 2
36 30 37 30
25 26 25 25
15 7 16 7
5 36 5 37
7 7 7 6
20 2 19 2
33 23 33 24
2 11 3 11
35 36 36 36
34 23 34 24
32 25 32 26
1 6 0 6
31 9 30 9
31 24 31 25
33 24 33 25
13 16 12 16
1 15 2 15
0 4 0 3
0 28 1 28
2 31 3 31
19 4 18 4
6 10 6 11
6 18 5 18
17 4 17 3
5 3 6 3
19 2 18 2
18 32 17 32
36 34 35 34
10 13 9 13
21 11 20 11
23 23 24 23
2 14 2 13
6 3 7 3
1 28 1 29
25 5 26 5
34 15 35 15
25 22 26 22
7 6 8 6
2 34 2 33
18 31 18 30
1 29 2 29
21 12 22 12
15 35 15 34
11 19 11 18
21 1 21 2
29 11 28 11
32 22 31 22
3 36 2 36
8 6 9 6
20 8 20 7
24 11 23 11
29 34 30 34
36 33 37 33
34 24 34 25
5 26 6 26
32 26 31 26
22 9 22 10
6 38 6 37
1 18 1 17
24 21 25 21
6 8 5 8
29 0 29 1
2 29 3 29
1 4 1 3
22 10 22 11
28 27 28 28
6 26 5 26
10 24 11 24
27 34 27 35
9 6 10 6
28 17 27 17
6 11 6 12
31 35 31 34
7 3 8 3
9 1 10 1
8 3 9 3
6 12 5 12
10 6 11 6
5 12 4 12
12 29 12 30
14 36 13 36
35 32 36 32
2 36 2 35
9 3 10 3
35 14 34 14
4 12 3 12
19 26 18 26
3 33 4 33
35 34 34 34
3 29 4 29
13 22 12 22
15 19 15 18
5 38 6 38
17 0 16 0
27 6 27 5
1 33 1 34
10 4 11 4
38 23 37 23
0 38 1 38
6 38 7 38
0 37 0 36
33 25 32 25
17 8 16 8
23 2 22 2
18 0 17 0
19 33 19 32
33 13 33 12
4 9 5 9
5 5 5 6
28 16 29 16
36 36 36 37
35 33 35 32
11 6 11 7
4 29 5 29
15 37 16 37
28 33 28 34
20 7 19 7
4 3 3 3
19 36 19 37
2 1 3 1
7 24 8 24
1 38 1 37
13 23 14 23
9 25 9 24
28 15 28 16
3 38 3 37
28 20 28 21
28 26 28 27
5 29 5 30
38 8 38 7
5 35 4 35
17 36 17 35
5 30 5 31
1 36 1 35
5 8 5 7
32 27 32 26
189
17 27 17 32
19 32 19 35
3 4 7 4
9 19 10 19
1 34 5 34
24 10 24 12
28 21 28 23
22 35 25 35
32 30 37 30
36 28 36 29
1 34 1 35
7 34 7 36
3 21 5 21
7 27 11 27
5 7 5 9
1 31 1 34
24 20 24 23
2 15 14 15
19 0 19 1
5 18 5 21
7 36 7 38
12 33 12 37
3 12 3 13
35 23 35 24
27 33 27 35
1 21 3 21
13 35 17 35
12 33 16 33
14 15 14 17
25 35 26 35
35 26 37 26
19 1 19 7
17 35 17 38
5 34 7 34
10 33 12 33
36 3 36 10
7 4 9 4
37 30 37 33
17 32 19 32
27 1 29 1
4 31 5 31
30 31 30 33
21 21 21 24
16 38 17 38
32 29 32 30
9 26 10 26
12 16 12 22
1 17 2 17
16 17 18 17
35 24 36 24
13 27 17 27
35 32 35 37
10 1 10 3
34 34 34 37
10 1 19 1
32 24 35 24
31 31 31 34
36 10 36 14
9 9 9 10
30 9 33 9
32 16 32 20
26 26 31 26
35 24 35 26
27 5 27 11
20 19 23 19
27 29 27 33
1 31 3 31
24 26 24 28
10 38 16 38
2 13 2 15
17 27 18 27
24 26 26 26
29 16 32 16
24 23 28 23
1 14 1 17
22 1 27 1
19 32 21 32
30 36 32 36
37 7 38 7
1 10 9 10
6 24 6 33
1 37 3 37
9 4 9 9
19 1 22 1
32 30 32 32
11 7 14 7
2 13 3 13
14 7 14 15
4 33 6 33
36 3 38 3
32 38 35 38
27 1 27 4
3 37 5 37
26 26 26 33
3 21 3 28
3 28 3 31
23 38 32 38
3 3 10 3
32 28 32 29
32 20 32 24
11 4 12 4
14 17 16 17
28 9 28 11
31 27 31 31
19 7 19 10
30 7 30 9
12 4 16 4
19 10 24 10
18 2 18 4
17 38 23 38
6 33 10 33
28 16 29 16
24 23 24 24
5 9 9 9
35 37 35 38
36 14 36 24
22 35 22 37
26 33 26 35
22 11 23 11
12 22 14 22
16 7 19 7
15 22 18 22
9 18 9 19
2 17 3 17
28 12 28 16
31 25 31 26
24 12 28 12
6 17 9 17
37 26 37 30
24 24 26 24
23 24 24 24
1 10 1 14
37 10 37 13
17 0 19 0
32 32 35 32
8 38 10 38
23 16 23 19
31 25 32 25
11 27 13 27
3 4 3 6
23 19 27 19
28 9 30 9
16 19 16 20
21 24 23 24
16 31 16 33
27 35 30 35
26 24 32 24
23 11 23 16
14 7 16 7
20 28 24 28
31 26 31 27
9 17 9 18
26 37 34 37
7 38 8 38
26 35 26 37
34 25 34 28
10 35 10 38
27 33 30 33
32 32 32 36
2 33 4 33
16 19 20 19
9 4 11 4
27 19 29 19
34 28 36 28
27 11 28 11
2 17 2 20
6 17 6 24
16 4 18 4
27 19 27 21
9 9 11 9
20 19 20 28
32 25 34 25
15 20 15 22
14 22 15 22
30 35 30 36
3 17 6 17
25 21 27 21
10 16 12 16
4 31 4 33
1 3 3 3
0 3 1 3
10 19 10 26
15 20 16 20
17 35 19 35
30 5 30 7
0 6 3 6
10 16 10 19
18 28 20 28
13 34 13 35
