61
28 1 28 2
6 24 7 24
3 20 4 20
12 12 13 12
2 10 3 10
20 2 20 1
8 2 8 3
0 21 0 22
23 17 24 17
17 0 17 1
34 15 34 16
28 16 28 15
28 28 28 27
9 29 9 28
0 12 1 12
1 19 2 19
27 15 27 16
36 6 37 6
10 16 11 16
16 18 16 17
37 18 37 19
32 24 32 23
35 15 36 15
28 2 29 2
33 8 33 9
11 29 11 28
15 11 15 10
34 29 33 29
33 29 33 28
12 9 13 9
24 10 24 9
11 10 11 9
13 16 13 17
2 19 3 19
5 33 5 32
5 32 5 31
1 7 2 7
4 3 5 3
2 13 2 12
19 32 19 31
28 27 28 26
34 21 34 22
9 28 9 27
5 0 5 1
28 35 29 35
10 6 9 6
24 17 24 16
36 36 36 37
3 27 2 27
4 0 5 0
8 19 8 20
32 23 33 23
23 38 22 38
24 31 24 32
25 35 25 36
3 32 2 32
4 2 3 2
15 34 15 33
26 37 26 36
19 16 19 15
22 32 22 33
139
16 5 17 5
4 18 12 18
16 33 22 33
33 28 33 35
7 8 7 9
18 28 24 28
17 16 17 23
13 14 13 15
12 35 13 35
5 1 5 3
1 6 1 12
19 37 22 37
19 12 22 12
17 23 17 25
27 16 31 16
36 5 36 15
20 22 28 22
13 35 15 35
24 16 27 16
33 37 34 37
2 32 13 32
29 2 29 9
12 0 15 0
2 16 2 22
13 32 17 32
13 32 13 35
24 9 26 9
2 27 2 32
17 23 31 23
15 13 17 13
1 1 1 6
7 22 7 24
15 0 19 0
15 33 15 35
1 1 5 1
24 35 29 35
29 34 30 34
13 17 16 17
11 15 13 15
33 28 36 28
2 22 7 22
1 35 12 35
17 16 18 16
11 16 14 16
36 19 37 19
34 37 34 38
22 2 22 8
14 16 16 16
5 1 14 1
17 13 21 13
5 3 8 3
16 4 16 5
2 22 2 27
34 16 34 22
0 22 2 22
24 9 24 16
29 35 29 37
16 4 20 4
16 26 16 31
26 3 26 9
7 8 13 8
12 18 12 22
13 9 13 10
22 2 29 2
16 26 28 26
1 12 2 12
36 15 36 19
5 28 5 31
17 5 17 13
17 13 17 16
14 8 14 16
4 20 8 20
5 0 12 0
7 9 11 9
27 19 27 20
16 16 17 16
26 11 27 11
27 16 27 19
29 34 29 35
7 22 12 22
31 16 34 16
24 32 24 35
22 33 22 37
17 32 24 32
33 23 33 28
15 10 16 10
22 37 22 38
27 19 30 19
15 1 17 1
13 8 14 8
24 28 24 32
5 28 11 28
16 25 16 26
2 12 2 16
18 16 24 16
3 5 3 10
4 37 19 37
19 31 20 31
15 5 15 9
11 15 11 16
29 38 34 38
16 17 16 25
26 14 32 14
31 23 33 23
24 28 33 28
28 22 34 22
13 10 13 12
15 1 15 3
2 27 9 27
36 19 36 28
4 18 4 20
31 23 31 27
32 12 32 14
29 9 33 9
5 0 5 1
3 10 3 17
14 6 14 8
16 8 16 10
31 16 31 17
29 9 29 11
3 2 3 5
3 17 13 17
22 38 26 38
15 33 16 33
3 10 13 10
15 3 15 5
28 18 33 18
26 9 29 9
20 1 22 1
9 5 9 6
26 11 26 14
17 1 20 1
9 5 15 5
3 5 9 5
15 9 15 10
16 31 19 31
3 17 3 19
5 31 16 31
12 3 15 3
