312
9 25 9 26
19 16 20 16
13 14 12 14
2 25 3 25
4 34 3 34
14 35 15 35
33 23 32 23
8 32 9 32
3 26 2 26
19 23 19 22
22 22 21 22
27 31 26 31
24 9 24 10
35 34 34 34
26 28 25 28
19 32 20 32
27 33 28 33
11 33 12 33
2 19 3 19
19 22 19 21
31 10 31 11
20 30 19 30
12 4 11 4
29 36 30 36
7 2 6 2
0 8 1 8
14 7 14 6
30 27 30 28
9 34 9 33
18 26 17 26
6 18 6 17
31 27 31 26
32 12 32 13
25 31 25 30
8 34 8 35
36 0 36 1
10 8 10 9
10 25 10 24
21 12 21 13
22 19 22 20
23 23 23 22
35 3 34 3
1 33 2 33
4 9 4 8
35 7 35 8
36 22 36 23
30 36 30 35
18 4 19 4
30 3 30 4
23 7 23 6
20 32 20 31
19 27 20 27
5 12 6 12
28 27 27 27
25 25 24 25
22 25 22 26
18 3 18 4
3 13 3 12
29 6 30 6
36 21 36 22
33 36 32 36
29 33 29 34
36 16 37 16
32 22 32 21
20 2 21 2
26 13 26 12
33 11 32 11
28 21 27 21
32 3 33 3
3 34 3 33
28 16 27 16
6 17 6 16
34 3 34 4
11 4 11 5
8 6 8 7
27 3 27 4
21 32 21 31
18 32 17 32
22 20 21 20
4 10 5 10
34 37 34 36
25 2 24 2
14 23 13 23
36 1 36 2
16 10 15 10
32 23 32 22
25 36 24 36
19 30 19 31
17 27 18 27
22 11 22 12
16 8 16 7
25 37 25 36
5 21 5 22
18 14 18 15
0 18 0 17
11 32 11 31
6 3 6 4
14 6 15 6
4 17 4 16
32 13 31 13
0 17 0 16
24 10 24 11
9 12 9 13
34 4 34 5
27 4 27 5
9 31 10 31
10 6 10 7
30 20 29 20
26 31 25 31
36 2 36 3
25 9 26 9
11 11 11 12
36 17 36 16
20 0 20 1
36 3 35 3
32 19 32 20
6 16 6 15
29 2 30 2
20 16 20 15
13 30 12 30
24 2 24 3
15 35 15 34
12 33 12 34
27 26 26 26
18 23 18 24
18 1 19 1
29 26 29 25
25 31 24 31
26 12 26 11
11 5 11 6
23 22 22 22
11 35 12 35
21 13 21 14
35 13 35 14
9 26 9 27
28 31 27 31
24 31 23 31
24 32 24 31
33 31 34 31
19 4 19 5
7 29 8 29
29 11 28 11
20 36 21 36
37 9 36 9
22 14 22 15
37 22 37 21
11 9 12 9
6 30 6 31
24 3 24 4
3 30 3 29
37 36 36 36
7 35 7 36
20 31 20 30
26 4 25 4
3 25 4 25
1 8 2 8
8 35 7 35
20 22 19 22
6 19 6 18
25 11 25 12
19 17 19 16
13 33 13 32
23 6 22 6
0 16 0 15
20 1 20 2
8 12 8 13
21 31 22 31
30 4 31 4
22 24 22 25
6 4 6 5
27 8 28 8
2 33 2 34
9 37 8 37
30 9 30 10
26 2 25 2
36 23 35 23
22 27 21 27
8 8 7 8
24 31 24 30
19 16 19 15
4 27 4 28
6 18 5 18
22 31 22 30
5 22 4 22
13 29 14 29
16 21 16 20
24 5 24 6
15 10 14 10
4 16 3 16
27 1 27 2
8 37 7 37
24 23 25 23
10 23 10 22
7 12 7 11
1 25 2 25
13 28 13 27
2 6 2 5
35 16 35 15
20 14 20 13
4 25 5 25
9 4 9 5
30 14 31 14
21 14 21 15
13 23 13 22
21 3 22 3
7 34 8 34
20 2 20 3
5 17 5 16
22 13 22 14
1 6 2 6
12 5 13 5
23 31 23 30
3 12 2 12
6 29 7 29
30 5 31 5
35 3 34 3
16 15 16 14
22 6 22 7
32 36 32 37
25 4 25 5
9 5 9 6
13 37 14 37
20 13 19 13
30 35 29 35
34 31 34 30
16 12 17 12
9 17 10 17
0 15 0 14
2 25 3 25
20 3 20 4
28 4 29 4
28 22 29 22
11 15 11 14
2 35 2 36
17 8 17 9
24 14 23 14
37 21 36 21
17 18 17 19
16 7 15 7
30 10 30 11
26 11 25 11
22 33 23 33
0 14 1 14
3 24 2 24
32 26 32 27
34 7 35 7
6 10 7 10
1 3 1 4
36 21 35 21
6 5 6 6
13 15 12 15
6 2 5 2
3 14 4 14
18 24 19 24
30 34 30 33
11 12 10 12
1 11 1 12
36 16 35 16
7 8 6 8
3 25 4 25
12 32 12 33
35 14 36 14
17 9 17 10
18 20 17 20
17 32 17 31
11 6 12 6
33 22 33 23
35 4 35 5
1 14 2 14
17 16 17 15
18 2 18 3
33 0 33 1
10 11 11 11
23 27 22 27
34 25 33 25
24 4 24 5
5 2 5 3
10 12 9 12
14 11 14 12
36 9 35 9
32 18 32 17
23 13 22 13
0 33 1 33
21 22 21 21
1 4 1 3
32 31 32 30
14 37 15 37
20 4 20 5
0 1 0 0
25 30 25 29
28 14 29 14
5 30 4 30
13 10 12 10
26 10 27 10
29 12 29 13
13 20 14 20
2 14 3 14
32 9 32 10
14 36 14 35
35 6 34 6
31 3 30 3
22 14 21 14
3 14 3 13
27 5 27 6
24 8 23 8
23 9 24 9
22 25 21 25
35 7 35 6
16 3 17 3
1 2 2 2
3 13 3 12
37 34 36 34
188
29 16 32 16
3 10 5 10
9 24 9 27
1 33 3 33
6 24 9 24
9 27 9 32
25 11 28 11
2 8 4 8
29 20 32 20
6 6 9 6
5 18 7 18
24 12 24 24
6 12 6 13
29 15 33 15
26 24 26 26
5 16 5 18
17 15 18 15
26 1 31 1
8 34 12 34
26 1 26 3
1 3 5 3
3 21 8 21
20 15 21 15
22 12 22 13
13 4 14 4
2 12 3 12
7 27 7 29
5 6 5 10
13 27 13 32
3 16 5 16
4 25 5 25
25 6 27 6
22 26 26 26
2 5 13 5
25 5 25 6
20 30 22 30
18 22 19 22
22 12 23 12
18 4 29 4
24 24 24 25
19 15 19 21
15 7 22 7
4 22 10 22
2 6 2 8
22 30 23 30
29 18 34 18
8 34 8 36
4 22 4 25
31 5 34 5
7 11 11 11
29 21 29 22
18 13 18 15
3 21 3 27
22 5 24 5
18 3 18 4
36 6 37 6
5 6 6 6
32 10 32 11
8 31 8 33
27 36 34 36
14 32 14 35
19 1 26 1
2 5 2 6
15 6 15 7
32 20 32 21
32 11 32 14
13 27 18 27
14 15 17 15
35 6 36 6
8 36 9 36
11 8 11 11
8 21 15 21
28 20 28 24
17 31 17 35
14 4 18 4
2 8 2 12
9 24 10 24
32 8 32 10
9 6 12 6
3 27 3 28
36 22 36 25
1 28 3 28
14 35 17 35
15 18 15 19
11 7 11 8
35 8 35 9
19 37 21 37
2 34 8 34
6 12 9 12
20 5 22 5
19 15 20 15
25 6 25 11
19 21 19 22
26 26 26 29
32 8 35 8
29 16 29 18
28 20 29 20
12 15 14 15
29 18 29 20
11 14 12 14
22 26 22 27
35 15 35 16
19 24 19 31
19 24 21 24
6 8 6 12
3 19 3 21
1 28 1 33
17 15 17 17
27 31 27 36
34 3 34 5
9 7 9 8
36 14 36 18
6 15 12 15
23 30 24 30
12 15 12 17
3 16 3 19
23 12 24 12
14 13 14 15
36 18 36 22
2 34 2 36
22 15 22 22
15 21 19 21
12 6 15 6
10 17 12 17
0 3 1 3
6 6 6 8
12 35 14 35
18 3 22 3
8 33 8 34
26 26 31 26
21 21 21 24
32 22 36 22
26 24 28 24
19 13 22 13
27 31 37 31
32 27 32 28
31 4 31 5
32 14 36 14
21 24 24 24
9 8 11 8
14 12 14 13
4 28 4 30
4 30 8 30
5 16 7 16
9 32 9 33
29 34 34 34
0 36 2 36
24 11 25 11
33 15 35 15
11 11 11 14
21 15 22 15
28 11 28 20
9 32 13 32
18 13 19 13
21 20 21 21
18 22 18 27
23 12 23 14
17 31 19 31
8 30 8 31
7 27 9 27
22 5 22 7
32 22 32 27
19 8 19 13
25 36 27 36
15 19 15 21
37 30 37 31
29 10 32 10
19 31 27 31
29 15 29 16
13 4 13 5
12 34 12 35
29 14 29 15
22 27 22 30
24 5 25 5
5 10 5 16
9 14 11 14
27 27 32 27
32 21 35 21
10 22 13 22
27 27 27 31
34 34 34 36
12 14 12 15
14 10 14 12
29 4 29 10
30 22 32 22
29 4 31 4
29 22 30 22
4 25 4 28
