118
7 32 7 31
8 19 8 20
25 21 26 21
33 5 33 6
22 15 22 16
14 5 14 4
29 13 29 14
33 23 32 23
11 6 11 7
0 25 1 25
9 13 10 13
21 24 22 24
9 26 8 26
4 6 3 6
5 29 4 29
2 27 2 28
4 28 4 27
14 0 14 1
4 27 5 27
20 2 19 2
5 3 5 4
8 0 9 0
4 10 4 11
24 24 23 24
1 9 1 8
21 26 22 26
13 7 13 6
33 13 32 13
12 17 11 17
30 7 31 7
4 9 4 10
12 3 12 4
7 20 7 21
25 4 26 4
2 28 1 28
7 12 7 11
19 15 19 14
33 32 32 32
1 8 2 8
6 16 6 15
28 10 27 10
24 25 24 26
9 15 8 15
7 27 8 27
13 8 12 8
26 4 27 4
5 27 6 27
0 17 0 18
22 21 21 21
0 9 1 9
19 27 19 26
20 6 21 6
27 25 27 26
27 10 27 11
16 14 16 15
6 6 5 6
32 11 31 11
19 26 19 25
0 18 1 18
31 27 31 28
0 16 0 17
19 1 19 0
13 19 12 19
27 24 27 25
3 2 3 3
27 25 28 25
20 25 20 26
19 2 18 2
30 17 30 18
4 16 3 16
19 9 18 9
21 21 20 21
31 3 30 3
6 18 6 19
14 4 13 4
14 1 14 2
12 10 13 10
13 17 13 18
7 11 7 10
31 22 31 23
2 8 3 8
27 30 27 29
10 26 11 26
11 7 10 7
4 10 5 10
26 9 27 9
14 26 13 26
22 23 21 23
18 15 17 15
19 16 19 17
31 7 32 7
3 3 3 4
32 22 31 22
18 9 18 10
10 32 11 32
2 31 1 31
10 7 9 7
2 15 2 16
33 16 33 17
29 16 29 15
13 24 13 25
9 7 8 7
29 30 29 29
10 33 11 33
6 32 6 33
14 13 13 13
18 28 17 28
25 17 26 17
21 3 21 2
1 25 1 24
29 29 29 28
9 20 9 19
15 20 15 21
11 22 12 22
16 31 16 30
13 25 13 24
22 26 22 25
4 13 4 12
182
20 21 20 23
16 17 19 17
13 26 16 26
9 24 12 24
5 6 5 10
26 19 29 19
29 17 31 17
8 23 8 24
5 25 6 25
30 2 30 3
27 9 27 11
32 23 32 29
13 21 15 21
27 6 32 6
6 21 7 21
20 3 27 3
13 13 13 14
6 15 8 15
1 28 1 31
11 32 11 33
20 26 24 26
26 22 28 22
25 11 27 11
0 17 0 23
0 23 0 28
6 3 7 3
29 20 30 20
8 7 8 12
30 0 30 2
23 17 23 24
12 14 13 14
20 0 20 3
22 24 23 24
16 24 16 26
20 3 20 7
16 26 20 26
20 17 23 17
3 6 3 8
7 28 13 28
6 21 6 25
0 4 3 4
26 19 26 21
27 6 27 9
5 28 7 28
27 3 27 4
5 32 11 32
13 18 13 21
27 3 30 3
1 13 1 14
0 17 1 17
19 19 20 19
12 14 12 19
20 19 20 21
9 0 13 0
32 7 32 10
0 28 1 28
5 25 5 28
17 21 20 21
26 17 26 18
24 26 24 33
3 18 8 18
1 28 5 28
32 29 32 32
28 13 28 17
16 17 16 24
20 23 21 23
16 16 16 17
4 12 8 12
19 17 19 19
9 0 9 3
16 16 21 16
23 17 26 17
33 6 33 15
14 14 17 14
13 0 19 0
18 10 21 10
21 16 22 16
27 4 27 6
10 22 12 22
29 14 29 15
27 0 28 0
31 17 31 20
29 19 29 20
12 26 13 26
12 19 12 22
16 15 16 16
11 26 12 26
26 21 32 21
26 18 30 18
17 30 17 32
23 16 23 17
14 2 18 2
24 26 27 26
18 3 18 10
26 21 26 22
13 0 13 4
13 6 13 10
9 23 9 24
27 13 27 15
8 24 8 26
5 4 5 6
29 15 32 15
6 25 6 26
1 17 3 17
12 8 12 11
3 10 3 16
28 33 30 33
8 26 8 27
28 28 29 28
32 21 32 23
13 18 14 18
8 20 8 23
9 8 9 14
3 4 3 6
7 3 9 3
9 14 10 14
30 20 31 20
8 12 8 15
13 5 13 6
19 23 19 25
13 26 13 28
9 14 9 16
2 16 3 16
32 6 33 6
9 8 12 8
12 22 12 24
16 30 17 30
9 16 11 16
32 0 32 3
14 18 15 18
28 13 32 13
27 29 32 29
12 24 12 26
32 15 33 15
0 8 0 17
12 4 12 6
32 10 32 13
14 11 14 12
6 19 6 20
20 30 20 33
9 19 11 19
25 18 26 18
6 20 8 20
8 15 8 18
5 10 7 10
3 17 3 18
9 16 9 19
2 13 2 16
29 15 29 17
19 0 20 0
5 28 5 32
17 14 17 15
12 6 12 8
1 13 2 13
27 12 27 13
27 26 27 29
29 28 31 28
22 22 22 24
17 28 17 30
13 6 16 6
18 2 18 3
21 15 27 15
22 24 22 25
12 11 14 11
32 17 33 17
27 13 28 13
19 25 22 25
26 17 28 17
22 25 28 25
28 25 28 28
13 10 18 10
20 24 22 24
6 27 8 27
14 12 27 12
14 12 14 14
14 14 14 18
0 8 3 8
5 4 12 4
3 10 5 10
17 30 20 30
12 6 13 6
6 19 9 19
