197
5 1 5 2
4 5 4 6
19 4 19 3
9 12 9 11
15 11 15 10
3 12 3 13
13 8 12 8
5 0 5 1
19 5 20 5
8 3 9 3
18 13 18 12
16 8 16 7
12 13 11 13
17 5 18 5
8 4 8 3
14 12 13 12
18 14 18 13
0 17 0 16
15 3 15 4
15 12 14 12
13 3 14 3
15 13 15 12
14 11 15 11
12 14 12 13
15 14 15 13
15 15 15 14
15 16 15 15
3 2 4 2
0 18 0 17
1 8 0 8
13 19 13 20
10 12 9 12
5 8 6 8
19 14 18 14
14 8 13 8
11 6 11 7
9 4 8 4
4 18 4 19
14 12 14 11
1 18 0 18
20 17 20 16
3 11 3 12
12 8 12 7
13 12 14 12
1 17 1 18
10 11 10 12
13 13 13 12
13 18 13 19
4 13 4 12
3 10 3 11
13 17 13 18
15 2 15 3
5 13 4 13
6 13 5 13
13 16 13 17
20 18 20 17
2 2 3 2
12 13 13 13
19 15 19 14
2 8 1 8
5 7 5 8
2 10 3 10
12 12 12 13
1 2 2 2
2 17 1 17
20 15 19 15
15 8 14 8
15 0 15 1
9 10 8 10
20 19 20 18
16 16 15 16
6 9 7 9
2 16 2 17
6 8 6 9
12 9 12 8
9 9 9 10
11 20 12 20
1 16 2 16
16 15 16 16
11 9 12 9
1 3 1 2
12 16 13 16
11 19 11 20
6 0 5 0
19 19 20 19
3 18 4 18
13 14 12 14
2 18 3 18
10 6 11 6
6 1 6 0
20 14 20 15
1 10 2 10
18 19 19 19
7 1 6 1
9 7 9 6
12 3 13 3
12 9 13 9
1 11 1 10
7 2 7 1
11 12 12 12
2 17 2 18
8 2 7 2
6 7 6 8
0 9 0 10
20 13 20 14
8 1 8 2
4 7 5 7
2 3 1 3
9 3 9 4
10 19 11 19
8 9 9 9
8 3 9 3
17 4 17 5
12 2 12 3
15 7 15 8
9 1 8 1
10 1 9 1
10 2 10 1
4 9 3 9
1 12 1 11
2 7 2 8
1 17 1 16
10 3 10 2
4 6 4 7
10 5 10 6
1 13 1 12
9 3 10 3
10 12 10 11
9 5 10 5
17 15 16 15
7 7 6 7
8 2 8 3
0 8 0 9
7 8 7 7
16 19 16 20
5 9 4 9
10 20 10 19
9 2 8 2
6 8 7 8
2 2 2 3
19 13 20 13
13 15 13 14
0 17 1 17
8 5 9 5
6 14 6 13
0 7 0 8
1 7 0 7
2 13 1 13
18 20 18 19
0 18 0 17
15 8 16 8
14 8 15 8
6 15 6 14
17 14 17 15
5 15 6 15
18 14 17 14
14 7 14 8
3 2 2 2
13 16 13 15
5 16 5 15
0 17 0 18
11 16 12 16
19 14 19 13
20 14 19 14
13 17 13 16
6 16 5 16
18 5 19 5
8 6 8 5
9 20 10 20
0 16 0 17
1 8 1 7
11 13 11 12
18 15 18 14
3 3 3 2
1 16 0 16
1 17 1 16
0 17 1 17
18 6 18 5
2 6 2 7
2 16 2 17
3 13 2 13
9 9 8 9
8 20 9 20
14 17 13 17
6 17 6 16
8 19 8 20
0 18 0 17
2 8 1 8
7 17 6 17
10 13 10 12
10 14 10 13
17 19 16 19
10 15 10 14
1 6 2 6
1 7 1 6
9 15 10 15
7 18 7 17
163
14 13 14 14
1 15 2 15
15 14 16 14
3 11 3 12
12 4 12 5
7 6 9 6
6 9 6 10
16 14 16 15
14 1 14 2
9 11 9 12
3 7 4 7
4 9 6 9
15 5 15 6
2 10 3 10
2 11 3 11
2 9 2 10
4 3 4 4
7 14 8 14
15 12 16 12
0 17 0 19
16 19 18 19
11 2 13 2
12 5 13 5
16 15 16 16
6 15 6 16
0 19 0 20
11 10 12 10
8 11 9 11
8 0 9 0
2 1 2 2
10 19 11 19
16 12 17 12
3 18 4 18
9 16 9 17
7 11 7 12
6 10 6 11
9 5 9 6
14 12 15 12
10 16 10 17
2 7 3 7
14 2 14 3
0 8 0 9
8 9 10 9
3 11 4 11
3 12 3 14
9 20 10 20
0 15 0 16
16 18 16 19
19 9 20 9
2 15 3 15
17 15 17 16
6 6 6 7
2 2 2 3
7 0 8 0
14 16 14 18
7 9 8 9
13 12 14 12
6 11 7 11
2 10 2 11
3 18 3 19
0 14 0 15
1 1 2 1
14 2 16 2
17 15 19 15
12 11 12 12
13 10 14 10
4 19 4 20
14 12 14 13
10 9 10 10
13 18 13 19
13 14 14 14
14 16 15 16
4 4 4 7
11 5 11 6
2 7 2 9
13 1 13 2
10 10 11 10
16 16 16 17
7 7 8 7
2 13 2 14
0 5 0 6
6 14 6 15
9 14 9 16
13 9 13 10
2 3 4 3
4 16 5 16
9 17 9 19
13 18 14 18
18 4 18 5
6 14 7 14
7 11 8 11
9 1 9 4
8 16 9 16
0 16 0 17
10 3 11 3
2 6 3 6
8 0 8 1
11 4 11 5
9 13 9 14
9 6 9 8
4 17 4 18
16 17 16 18
14 14 15 14
12 6 12 7
17 7 18 7
18 4 20 4
17 12 18 12
14 6 15 6
11 2 11 3
1 6 2 6
4 18 5 18
3 4 3 5
16 4 16 5
4 8 4 9
20 1 20 2
4 16 4 17
4 7 4 8
9 4 9 5
6 9 7 9
15 11 15 12
10 15 10 16
15 4 16 4
19 14 19 15
13 7 16 7
4 18 4 19
8 14 9 14
16 7 17 7
6 7 6 9
5 18 6 18
3 14 3 15
3 5 3 6
11 19 12 19
14 10 15 10
13 7 13 8
6 18 8 18
7 15 7 16
9 12 9 13
18 5 18 7
20 2 20 4
0 12 0 13
13 8 13 9
11 6 12 6
16 14 17 14
13 14 13 15
12 19 13 19
1 17 2 17
7 1 8 1
19 15 19 16
7 20 8 20
0 15 1 15
12 10 12 11
8 18 8 20
12 7 13 7
6 6 7 6
12 12 13 12
9 19 9 20
11 3 11 4
3 17 3 18
18 2 20 2
0 6 1 6
16 4 18 4
2 17 3 17
6 0 7 0
