115
11 12 11 13
23 11 23 10
14 27 14 26
25 14 25 13
17 26 17 27
0 27 1 27
28 3 28 2
12 19 11 19
26 28 27 28
18 20 18 19
0 12 0 11
11 14 12 14
1 5 1 4
30 14 29 14
7 11 7 12
21 25 20 25
15 4 15 5
14 20 14 19
5 6 4 6
14 21 13 21
5 2 4 2
19 10 19 11
9 14 9 13
17 2 17 1
17 27 18 27
0 5 1 5
26 18 26 17
25 18 26 18
22 29 22 28
12 29 13 29
10 26 11 26
17 19 17 18
22 11 21 11
19 19 19 18
6 13 6 12
5 4 5 3
5 27 5 26
25 10 25 11
16 20 17 20
28 6 28 5
22 4 22 5
28 15 28 16
11 19 10 19
24 11 23 11
12 17 13 17
27 28 28 28
3 3 4 3
3 7 4 7
4 19 4 20
3 0 4 0
0 24 1 24
23 27 24 27
20 25 20 26
8 22 7 22
21 11 20 11
0 26 1 26
9 22 10 22
7 25 6 25
21 15 21 16
13 17 13 18
26 29 26 30
27 26 27 25
28 21 28 22
9 0 10 0
0 11 1 11
12 21 12 22
7 7 7 8
29 20 29 19
25 26 24 26
9 19 9 20
28 28 29 28
10 13 10 12
25 5 24 5
9 21 10 21
8 24 8 25
4 0 4 1
9 15 9 14
12 0 12 1
1 11 1 10
1 10 2 10
8 30 8 29
5 18 5 17
13 18 13 19
17 29 17 28
3 17 4 17
12 14 13 14
8 29 9 29
20 11 20 10
29 3 29 4
29 4 28 4
12 22 13 22
25 25 24 25
22 28 21 28
26 23 26 22
17 28 17 27
15 11 14 11
28 30 28 29
13 14 13 15
5 28 5 29
3 15 3 16
17 27 17 26
6 24 5 24
17 15 18 15
29 18 29 17
8 27 7 27
24 17 23 17
9 10 10 10
8 0 7 0
11 17 11 16
26 21 27 21
23 7 22 7
20 28 20 27
27 30 28 30
12 1 13 1
5 24 4 24
185
9 27 9 29
17 11 17 13
13 27 13 29
10 19 13 19
15 28 15 29
17 17 21 17
20 27 22 27
12 5 13 5
18 27 19 27
27 23 27 25
11 25 11 26
4 9 12 9
28 4 28 5
12 15 12 18
13 29 13 30
17 18 17 20
8 4 8 8
17 11 19 11
13 29 15 29
18 19 18 21
18 25 24 25
24 10 24 12
13 21 13 22
21 16 21 17
26 11 28 11
11 22 11 25
22 18 23 18
1 2 1 4
2 9 2 10
25 30 26 30
13 22 13 27
29 2 30 2
5 10 6 10
25 13 29 13
29 11 30 11
1 24 1 26
9 11 9 13
15 1 15 2
11 30 13 30
2 2 3 2
22 3 23 3
1 16 1 17
12 18 17 18
1 26 5 26
1 2 2 2
17 13 25 13
5 26 5 29
18 15 23 15
5 29 7 29
12 9 12 13
23 15 23 16
13 22 15 22
1 16 3 16
23 9 26 9
19 18 20 18
23 8 23 9
6 12 7 12
13 20 13 21
3 19 10 19
13 20 17 20
6 15 12 15
30 22 30 24
4 20 4 24
12 13 17 13
26 11 26 12
26 22 28 22
20 5 22 5
13 27 18 27
2 20 4 20
28 7 28 11
28 14 28 16
5 26 11 26
19 6 19 11
0 2 1 2
10 27 10 30
28 16 29 16
17 18 19 18
7 0 7 1
28 5 28 7
17 17 17 18
6 20 6 25
6 25 8 25
23 3 23 8
18 15 18 16
20 18 22 18
13 1 14 1
4 17 5 17
16 5 20 5
12 13 12 15
17 21 17 26
12 5 12 9
30 17 30 22
7 2 8 2
10 2 11 2
27 6 27 8
7 29 9 29
7 8 8 8
15 28 21 28
11 22 13 22
1 22 1 24
18 21 18 24
25 11 25 13
10 0 10 2
25 11 26 11
26 9 26 11
24 28 24 29
20 10 23 10
14 1 15 1
26 20 27 20
3 16 3 19
22 27 24 27
4 16 4 17
30 11 30 17
29 17 30 17
1 5 1 8
4 1 4 2
27 19 29 19
7 10 10 10
16 4 16 5
24 27 24 28
8 21 8 25
11 13 12 13
24 29 25 29
17 1 20 1
1 15 1 16
29 19 29 28
10 19 10 21
26 18 26 19
18 19 26 19
1 14 7 14
18 25 18 27
1 14 1 15
24 28 29 28
27 1 28 1
25 4 25 6
1 24 4 24
4 5 4 6
2 9 4 9
23 8 24 8
13 15 15 15
4 2 4 3
23 10 24 10
4 4 4 5
26 20 26 22
8 4 16 4
7 12 7 14
24 20 24 25
28 2 29 2
13 21 16 21
1 8 1 14
4 7 4 9
7 10 7 12
29 17 29 19
17 21 18 21
29 16 29 17
28 1 28 2
20 1 20 5
29 13 29 14
24 20 26 20
23 16 28 16
20 1 27 1
8 21 10 21
25 6 27 6
3 16 4 16
9 13 11 13
29 2 29 10
25 29 28 29
7 0 10 0
4 1 7 1
10 21 10 22
23 15 24 15
20 5 20 10
3 1 4 1
4 3 4 4
2 12 6 12
4 4 8 4
24 25 27 25
1 5 4 5
10 10 10 12
27 1 27 6
29 10 29 11
26 19 27 19
2 12 2 13
15 15 18 15
2 10 5 10
