289
21 8 20 8
3 16 3 15
16 15 17 15
3 10 3 9
21 13 22 13
2 20 3 20
20 9 21 9
6 12 6 13
20 15 21 15
20 19 20 20
1 20 2 20
2 2 1 2
12 4 11 4
4 10 3 10
16 5 15 5
2 6 1 6
4 9 4 10
11 12 12 12
7 1 6 1
6 8 6 7
13 5 14 5
2 1 2 2
15 11 15 12
8 17 8 16
21 16 20 16
18 20 19 20
3 6 2 6
22 1 21 1
6 21 6 20
2 0 2 1
23 6 23 7
5 9 4 9
20 18 20 19
16 22 16 21
5 12 6 12
5 10 5 9
2 8 3 8
20 8 20 9
8 1 7 1
1 19 1 20
18 21 18 20
5 20 5 21
12 12 12 11
20 7 20 8
1 8 2 8
4 16 3 16
16 23 16 22
5 14 4 14
1 9 1 8
19 7 20 7
18 7 19 7
4 17 4 16
17 13 16 13
21 9 21 8
3 23 4 23
1 18 1 19
21 10 21 9
6 10 5 10
2 9 1 9
4 12 5 12
10 19 10 18
8 2 8 1
5 15 5 14
3 7 3 6
3 9 2 9
1 17 1 18
9 19 8 19
6 9 6 10
16 13 16 14
15 23 16 23
9 20 9 19
3 17 4 17
5 9 6 9
14 2 14 1
11 19 10 19
19 21 18 21
22 6 23 6
3 16 3 17
20 21 19 21
5 0 6 0
3 10 3 9
14 23 15 23
8 3 8 2
3 0 2 0
2 23 3 23
1 16 1 17
4 0 3 0
17 3 18 3
7 22 7 21
2 7 3 7
6 22 6 21
4 16 3 16
3 12 4 12
2 22 2 23
4 15 4 16
11 11 11 12
22 2 22 1
8 4 8 3
1 7 2 7
11 7 11 8
2 3 3 3
15 13 16 13
22 3 22 2
20 13 21 13
22 2 21 2
17 4 17 3
2 4 2 3
22 4 22 3
11 6 11 7
3 11 3 12
13 23 14 23
4 1 4 0
2 21 2 22
15 2 14 2
0 16 1 16
10 20 9 20
22 1 22 2
4 0 5 0
0 17 0 16
11 18 11 19
10 12 9 12
12 11 11 11
4 2 4 1
10 6 11 6
10 21 10 20
12 18 11 18
9 4 8 4
15 3 15 2
16 4 17 4
12 19 12 18
14 13 15 13
3 21 2 21
1 17 0 17
7 17 7 18
9 3 9 4
15 4 16 4
3 0 4 0
21 18 20 18
9 21 8 21
6 18 5 18
22 5 22 6
8 22 7 22
21 19 21 18
23 1 22 1
23 4 22 4
9 2 9 3
18 8 18 7
1 4 2 4
23 2 23 1
17 5 16 5
18 1 18 2
2 0 3 0
6 15 5 15
2 10 3 10
16 14 16 15
3 20 3 21
20 10 21 10
8 2 9 2
14 3 15 3
18 5 17 5
20 12 20 13
7 8 6 8
23 3 23 2
19 15 20 15
5 8 5 9
1 16 1 17
7 2 8 2
10 22 10 21
5 15 4 15
19 17 19 16
2 16 1 16
6 20 5 20
18 0 18 1
15 3 15 4
13 22 13 23
16 3 15 3
3 19 3 20
15 13 15 14
2 11 3 11
7 1 7 2
8 5 8 6
12 10 12 11
2 12 2 11
7 0 7 1
2 15 2 16
1 15 2 15
8 23 8 22
14 22 13 22
1 5 1 4
2 19 3 19
21 20 21 21
10 21 9 21
1 10 2 10
11 22 10 22
21 18 21 19
2 13 2 12
5 16 5 15
17 0 18 0
20 20 21 20
13 12 12 12
16 13 16 14
20 11 20 12
20 19 20 20
6 0 7 0
22 3 23 3
11 21 11 22
16 4 16 3
23 5 23 4
2 5 1 5
6 1 6 0
22 4 22 3
23 6 23 5
19 8 18 8
2 4 2 5
7 22 6 22
12 21 11 21
16 2 17 2
23 4 22 4
19 7 19 8
4 3 4 2
12 22 12 21
22 6 23 6
20 22 20 21
6 2 6 1
2 14 2 13
13 19 12 19
1 8 1 7
20 0 21 0
15 4 16 4
6 3 6 2
2 15 2 14
19 22 20 22
4 16 5 16
14 19 13 19
1 19 2 19
14 14 14 13
6 14 6 15
1 18 1 19
7 5 8 5
20 18 20 19
1 9 1 8
10 11 10 12
14 13 15 13
4 15 4 16
22 7 22 6
9 16 10 16
0 18 1 18
22 8 22 7
5 15 4 15
21 8 22 8
21 9 21 8
15 5 15 6
7 23 7 22
19 23 19 22
10 20 10 21
18 23 19 23
15 19 14 19
21 13 21 14
17 23 18 23
1 2 1 1
20 13 21 13
3 15 2 15
1 3 1 2
3 16 3 15
6 13 6 14
3 3 4 3
16 23 17 23
6 10 6 11
1 11 1 10
2 11 1 11
16 22 16 23
23 5 22 5
7 16 7 17
15 20 15 19
1 16 1 15
6 9 6 10
12 11 13 11
14 12 14 13
5 3 6 3
20 12 20 13
13 22 12 22
17 22 16 22
17 23 17 22
5 13 6 13
3 17 3 16
0 9 1 9
14 4 15 4
13 21 13 22
15 21 15 20
138
9 6 9 7
10 13 10 15
18 21 19 21
9 13 10 13
23 13 23 14
13 16 14 16
18 4 18 6
20 16 20 17
19 20 19 21
15 13 18 13
19 13 20 13
22 9 23 9
12 9 12 12
11 5 14 5
15 12 15 13
23 8 23 9
2 5 3 5
3 10 4 10
5 20 5 21
14 16 15 16
20 9 22 9
18 21 18 22
21 14 22 14
18 13 19 13
17 22 18 22
5 1 6 1
14 20 14 21
4 0 4 1
3 6 4 6
16 4 16 5
20 7 20 8
4 1 5 1
9 17 9 18
11 17 11 18
18 7 20 7
13 18 14 18
10 12 11 12
4 11 4 12
4 7 5 7
3 0 4 0
11 21 12 21
20 15 20 16
20 9 20 13
19 20 20 20
10 21 11 21
23 3 23 6
1 17 1 18
7 7 7 9
5 11 5 12
9 0 10 0
21 22 21 23
6 23 9 23
7 17 9 17
8 14 9 14
17 4 18 4
6 6 7 6
11 12 12 12
9 7 9 8
18 6 18 7
16 4 17 4
4 6 4 7
18 2 18 3
23 7 23 8
2 10 3 10
9 6 11 6
19 4 20 4
2 10 2 12
18 3 18 4
14 19 14 20
6 17 7 17
20 19 20 20
3 5 3 6
20 17 20 19
7 6 7 7
1 10 2 10
15 16 15 17
1 2 2 2
0 8 0 10
6 17 6 19
14 2 14 5
5 16 5 17
14 21 14 23
12 12 15 12
9 19 10 19
23 2 23 3
5 9 5 10
16 21 16 22
5 17 6 17
14 21 16 21
9 4 10 4
9 14 9 17
4 17 5 17
20 13 20 15
19 4 19 5
1 14 1 15
11 5 11 6
21 14 21 15
5 12 5 14
10 8 10 10
9 18 9 19
16 22 16 23
10 0 10 1
5 10 5 11
0 15 1 15
5 14 5 16
10 12 10 13
2 17 4 17
22 9 22 10
1 15 1 17
12 21 14 21
4 10 5 10
6 19 6 21
14 18 14 19
1 17 2 17
0 10 1 10
5 9 7 9
14 5 16 5
0 7 0 8
23 6 23 7
7 4 7 6
6 22 6 23
6 21 6 22
1 1 1 2
22 13 22 14
17 6 17 7
1 21 2 21
10 19 11 19
7 4 8 4
13 6 13 7
14 5 14 6
10 19 10 21
13 1 14 1
11 19 12 19
20 8 20 9
9 3 9 4
1 0 3 0
18 17 20 17
8 4 9 4
