213
8 6 8 5
10 27 10 26
21 22 22 22
14 11 13 11
9 6 8 6
22 18 21 18
22 1 22 2
4 20 5 20
14 19 15 19
26 0 25 0
23 25 24 25
6 0 7 0
24 23 24 24
16 6 16 5
24 27 24 26
19 15 19 14
21 4 20 4
2 23 2 22
5 21 4 21
11 13 11 12
4 21 4 20
22 22 22 21
24 13 25 13
13 1 12 1
10 21 10 20
20 10 19 10
24 1 24 2
3 17 4 17
19 1 18 1
6 15 6 16
16 0 17 0
2 10 1 10
6 26 5 26
14 0 13 0
15 1 16 1
1 1 1 2
11 21 10 21
19 10 19 9
8 17 8 16
18 25 17 25
7 7 8 7
26 6 27 6
25 2 25 3
25 0 24 0
5 10 6 10
6 27 6 26
23 13 23 12
1 0 1 1
1 2 1 3
2 17 3 17
21 25 21 26
8 5 7 5
19 11 18 11
5 3 4 3
22 23 22 22
11 27 11 26
2 2 2 1
23 1 24 1
14 13 14 14
21 16 21 17
1 14 0 14
24 25 25 25
15 9 16 9
13 16 14 16
10 20 11 20
15 20 14 20
21 1 21 0
2 1 2 0
25 12 26 12
18 26 17 26
15 10 15 9
6 1 6 0
3 1 2 1
2 27 1 27
26 1 26 2
13 0 13 1
19 27 20 27
2 22 3 22
11 26 11 25
20 27 20 26
5 2 5 3
22 24 22 23
20 15 20 14
17 16 17 17
5 7 4 7
22 4 21 4
23 27 23 26
20 1 21 1
0 12 0 11
10 10 10 9
23 18 22 18
24 22 25 22
19 26 19 27
3 22 4 22
27 20 26 20
3 2 3 1
4 2 5 2
5 22 5 23
24 24 24 25
18 15 19 15
8 7 8 8
4 9 4 10
1 27 1 26
17 15 18 15
15 19 15 20
25 18 26 18
14 20 14 19
8 13 7 13
16 13 15 13
4 8 5 8
26 8 27 8
0 11 0 10
27 27 27 26
7 17 7 18
14 10 15 10
5 26 5 27
19 12 19 11
1 5 2 5
7 2 6 2
0 14 0 13
2 13 2 14
19 11 19 10
22 25 21 25
24 0 23 0
15 25 15 26
15 8 16 8
25 23 24 23
19 25 18 25
10 19 11 19
9 27 10 27
3 21 4 21
2 21 3 21
4 22 5 22
4 21 5 21
20 24 19 24
1 1 1 2
16 19 17 19
23 0 23 1
0 10 0 9
18 1 18 2
4 16 3 16
3 10 2 10
5 3 6 3
19 27 18 27
9 26 9 27
9 22 10 22
10 18 10 17
10 17 10 16
7 16 7 17
6 18 5 18
24 23 24 24
5 23 4 23
11 7 11 6
22 13 23 13
23 12 23 11
15 0 15 1
10 8 11 8
13 9 13 8
1 16 0 16
14 21 15 21
24 21 25 21
16 16 17 16
3 7 3 8
22 18 22 19
7 21 7 22
5 21 6 21
10 16 11 16
19 24 20 24
18 2 17 2
18 8 19 8
10 13 11 13
13 20 13 21
0 9 0 8
4 6 4 5
17 14 17 15
18 20 17 20
2 14 1 14
1 25 1 24
10 14 10 13
9 4 9 5
21 14 21 13
16 21 16 20
20 22 21 22
23 23 24 23
22 7 23 7
10 22 10 23
1 24 1 25
17 10 17 11
14 26 14 27
21 25 20 25
19 16 18 16
17 2 16 2
2 10 2 9
26 5 25 5
20 23 20 22
8 26 8 27
10 7 9 7
17 15 17 14
5 20 6 20
4 10 3 10
10 13 10 12
7 26 7 27
18 7 18 8
5 22 5 21
26 7 25 7
1 17 2 17
11 25 11 24
17 13 18 13
8 14 9 14
21 15 22 15
21 9 20 9
17 16 16 16
8 2 7 2
185
4 23 6 23
5 1 7 1
5 16 5 18
11 9 14 9
14 8 14 9
6 26 10 26
21 1 21 4
19 9 20 9
18 8 18 11
10 23 10 25
16 8 18 8
21 1 23 1
12 13 15 13
6 23 7 23
15 13 18 13
14 9 15 9
23 13 23 14
16 5 17 5
2 18 3 18
15 12 15 13
23 13 25 13
24 23 26 23
12 14 14 14
4 18 4 19
18 5 18 8
15 6 15 9
14 14 14 16
10 0 12 0
21 19 21 22
18 24 18 25
7 22 7 23
17 5 18 5
4 19 4 20
1 14 3 14
5 16 6 16
18 12 18 13
26 26 27 26
26 4 26 11
21 22 21 23
5 8 5 11
12 1 12 4
18 25 18 27
24 9 25 9
6 16 8 16
3 8 5 8
5 1 5 2
4 18 5 18
22 5 23 5
24 18 26 18
12 0 17 0
24 2 24 4
2 20 2 26
11 13 12 13
21 4 21 5
20 16 22 16
2 6 3 6
4 20 4 23
18 14 18 15
14 24 15 24
8 6 8 8
17 0 17 5
6 19 6 20
23 10 24 10
17 18 17 19
23 8 23 9
5 2 5 8
1 2 5 2
25 11 26 11
19 8 19 9
26 2 27 2
12 13 12 14
8 3 8 6
22 16 22 17
14 19 14 22
18 27 22 27
25 11 25 13
2 17 2 18
5 8 8 8
2 20 4 20
15 26 17 26
23 9 23 10
5 0 6 0
1 12 1 14
10 25 14 25
14 19 17 19
10 26 15 26
0 15 1 15
10 6 10 9
7 0 7 1
1 14 1 15
25 4 25 5
11 24 13 24
22 27 26 27
15 27 18 27
25 7 25 9
21 23 22 23
13 24 14 24
14 16 14 19
22 23 24 23
26 12 27 12
15 10 15 12
12 0 12 1
24 2 26 2
18 13 21 13
18 8 19 8
8 16 8 18
17 24 18 24
25 9 25 11
18 11 18 12
21 10 23 10
18 16 20 16
26 20 26 23
23 5 25 5
23 17 26 17
25 6 25 7
24 1 24 2
26 14 26 17
24 18 24 23
18 14 19 14
18 21 18 24
23 10 23 11
23 17 23 20
3 14 3 16
1 19 1 25
24 4 25 4
15 4 15 6
1 10 1 12
6 23 6 26
22 17 23 17
11 16 14 16
21 13 23 13
6 21 10 21
14 24 14 25
21 19 22 19
18 13 18 14
24 24 24 25
7 0 10 0
0 8 0 13
1 3 3 3
10 23 12 23
15 6 17 6
13 2 16 2
22 15 22 16
3 18 4 18
8 18 8 19
23 5 23 7
16 16 18 16
23 7 23 8
16 2 16 4
6 20 7 20
7 18 7 20
16 1 16 2
10 9 11 9
3 6 3 8
18 25 20 25
17 19 21 19
10 12 10 21
6 20 6 21
15 4 16 4
7 17 7 18
5 11 5 16
17 17 19 17
26 11 27 11
17 17 17 18
14 9 14 12
10 21 10 23
10 9 10 12
1 10 3 10
0 8 3 8
26 12 26 14
1 3 1 7
1 15 1 19
23 20 23 22
19 10 21 10
26 23 26 26
15 16 16 16
0 19 1 19
19 17 20 17
18 5 21 5
20 25 24 25
15 21 15 24
14 7 14 8
1 25 1 26
5 21 6 21
15 21 18 21
