210
28 15 28 14
1 20 1 21
22 3 22 4
7 25 7 26
12 1 13 1
14 1 14 2
1 2 1 1
14 36 15 36
33 11 34 11
37 2 37 3
17 23 18 23
24 2 24 3
10 35 10 34
28 14 28 13
4 32 5 32
30 12 30 11
35 35 35 34
11 18 10 18
3 4 2 4
8 25 7 25
16 9 15 9
10 34 9 34
2 4 2 5
35 11 36 11
12 7 12 6
6 8 5 8
15 28 15 29
2 31 3 31
26 9 26 10
3 31 3 32
1 17 1 16
19 36 20 36
1 21 1 22
37 3 36 3
37 32 37 33
36 34 37 34
25 22 26 22
36 8 35 8
9 16 8 16
1 35 1 34
25 21 25 20
10 23 11 23
24 4 25 4
10 32 11 32
34 1 34 2
12 6 13 6
36 13 37 13
35 34 35 33
11 14 10 14
4 10 3 10
6 7 6 8
9 34 9 33
4 18 3 18
22 2 22 3
0 21 0 22
5 14 5 13
0 10 1 10
22 21 22 20
8 0 8 1
1 34 1 33
10 24 11 24
18 37 18 36
10 14 10 15
2 20 3 20
17 10 16 10
6 20 6 21
1 13 2 13
2 25 2 24
23 2 23 3
35 3 35 4
1 33 1 32
1 22 1 23
0 2 1 2
34 3 34 4
7 9 6 9
31 34 31 33
10 33 10 34
4 2 5 2
8 9 9 9
0 19 1 19
5 32 5 31
27 8 28 8
29 19 29 18
3 5 3 4
32 3 32 2
5 5 6 5
6 9 6 10
23 17 23 18
24 25 23 25
23 3 23 4
5 13 5 12
13 6 13 5
19 1 19 2
32 33 32 34
23 18 22 18
11 13 11 12
12 35 12 34
31 9 30 9
19 24 19 23
34 30 33 30
22 24 22 23
24 11 24 10
19 10 19 9
20 5 20 4
33 15 33 16
4 4 4 3
31 24 31 23
11 37 10 37
29 18 29 17
24 33 24 34
24 3 24 4
21 34 21 33
1 23 1 24
2 34 2 33
33 20 33 19
11 21 12 21
26 10 27 10
20 29 19 29
28 23 28 24
14 24 15 24
19 2 19 3
6 5 7 5
8 24 9 24
24 17 23 17
33 26 33 25
23 4 23 5
0 17 1 17
29 17 29 16
6 31 7 31
24 22 25 22
25 16 26 16
11 32 12 32
21 11 21 10
30 22 31 22
18 23 18 22
23 17 23 18
29 25 29 26
6 21 6 22
13 5 14 5
1 1 0 1
6 28 6 29
18 22 19 22
19 22 19 21
24 4 24 5
31 33 32 33
19 3 19 4
12 32 13 32
10 10 9 10
19 21 20 21
32 11 32 12
15 24 16 24
24 26 25 26
28 5 27 5
1 32 1 31
33 16 32 16
1 31 1 30
36 0 37 0
3 32 4 32
31 23 30 23
32 12 32 13
6 35 6 34
23 14 22 14
23 37 23 36
35 36 34 36
20 21 20 20
28 1 28 2
11 34 11 33
19 23 18 23
11 3 12 3
8 1 8 2
5 33 4 33
31 4 31 3
4 32 5 32
1 30 1 29
28 10 28 9
27 0 27 1
30 23 29 23
34 2 34 3
18 25 18 26
13 32 14 32
15 25 16 25
13 1 13 0
37 0 37 1
9 9 10 9
30 11 30 10
5 32 6 32
7 27 8 27
24 19 25 19
24 14 23 14
33 0 33 1
1 24 1 25
26 16 27 16
26 36 26 35
25 31 24 31
29 1 29 0
11 12 11 11
28 36 28 35
6 32 7 32
10 9 10 8
32 34 32 35
24 31 24 32
30 30 29 30
37 34 37 35
25 14 25 15
17 31 17 32
1 29 1 28
19 4 19 5
1 25 0 25
1 28 1 27
1 27 1 26
189
28 2 32 2
8 2 9 2
30 19 33 19
15 4 20 4
9 15 10 15
9 12 9 15
15 32 15 36
25 13 26 13
25 30 25 33
34 3 36 3
29 26 29 30
5 2 5 4
0 30 0 34
6 34 10 34
14 2 14 5
5 1 5 2
10 1 15 1
21 33 25 33
29 12 31 12
31 3 31 6
25 22 25 26
0 0 3 0
2 15 2 22
33 19 33 22
32 33 35 33
8 15 9 15
28 24 29 24
11 7 13 7
35 26 35 27
6 12 9 12
0 7 0 18
19 33 19 37
25 20 25 22
33 28 33 30
33 30 33 32
20 24 20 27
32 7 32 8
17 27 20 27
10 34 10 37
9 32 14 32
20 24 23 24
9 10 9 12
36 11 36 12
9 2 14 2
9 32 9 33
13 7 15 7
28 3 31 3
12 5 14 5
7 7 7 8
7 2 7 5
0 34 5 34
22 18 23 18
25 33 32 33
22 3 28 3
32 30 33 30
14 25 16 25
9 18 10 18
1 26 7 26
20 4 22 4
3 3 3 4
2 13 2 15
9 15 9 17
5 1 10 1
7 8 10 8
25 30 29 30
33 12 34 12
20 14 20 20
33 9 33 12
0 1 5 1
0 22 2 22
23 0 28 0
5 12 6 12
27 16 29 16
15 9 15 11
15 1 15 4
36 12 36 14
2 22 6 22
11 11 11 16
22 20 25 20
16 10 16 15
29 11 29 12
5 31 5 34
20 20 22 20
22 3 22 4
11 23 11 24
22 18 22 20
0 18 0 22
34 12 36 12
26 35 28 35
22 4 25 4
7 32 9 32
16 24 16 25
32 4 34 4
0 1 0 7
29 26 30 26
11 16 13 16
9 17 9 18
7 26 10 26
20 36 23 36
0 7 7 7
2 22 2 23
17 29 17 30
24 10 27 10
32 30 32 33
30 19 30 26
9 18 9 24
31 6 31 12
25 26 25 30
29 16 32 16
3 10 3 11
10 0 10 1
32 4 32 7
28 3 28 8
17 27 17 29
23 24 23 25
32 8 35 8
13 7 13 10
32 13 32 16
33 12 33 19
10 26 15 26
6 27 6 29
26 13 26 22
14 32 14 37
6 29 10 29
10 29 15 29
25 22 26 22
6 29 6 34
0 25 7 25
10 18 10 26
11 16 11 23
14 5 18 5
32 2 32 4
18 35 18 36
19 33 21 33
15 7 15 9
36 3 36 11
3 10 6 10
27 10 27 16
16 6 19 6
32 2 35 2
3 20 7 20
7 7 11 7
18 5 19 5
23 5 24 5
35 1 35 2
14 37 16 37
3 18 3 20
16 24 20 24
19 5 19 6
35 33 37 33
17 29 18 29
16 37 19 37
9 10 13 10
10 11 10 12
5 34 6 34
35 1 37 1
10 11 11 11
31 12 33 12
7 20 7 25
28 13 32 13
28 0 28 2
15 29 15 32
3 4 5 4
6 8 6 10
9 37 10 37
28 35 32 35
3 11 3 18
29 16 29 23
29 24 29 26
2 5 7 5
30 26 35 26
17 36 18 36
32 35 37 35
16 15 16 24
37 1 37 5
11 24 16 24
20 23 20 24
0 25 0 30
16 10 21 10
27 16 27 28
27 10 30 10
28 32 29 32
15 36 17 36
19 5 23 5
15 29 17 29
24 5 24 10
21 10 24 10
7 2 8 2
10 34 12 34
