113
5 29 5 30
9 28 9 29
14 1 14 0
35 32 35 33
0 28 1 28
24 34 24 35
35 15 34 15
22 23 23 23
4 8 4 9
29 1 29 2
20 7 20 6
1 35 2 35
28 24 28 23
6 34 6 33
25 13 25 12
33 15 33 14
25 14 25 15
27 17 28 17
12 21 11 21
3 33 3 32
7 25 7 26
4 12 3 12
28 23 28 22
34 5 34 4
10 34 9 34
0 26 1 26
2 23 3 23
1 28 2 28
0 0 1 0
4 9 3 9
10 29 10 28
20 4 19 4
15 1 14 1
18 17 18 16
16 8 16 9
34 35 34 34
32 5 32 4
1 26 2 26
26 17 26 16
4 28 4 29
28 22 27 22
34 34 33 34
16 9 15 9
23 28 23 29
2 35 2 34
13 10 13 11
0 18 0 17
10 23 10 24
4 19 4 18
35 33 35 34
10 27 9 27
31 15 31 16
35 24 34 24
0 17 1 17
15 35 15 34
15 8 16 8
32 26 33 26
25 35 25 34
4 33 4 32
19 4 19 5
17 5 17 6
1 17 1 16
4 4 4 3
2 34 2 33
35 27 34 27
17 14 17 13
13 11 14 11
16 26 16 27
18 19 18 18
35 5 34 5
12 30 12 29
29 20 30 20
31 7 30 7
11 31 12 31
4 34 4 33
17 4 17 5
15 22 15 21
11 1 11 0
35 3 35 2
25 20 25 21
12 29 12 28
11 21 11 22
0 13 1 13
12 31 13 31
9 4 8 4
12 17 12 16
29 23 29 24
7 16 6 16
32 18 32 19
9 8 8 8
20 9 20 10
17 6 17 7
28 21 28 22
7 26 7 27
32 2 32 3
19 5 19 6
10 30 10 29
13 31 14 31
5 27 4 27
30 12 30 11
19 6 19 7
3 1 2 1
1 16 2 16
11 17 11 16
25 28 25 27
28 26 28 25
3 8 3 7
30 1 31 1
33 14 32 14
14 31 14 30
12 28 11 28
7 1 7 0
26 16 25 16
187
11 11 11 14
2 33 4 33
16 13 17 13
25 34 33 34
20 19 21 19
14 4 22 4
4 16 4 17
11 11 12 11
32 6 32 7
6 13 6 16
2 26 2 28
3 7 4 7
25 27 25 31
2 28 5 28
11 26 17 26
20 13 27 13
32 7 32 14
1 19 9 19
21 17 28 17
30 19 32 19
34 27 34 32
27 19 30 19
8 4 8 7
33 28 33 34
16 19 16 22
11 22 11 25
10 24 10 28
21 20 26 20
21 17 21 19
11 22 16 22
14 1 14 4
11 28 15 28
20 15 23 15
30 19 30 20
33 34 35 34
4 7 4 16
5 24 7 24
14 8 16 8
4 3 4 5
8 7 8 8
15 28 21 28
4 7 8 7
34 4 35 4
35 11 35 34
2 16 4 16
32 4 32 6
2 1 2 3
27 1 27 3
2 3 4 3
9 35 14 35
17 13 20 13
27 21 27 22
16 8 16 13
28 16 31 16
2 29 3 29
19 22 19 23
2 29 2 33
11 25 11 26
26 22 27 22
4 5 4 6
20 15 20 19
26 20 26 22
32 3 32 4
14 8 14 11
19 34 25 34
15 9 15 11
14 30 18 30
11 26 11 28
22 4 22 7
5 24 5 28
10 28 11 28
1 29 1 33
17 9 17 13
27 3 32 3
24 14 32 14
4 33 6 33
32 28 33 28
32 28 32 29
19 23 19 25
31 2 34 2
20 13 20 15
8 4 14 4
27 1 31 1
26 28 32 28
20 10 22 10
27 29 32 29
7 0 11 0
11 0 14 0
2 28 2 29
4 16 6 16
7 24 10 24
19 25 20 25
18 34 19 34
32 15 32 16
18 16 18 18
15 13 15 16
1 19 1 29
12 11 14 11
28 16 28 17
25 25 25 27
22 11 30 11
22 10 22 11
15 27 15 28
9 34 9 35
34 26 34 27
20 10 20 13
1 0 1 4
32 4 34 4
26 6 32 6
25 31 29 31
5 3 7 3
24 15 25 15
22 7 22 10
4 29 9 29
3 9 3 12
4 31 4 32
3 21 3 23
1 34 9 34
23 23 23 25
21 19 21 20
13 25 19 25
10 16 11 16
34 2 35 2
30 20 30 22
11 29 21 29
3 12 3 13
22 4 32 4
25 15 32 15
14 35 16 35
18 30 18 34
26 23 32 23
25 27 32 27
35 4 35 11
32 19 32 23
9 7 9 19
15 16 15 21
9 29 9 34
9 7 10 7
32 15 34 15
10 29 11 29
3 32 4 32
1 4 1 13
15 11 15 13
12 16 15 16
16 19 20 19
25 19 27 19
9 27 9 29
34 7 34 14
13 7 17 7
20 23 23 23
4 6 4 7
11 16 12 16
25 7 26 7
34 24 34 26
25 15 25 16
28 22 30 22
15 16 18 16
19 7 21 7
34 14 34 15
3 21 15 21
1 0 7 0
23 25 23 29
23 16 25 16
1 13 3 13
29 2 31 2
1 13 1 19
21 29 23 29
25 25 28 25
13 19 13 20
23 21 23 23
32 27 34 27
7 3 7 6
1 33 1 34
10 7 10 16
23 25 25 25
7 0 7 3
16 22 19 22
32 16 32 19
17 7 19 7
9 29 10 29
9 19 13 19
24 6 26 6
10 7 13 7
1 4 3 4
4 29 4 31
7 27 9 27
32 23 32 27
