310
29 9 29 10
38 34 37 34
7 39 7 40
36 22 35 22
22 42 22 41
22 41 22 40
16 21 16 20
22 36 22 35
42 43 42 44
16 22 16 21
3 13 2 13
28 22 28 23
7 40 7 41
21 5 21 4
40 20 40 19
20 21 20 22
40 45 40 44
27 18 28 18
23 32 24 32
31 35 31 36
40 37 40 36
6 43 6 42
9 21 10 21
1 7 1 8
3 30 3 29
2 44 1 44
28 11 28 12
10 5 10 6
47 11 47 12
34 17 35 17
34 11 33 11
38 19 39 19
47 5 46 5
47 12 47 13
11 8 11 9
35 44 35 45
4 5 5 5
22 21 23 21
29 11 28 11
13 3 14 3
18 13 19 13
17 21 17 20
14 9 14 10
20 17 20 16
33 37 33 36
37 16 36 16
38 44 38 45
1 44 1 43
44 34 43 34
24 46 25 46
40 14 41 14
9 22 8 22
6 2 6 3
42 44 42 45
25 37 25 38
4 43 4 42
46 5 46 6
12 8 11 8
26 18 27 18
36 18 37 18
26 45 26 46
37 34 37 35
13 12 13 11
39 33 38 33
33 36 33 35
26 15 26 14
6 15 6 14
44 9 44 10
27 40 28 40
13 20 14 20
24 29 23 29
19 18 19 19
3 29 2 29
31 7 31 6
28 18 28 17
17 28 17 27
22 35 23 35
17 17 18 17
26 8 25 8
42 6 42 7
20 18 20 17
12 3 12 2
10 21 10 20
1 13 1 12
41 14 41 13
37 44 37 43
45 37 44 37
35 37 36 37
20 38 20 39
21 3 21 2
39 39 38 39
40 36 39 36
1 8 1 9
37 24 38 24
2 29 2 30
12 44 13 44
39 36 38 36
11 0 11 1
12 2 11 2
2 13 2 12
33 7 33 8
18 37 19 37
39 19 39 20
21 23 22 23
36 37 36 36
36 29 36 30
29 34 28 34
24 19 24 20
36 30 35 30
7 41 8 41
2 25 1 25
41 32 41 33
25 46 25 45
9 45 9 44
3 25 2 25
16 20 16 19
29 40 30 40
17 16 17 17
34 6 34 7
0 3 0 4
22 40 23 40
26 39 26 40
19 32 20 32
45 8 44 8
20 32 21 32
12 1 12 0
37 35 37 36
7 27 7 26
7 26 8 26
44 15 44 14
35 25 34 25
10 42 9 42
38 42 38 43
2 26 3 26
7 6 8 6
13 11 14 11
39 46 39 45
21 4 22 4
12 27 12 26
37 36 37 37
16 41 16 42
1 17 0 17
11 9 12 9
9 47 8 47
2 22 2 21
45 34 44 34
6 44 6 43
8 39 7 39
27 18 27 19
32 7 32 8
36 47 36 46
30 12 29 12
23 40 23 39
8 16 9 16
9 14 9 13
22 27 21 27
33 10 33 9
35 17 36 17
14 11 15 11
10 7 11 7
45 43 45 44
31 6 31 5
26 14 26 13
0 4 0 5
18 17 18 18
28 25 28 24
30 27 30 26
9 13 10 13
19 37 19 36
41 33 41 34
37 22 37 23
28 34 27 34
23 39 23 38
0 18 0 19
33 33 34 33
20 17 19 17
36 17 37 17
19 19 20 19
41 34 41 35
35 20 35 19
33 12 32 12
4 25 4 26
35 30 34 30
8 6 8 7
27 2 26 2
1 12 0 12
8 7 8 8
20 11 20 10
42 45 42 46
19 27 19 28
34 28 33 28
45 21 45 22
11 28 11 27
27 27 28 27
0 13 1 13
33 11 33 10
2 4 2 5
38 22 37 22
3 20 3 21
45 6 44 6
47 13 46 13
16 4 17 4
40 19 39 19
37 18 37 19
22 12 22 13
27 11 27 10
46 36 46 35
43 42 43 43
47 31 46 31
35 45 36 45
28 27 28 28
0 9 0 8
13 44 13 43
22 39 22 40
4 32 5 32
35 22 35 21
26 0 26 1
34 30 34 31
35 24 35 25
9 12 9 13
26 16 27 16
24 32 25 32
8 8 8 9
37 23 37 24
36 16 36 17
8 9 9 9
4 39 4 38
0 19 1 19
13 43 13 42
45 40 45 41
6 3 6 4
20 24 20 23
44 14 44 13
14 10 15 10
15 11 15 12
32 12 32 11
45 5 45 6
28 20 29 20
45 6 45 7
35 21 35 20
25 32 26 32
19 17 18 17
40 18 40 17
24 10 24 11
26 40 26 41
10 20 11 20
37 24 37 25
36 17 36 18
36 31 35 31
24 1 24 2
10 6 10 7
34 10 35 10
46 35 45 35
35 19 36 19
25 29 25 30
45 35 44 35
25 4 25 5
29 46 29 45
8 45 9 45
35 20 35 19
15 27 15 28
5 15 4 15
5 32 6 32
10 7 10 8
13 42 13 43
6 4 6 5
39 19 39 18
29 8 30 8
44 8 44 9
7 19 7 18
44 13 44 12
19 36 20 36
31 19 31 20
42 9 42 10
10 8 10 9
19 21 18 21
23 23 23 22
45 22 46 22
6 5 6 6
44 9 45 9
36 8 35 8
33 1 33 0
19 3 20 3
38 43 38 44
47 29 47 30
37 43 36 43
12 26 11 26
41 35 42 35
36 21 36 22
27 35 27 36
37 25 36 25
6 6 6 7
38 18 38 19
30 40 30 41
2 30 2 31
29 45 29 44
41 31 40 31
10 24 10 25
13 43 14 43
39 18 38 18
12 0 13 0
32 6 33 6
22 11 22 12
27 9 28 9
6 7 6 8
22 0 21 0
35 29 35 28
4 6 4 7
6 8 6 9
5 28 5 29
189
34 33 37 33
26 41 29 41
13 8 13 23
28 24 38 24
20 27 20 36
2 25 2 31
25 45 36 45
33 0 37 0
8 47 19 47
17 27 20 27
8 24 8 26
20 27 21 27
28 35 28 40
21 10 25 10
5 8 11 8
35 25 35 26
6 43 8 43
1 19 1 22
38 44 40 44
35 18 36 18
18 11 18 12
1 9 1 13
26 2 26 6
8 26 8 36
20 23 20 27
37 15 37 17
1 13 1 19
45 23 45 41
29 10 29 12
26 34 27 34
39 12 41 12
26 43 29 43
16 26 16 38
9 42 9 44
26 32 26 34
42 10 44 10
8 43 8 47
20 23 22 23
35 18 35 19
11 25 11 26
4 26 8 26
28 24 28 28
15 19 16 19
9 9 9 13
29 37 29 41
9 13 9 16
5 13 9 13
28 11 28 12
25 8 30 8
1 13 5 13
29 37 37 37
39 13 39 17
35 25 36 25
2 21 3 21
22 12 22 13
11 26 15 26
4 26 4 27
5 13 5 14
15 12 15 19
42 35 43 35
33 0 33 6
15 10 20 10
15 0 21 0
29 28 29 35
0 8 0 12
36 18 38 18
34 26 34 31
14 43 25 43
8 41 8 43
19 5 25 5
4 20 4 26
28 23 28 24
34 26 35 26
39 20 45 20
1 25 1 43
1 22 1 25
13 0 15 0
22 12 28 12
9 9 10 9
28 17 37 17
18 12 22 12
9 7 11 7
3 26 4 26
5 8 5 12
21 27 21 32
39 13 41 13
18 21 23 21
25 43 26 43
16 21 18 21
25 10 27 10
26 7 30 7
3 21 3 26
26 41 26 43
42 7 42 10
38 33 38 36
46 0 46 6
29 12 39 12
5 2 5 3
5 5 5 8
27 28 27 34
6 9 9 9
11 2 21 2
26 37 26 41
41 13 46 13
38 39 38 41
45 20 45 23
38 36 38 39
44 6 46 6
36 35 36 36
8 26 11 26
39 17 39 20
30 7 34 7
27 19 27 28
36 46 42 46
23 21 23 22
38 24 38 33
21 0 33 0
36 45 36 46
29 41 29 42
29 10 33 10
29 35 33 35
45 41 45 44
15 26 16 26
44 6 44 10
34 7 42 7
21 32 26 32
41 12 44 12
25 15 25 19
16 21 16 26
28 28 29 28
34 31 34 33
8 41 23 41
27 10 29 10
23 22 23 24
23 35 23 38
15 10 15 12
6 20 11 20
34 19 35 19
33 35 36 35
18 12 18 17
46 6 46 13
38 41 38 44
25 5 25 8
20 10 21 10
11 1 13 1
4 15 4 20
9 5 19 5
28 35 29 35
1 25 2 25
4 27 4 34
16 38 23 38
37 33 37 37
20 19 25 19
30 7 30 8
25 43 25 45
5 5 9 5
25 19 27 19
31 20 39 20
43 35 44 35
0 8 5 8
28 23 31 23
26 6 33 6
20 16 20 19
11 20 11 25
31 20 31 23
1 43 6 43
16 19 20 19
28 12 28 17
5 3 5 5
23 38 25 38
11 8 13 8
27 19 34 19
42 35 42 46
11 8 11 20
23 24 23 29
29 28 33 28
11 1 11 2
5 2 11 2
4 38 16 38
14 43 14 44
22 13 26 13
26 34 26 37
17 17 18 17
37 17 39 17
9 44 14 44
11 7 11 8
23 41 26 41
37 37 37 38
36 44 38 44
