115
10 28 10 29
34 9 33 9
20 28 19 28
11 29 12 29
15 5 14 5
35 30 35 29
21 36 21 35
33 22 33 21
18 9 18 8
27 23 27 24
22 31 21 31
23 31 24 31
14 5 13 5
31 32 30 32
15 31 15 32
24 27 24 26
9 27 10 27
24 3 24 4
17 12 16 12
33 18 32 18
33 24 34 24
15 32 15 33
28 25 28 24
21 2 20 2
24 35 24 34
13 1 13 2
13 30 13 29
12 17 11 17
35 18 35 19
20 17 20 16
33 25 34 25
16 28 16 29
24 26 25 26
10 9 11 9
30 32 30 31
12 33 12 32
15 21 16 21
18 1 17 1
6 0 6 1
6 23 6 24
35 32 35 31
1 10 0 10
27 24 27 25
28 21 28 22
12 29 12 30
8 23 7 23
26 36 26 35
18 4 18 3
25 35 25 36
14 14 15 14
24 31 24 32
18 22 19 22
26 8 25 8
7 5 8 5
24 34 24 33
6 14 6 15
18 10 18 9
32 6 33 6
36 23 36 24
25 23 25 24
16 12 16 13
35 10 35 9
17 1 17 2
12 1 11 1
4 17 3 17
25 7 25 6
33 34 33 35
21 35 22 35
27 25 28 25
13 35 13 36
26 35 26 34
30 10 30 11
29 3 29 4
27 1 26 1
10 27 11 27
20 16 21 16
1 12 1 11
8 8 9 8
30 36 30 35
34 20 33 20
32 20 32 19
31 3 30 3
27 14 27 15
15 14 16 14
5 5 5 4
27 19 28 19
14 22 14 21
17 34 18 34
29 34 30 34
15 12 15 13
6 15 5 15
13 13 14 13
10 10 10 9
17 6 17 5
33 6 33 7
22 35 23 35
24 7 25 7
21 16 21 15
14 18 13 18
20 8 20 9
18 11 17 11
23 35 23 34
2 18 3 18
10 29 11 29
15 6 16 6
18 34 18 33
28 15 28 14
19 15 18 15
20 15 19 15
1 11 1 10
28 16 27 16
33 35 34 35
24 2 25 2
33 29 33 30
17 3 17 4
185
14 12 14 13
16 18 29 18
13 9 18 9
6 1 11 1
29 31 30 31
13 9 13 18
35 28 35 29
25 27 25 30
13 5 13 9
33 20 33 21
26 3 30 3
33 9 35 9
26 34 30 34
34 19 35 19
23 34 26 34
18 3 26 3
29 21 33 21
20 1 20 2
9 2 9 8
13 34 14 34
10 19 10 20
19 22 21 22
34 19 34 21
7 2 9 2
10 35 10 36
30 31 35 31
3 23 4 23
14 21 14 29
5 8 9 8
25 8 25 13
21 22 21 31
28 25 28 26
14 12 18 12
6 19 10 19
12 30 12 32
12 32 14 32
18 9 20 9
30 35 34 35
15 28 19 28
30 26 30 31
34 21 34 24
30 20 33 20
11 1 20 1
18 12 18 13
11 35 14 35
30 7 33 7
10 9 10 19
3 17 7 17
35 29 35 31
5 10 5 15
28 25 34 25
23 2 25 2
14 34 23 34
26 0 26 1
7 21 7 23
30 3 30 7
13 21 13 24
34 24 36 24
11 29 11 35
11 9 13 9
33 21 34 21
4 2 7 2
16 2 16 6
27 15 27 16
25 2 26 2
33 9 33 11
3 20 3 23
13 21 14 21
11 2 11 9
10 20 10 35
3 17 3 18
35 20 36 20
30 3 35 3
28 26 30 26
25 26 28 26
7 2 7 6
27 16 31 16
24 6 25 6
33 7 33 9
18 9 18 12
18 29 18 33
13 3 13 5
25 7 30 7
16 16 16 18
1 10 3 10
11 1 11 2
22 6 23 6
13 24 13 26
33 11 33 20
18 8 21 8
3 18 3 20
18 33 24 33
19 22 19 28
31 29 35 29
11 27 11 28
23 0 26 0
18 15 18 17
0 2 4 2
14 13 15 13
4 22 4 23
14 35 30 35
10 9 11 9
21 8 21 13
23 12 24 12
16 2 17 2
34 24 34 25
23 6 23 12
26 0 35 0
29 18 32 18
9 2 11 2
16 14 16 16
8 0 23 0
16 18 16 21
9 20 10 20
21 13 21 15
17 15 18 15
0 2 0 10
24 20 24 24
15 13 15 28
7 29 8 29
26 2 26 3
4 3 4 5
21 15 27 15
24 32 24 33
32 32 32 33
32 9 32 15
4 0 8 0
11 15 11 17
21 13 24 13
25 30 26 30
2 23 3 23
15 33 18 33
32 18 32 19
24 4 24 6
4 3 6 3
28 22 30 22
17 2 19 2
3 20 9 20
4 15 4 16
27 15 32 15
4 23 7 23
20 2 23 2
25 30 25 32
34 32 34 35
14 29 14 32
24 12 24 13
4 15 5 15
28 19 30 19
8 35 10 35
28 22 28 24
27 11 27 15
16 13 16 14
36 13 36 20
16 6 22 6
14 32 14 34
17 2 17 4
25 7 25 8
24 32 25 32
11 28 11 29
32 32 34 32
25 24 28 24
3 10 5 10
29 9 32 9
32 15 32 18
3 8 3 10
35 29 36 29
3 5 4 5
27 11 30 11
3 5 3 8
22 1 26 1
28 19 28 22
7 29 7 33
23 5 23 6
19 15 21 15
18 13 18 15
11 17 11 27
24 4 25 4
13 18 13 21
30 19 32 19
24 24 25 24
23 6 24 6
24 24 24 32
25 32 32 32
19 10 19 15
11 29 13 29
