313
24 21 24 22
27 26 28 26
19 19 18 19
25 15 25 16
8 8 7 8
7 4 6 4
11 2 11 3
10 2 11 2
7 21 8 21
9 3 9 4
4 11 3 11
24 8 23 8
6 15 6 14
18 6 18 7
0 3 1 3
9 13 9 12
19 6 19 5
9 2 9 3
8 16 8 15
27 6 27 7
23 21 24 21
18 1 18 0
23 20 23 21
20 16 20 15
2 6 3 6
2 14 2 13
23 19 23 20
9 14 9 13
24 23 23 23
25 5 25 4
16 27 16 28
13 16 13 17
1 3 2 3
2 18 2 19
5 9 5 8
26 5 26 4
19 22 19 21
20 12 21 12
23 21 22 21
12 7 11 7
14 19 14 20
16 15 16 16
24 9 24 8
15 8 16 8
28 16 27 16
9 7 10 7
25 9 25 8
23 0 23 1
27 16 27 17
4 9 5 9
9 15 9 16
27 12 26 12
6 23 6 24
26 6 26 5
23 14 22 14
1 1 2 1
3 1 4 1
3 2 3 1
24 0 23 0
24 12 24 13
2 13 3 13
26 26 27 26
19 10 20 10
20 7 21 7
26 15 25 15
5 0 6 0
22 9 22 8
13 7 14 7
3 25 2 25
27 18 28 18
5 23 6 23
25 23 25 24
15 22 14 22
1 16 2 16
7 20 8 20
8 7 8 8
14 27 13 27
17 1 18 1
14 26 13 26
23 8 23 7
23 17 23 16
5 2 5 1
19 7 19 6
14 8 13 8
14 23 15 23
3 6 4 6
16 3 16 4
10 12 10 11
10 9 10 10
2 26 3 26
23 7 22 7
10 15 9 15
17 19 17 20
13 28 14 28
16 4 16 5
8 21 8 22
27 11 27 12
3 13 3 14
5 19 5 20
26 25 26 24
3 7 3 6
19 2 19 1
5 20 5 21
18 15 18 16
17 20 17 21
7 12 6 12
7 13 7 12
5 24 5 23
25 24 25 23
18 19 17 19
28 15 28 16
2 12 2 13
26 12 26 13
13 15 13 16
16 12 16 13
23 9 23 8
7 10 7 11
24 21 23 21
11 12 10 12
23 1 23 2
13 26 14 26
5 26 5 27
17 21 18 21
14 3 15 3
17 17 17 16
15 12 16 12
28 6 27 6
24 16 24 17
14 5 15 5
27 25 26 25
25 0 24 0
0 14 0 13
17 19 16 19
3 4 2 4
14 28 14 27
4 15 3 15
26 14 26 15
15 16 15 15
28 5 28 4
21 16 21 17
16 20 16 21
25 2 25 1
6 13 7 13
13 21 13 22
11 7 11 8
20 3 19 3
12 6 12 7
18 2 19 2
25 26 24 26
6 25 7 25
8 18 9 18
13 13 13 14
23 24 23 25
26 13 25 13
13 19 14 19
12 17 12 18
27 17 26 17
2 1 2 2
2 22 2 23
11 16 12 16
10 10 9 10
21 3 21 2
26 5 25 5
19 6 18 6
27 6 26 6
27 19 28 19
25 21 25 20
9 10 10 10
5 18 5 19
28 16 27 16
16 2 16 1
25 20 25 21
17 4 16 4
0 2 0 3
7 8 7 9
23 23 23 24
25 12 26 12
27 3 27 2
27 7 27 6
9 19 8 19
22 7 22 6
18 10 18 11
14 1 13 1
17 6 17 5
24 26 24 27
15 23 16 23
1 18 2 18
4 10 4 11
1 8 1 9
3 6 2 6
21 28 22 28
22 19 23 19
26 27 25 27
12 0 13 0
27 8 27 7
2 7 2 8
27 6 28 6
3 23 4 23
17 24 16 24
25 10 26 10
25 6 25 7
16 5 16 6
26 18 27 18
14 2 14 3
9 9 8 9
28 8 27 8
16 4 16 5
2 23 3 23
5 21 6 21
6 20 7 20
26 6 25 6
8 6 8 7
22 5 21 5
2 27 2 26
7 1 8 1
1 27 1 26
10 6 9 6
21 15 21 16
10 19 9 19
10 3 10 2
0 8 1 8
25 21 25 20
14 20 13 20
18 20 19 20
8 4 7 4
28 9 28 8
16 26 16 27
23 24 22 24
27 5 28 5
23 2 24 2
12 23 11 23
2 17 3 17
10 2 9 2
8 7 9 7
27 7 27 6
9 7 9 8
27 8 27 7
26 22 26 21
12 27 12 26
1 17 1 18
28 21 27 21
5 22 5 21
25 22 26 22
26 21 25 21
15 28 14 28
9 2 8 2
17 5 17 4
13 5 12 5
27 9 27 8
26 25 26 26
3 16 4 16
13 12 13 13
25 6 24 6
22 14 23 14
11 3 10 3
25 15 24 15
2 13 2 14
26 11 27 11
16 13 15 13
4 7 3 7
21 27 21 28
0 7 0 8
7 3 6 3
19 2 20 2
16 27 16 26
5 3 4 3
14 22 14 23
24 0 25 0
0 8 0 7
16 22 15 22
8 1 8 0
14 26 13 26
14 3 14 4
19 1 19 0
5 25 6 25
23 5 23 4
2 0 3 0
3 17 4 17
22 24 22 25
1 14 1 15
13 23 13 24
21 26 21 27
2 16 3 16
26 22 27 22
25 16 25 15
16 1 16 2
16 11 15 11
0 9 0 8
27 6 26 6
2 14 1 14
17 14 16 14
6 3 7 3
27 22 26 22
6 26 5 26
16 12 16 11
0 11 1 11
13 24 13 23
27 7 27 6
9 1 9 2
14 15 14 14
19 27 18 27
15 1 16 1
16 14 17 14
24 2 23 2
5 12 5 13
15 2 15 1
22 25 22 26
1 0 1 1
22 26 21 26
26 3 27 3
25 4 24 4
5 16 5 17
24 15 24 16
185
8 8 8 9
0 13 4 13
6 10 6 11
4 6 4 8
16 8 16 9
23 20 23 21
6 21 11 21
5 23 6 23
23 2 26 2
6 18 6 21
4 12 4 13
22 13 24 13
25 11 25 13
5 8 8 8
20 9 20 10
27 15 27 16
20 13 20 14
24 13 25 13
5 15 8 15
10 1 10 3
16 0 17 0
7 14 8 14
22 20 23 20
2 2 7 2
12 15 15 15
16 23 17 23
23 2 23 3
12 18 13 18
21 26 26 26
21 7 24 7
17 18 17 22
16 11 17 11
8 2 8 3
3 14 3 15
4 12 6 12
7 2 8 2
12 15 12 16
24 6 24 7
2 26 2 28
16 6 18 6
14 0 15 0
3 26 5 26
9 13 11 13
20 9 21 9
20 22 20 25
15 27 17 27
17 2 17 4
10 8 11 8
13 25 14 25
16 10 20 10
8 3 8 5
16 6 16 8
16 16 16 17
2 5 3 5
16 18 17 18
8 20 10 20
2 15 2 18
14 25 14 27
14 0 14 4
17 25 17 26
4 13 5 13
1 26 2 26
14 27 15 27
24 20 24 22
26 9 26 10
6 10 10 10
9 3 10 3
16 21 16 23
5 14 5 15
7 13 7 14
15 19 16 19
24 17 26 17
26 6 27 6
17 22 20 22
18 3 19 3
9 13 9 15
15 13 15 14
25 13 25 14
14 4 17 4
15 15 15 18
22 3 23 3
8 19 8 20
1 15 2 15
14 18 15 18
0 13 0 15
18 3 18 5
22 15 23 15
26 24 26 26
5 23 5 26
2 28 3 28
13 8 16 8
12 5 12 7
11 8 11 11
19 0 19 3
3 3 3 5
19 15 20 15
8 15 9 15
22 13 22 15
25 20 25 21
27 20 27 21
17 23 17 25
16 10 16 11
6 0 6 1
26 10 28 10
8 5 8 8
23 19 24 19
11 11 11 13
10 7 12 7
1 14 1 15
6 21 6 23
26 10 26 12
19 3 22 3
2 20 2 25
22 3 22 6
16 19 16 21
2 19 2 20
24 13 24 16
13 8 13 13
13 18 13 20
2 19 3 19
26 24 27 24
16 1 18 1
26 4 26 6
18 1 18 3
10 20 13 20
18 5 18 6
24 19 24 20
0 15 1 15
26 16 27 16
10 3 10 7
18 27 21 27
20 15 22 15
7 5 8 5
6 1 10 1
22 15 22 20
20 11 20 13
22 22 24 22
14 4 14 7
24 16 24 17
4 8 5 8
26 28 27 28
15 18 15 19
20 10 20 11
20 13 21 13
18 25 20 25
11 21 14 21
21 7 21 9
24 22 24 24
4 11 4 12
10 8 10 10
4 8 4 11
27 18 27 20
2 25 2 26
25 21 25 23
16 2 17 2
21 26 21 27
17 27 18 27
2 2 2 3
24 20 25 20
24 10 24 13
26 26 26 28
27 16 27 18
16 17 18 17
8 13 9 13
24 4 26 4
21 9 26 9
2 18 3 18
17 26 17 27
15 14 15 15
13 13 15 13
3 18 6 18
8 15 8 19
14 21 16 21
12 7 14 7
26 2 26 4
26 12 26 15
10 7 10 8
15 0 16 0
5 13 7 13
15 15 19 15
26 15 26 16
16 17 16 18
25 20 27 20
20 22 22 22
3 15 5 15
