213
19 8 20 8
12 4 13 4
26 22 25 22
16 2 17 2
2 26 3 26
16 14 17 14
23 4 24 4
7 25 7 24
25 18 26 18
26 13 25 13
20 12 19 12
15 20 16 20
26 14 27 14
5 26 4 26
8 18 9 18
15 24 14 24
24 4 25 4
1 25 0 25
26 24 25 24
25 9 26 9
26 21 25 21
25 16 24 16
4 17 4 18
0 16 1 16
19 19 19 20
22 2 23 2
17 23 17 24
22 25 22 24
12 22 12 21
0 17 1 17
24 13 24 14
7 26 7 25
17 24 16 24
0 14 1 14
1 6 2 6
8 20 8 19
2 23 1 23
21 24 21 25
2 24 1 24
13 26 13 25
19 4 20 4
19 16 19 15
19 17 19 16
20 3 21 3
3 5 3 4
12 1 13 1
9 23 9 22
3 3 3 2
7 0 7 1
22 9 22 8
16 16 17 16
7 19 6 19
27 10 27 11
1 16 2 16
23 17 22 17
6 19 6 20
19 2 19 1
21 17 21 18
12 5 12 4
2 27 2 26
16 24 15 24
8 23 7 23
8 19 8 18
11 22 12 22
2 5 2 4
6 20 5 20
2 25 2 24
23 14 23 13
10 1 10 2
23 9 22 9
14 21 14 22
6 18 6 17
25 12 26 12
7 24 8 24
3 27 2 27
8 7 9 7
19 3 18 3
0 7 0 6
26 10 27 10
0 6 1 6
2 26 2 25
9 24 10 24
21 25 22 25
9 14 8 14
3 21 4 21
2 24 3 24
9 25 9 24
1 3 2 3
2 13 2 14
4 24 5 24
19 5 19 4
12 21 11 21
14 4 14 5
22 5 22 6
18 6 17 6
24 24 23 24
22 10 21 10
19 10 18 10
4 25 4 24
19 20 19 21
1 20 1 19
7 23 7 24
16 1 16 2
17 6 16 6
1 13 1 12
16 13 16 14
2 20 1 20
7 15 6 15
9 11 9 12
21 12 22 12
2 27 2 26
23 10 23 9
11 12 11 11
24 12 25 12
16 23 16 22
26 6 25 6
26 2 25 2
19 9 19 8
13 25 13 24
8 15 7 15
10 23 11 23
2 1 2 2
22 20 21 20
17 26 17 25
12 25 12 24
18 5 17 5
13 4 14 4
3 0 4 0
3 1 3 0
24 8 23 8
14 5 15 5
10 9 9 9
14 6 13 6
4 6 5 6
25 10 25 9
20 4 20 5
5 9 4 9
16 8 16 7
17 22 17 21
22 19 23 19
20 13 20 12
19 8 18 8
3 12 2 12
18 3 18 2
17 18 18 18
21 26 21 25
4 9 4 8
27 22 26 22
19 25 19 26
14 1 15 1
24 26 23 26
25 2 24 2
1 8 2 8
13 17 14 17
9 20 8 20
12 6 11 6
5 3 4 3
25 21 25 20
26 7 27 7
17 10 17 9
14 4 15 4
26 9 26 10
11 9 10 9
21 15 21 16
10 14 9 14
9 14 10 14
14 17 13 17
3 13 3 12
0 3 0 4
11 18 11 19
25 26 25 27
11 10 10 10
13 19 13 18
17 27 18 27
13 10 13 9
4 0 4 1
4 21 4 20
12 15 12 16
20 5 20 4
25 20 25 19
25 7 25 8
15 25 16 25
1 10 2 10
14 8 14 9
26 26 25 26
23 9 24 9
1 6 1 5
8 3 8 2
3 4 4 4
0 15 0 14
13 18 14 18
6 11 5 11
23 26 24 26
2 7 3 7
0 10 0 11
27 7 27 6
16 0 15 0
2 8 2 7
15 1 15 2
14 18 14 19
6 3 5 3
15 2 15 1
13 9 13 10
7 4 6 4
1 1 2 1
8 13 9 13
11 14 12 14
9 17 10 17
16 25 16 26
8 12 7 12
16 26 17 26
4 20 4 21
23 19 24 19
187
0 27 1 27
23 2 24 2
11 25 11 26
13 0 14 0
23 24 23 25
22 13 23 13
16 2 16 3
4 15 4 18
14 16 15 16
9 22 10 22
20 8 20 10
4 24 5 24
2 18 2 25
19 1 23 1
8 17 8 18
12 3 12 4
10 11 11 11
10 16 11 16
14 3 16 3
4 11 4 12
8 22 9 22
19 6 20 6
5 20 8 20
21 21 22 21
26 4 27 4
16 6 19 6
15 9 15 14
16 3 16 4
11 16 11 17
4 8 4 10
15 19 15 22
8 26 9 26
3 0 5 0
26 10 26 11
19 1 19 4
11 17 12 17
11 4 12 4
20 10 20 12
14 15 14 16
7 25 11 25
19 21 19 22
23 13 25 13
10 12 10 13
9 7 9 9
4 12 4 13
16 17 17 17
26 8 26 10
17 4 19 4
14 26 15 26
21 6 21 10
2 2 3 2
15 4 16 4
22 25 22 27
25 15 25 19
11 11 11 13
4 26 4 27
15 22 15 24
19 15 20 15
13 1 13 3
17 2 17 3
21 25 21 27
2 25 3 25
15 16 15 17
0 14 0 25
26 4 26 8
5 20 5 24
7 13 7 14
14 9 14 11
4 11 5 11
12 3 13 3
11 13 14 13
17 20 17 21
25 12 25 13
0 26 0 27
17 3 17 4
16 14 16 17
7 24 7 25
20 15 20 16
21 6 22 6
25 4 26 4
4 4 4 8
8 16 9 16
0 0 3 0
17 21 17 25
7 13 9 13
8 17 10 17
3 12 4 12
22 13 22 17
23 24 25 24
21 10 24 10
17 17 18 17
7 1 13 1
20 2 21 2
25 22 25 24
18 27 21 27
14 2 14 3
10 10 12 10
20 25 21 25
15 19 20 19
19 6 19 11
8 21 8 22
14 3 14 9
25 19 25 22
20 12 20 15
26 19 26 22
21 18 23 18
23 2 23 8
3 25 6 25
20 2 20 4
12 22 14 22
0 13 4 13
21 19 21 20
20 4 20 6
2 14 7 14
26 11 26 12
1 27 4 27
0 4 2 4
9 9 9 10
25 1 25 3
21 19 24 19
16 4 16 6
17 21 19 21
3 0 3 2
3 24 4 24
12 4 12 10
6 25 7 25
20 10 21 10
8 20 8 21
10 10 10 11
20 21 21 21
4 18 8 18
20 17 20 19
4 10 4 11
0 4 0 8
7 11 10 11
7 14 8 14
13 3 13 6
24 1 25 1
12 10 12 12
26 12 26 15
25 15 26 15
17 20 21 20
3 2 3 6
18 17 20 17
14 13 14 15
14 22 15 22
5 11 7 11
27 15 27 16
24 19 25 19
19 11 19 12
21 21 21 23
4 15 6 15
21 23 21 25
2 18 4 18
24 10 26 10
12 17 12 22
4 26 8 26
5 24 6 24
21 2 23 2
9 16 10 16
2 14 2 16
6 15 7 15
22 25 23 25
0 13 0 14
26 22 26 27
14 9 15 9
9 4 9 5
0 8 4 8
15 14 16 14
21 18 21 19
10 22 12 22
6 13 7 13
0 25 2 25
9 5 9 7
8 14 8 16
2 10 4 10
14 0 14 2
11 26 14 26
18 15 19 15
25 3 25 4
9 13 10 13
23 1 24 1
20 17 22 17
4 3 4 4
4 18 4 19
11 25 17 25
16 20 17 20
