318
7 12 8 12
27 13 27 12
25 30 25 31
38 14 38 13
18 2 17 2
27 6 28 6
12 28 12 27
44 20 43 20
8 14 9 14
23 39 24 39
40 23 40 24
8 4 9 4
43 27 42 27
20 18 21 18
1 3 2 3
31 6 30 6
27 19 27 18
17 2 17 3
23 11 22 11
13 27 13 28
20 4 20 3
2 25 3 25
9 14 9 15
11 22 12 22
40 16 40 17
12 17 11 17
20 11 20 12
27 34 28 34
2 28 3 28
25 4 26 4
6 10 7 10
23 9 24 9
23 19 24 19
14 38 14 37
26 4 27 4
19 5 19 6
17 0 16 0
21 18 21 17
39 19 40 19
20 37 20 36
21 26 21 27
38 13 38 12
15 24 16 24
5 19 6 19
20 17 20 18
11 20 12 20
35 31 36 31
40 33 40 32
28 2 28 1
3 43 2 43
18 41 18 40
26 19 26 20
24 12 24 13
14 34 15 34
12 0 12 1
19 6 20 6
44 27 44 28
30 44 30 43
13 28 14 28
40 17 41 17
39 29 40 29
24 18 25 18
5 15 6 15
10 12 9 12
1 18 0 18
8 41 8 42
1 2 0 2
5 12 4 12
8 15 8 14
43 20 43 21
4 5 4 6
7 15 7 14
45 45 45 44
20 45 20 44
2 3 2 4
36 30 35 30
16 22 15 22
17 3 17 4
20 36 21 36
22 8 23 8
41 23 41 22
32 26 32 27
44 14 43 14
24 13 23 13
39 22 39 21
12 27 11 27
29 38 29 37
15 28 15 29
27 18 26 18
2 19 3 19
39 17 39 18
21 41 20 41
42 28 43 28
31 33 32 33
12 41 13 41
35 5 34 5
5 45 4 45
21 43 21 42
20 15 21 15
5 7 5 8
13 17 12 17
41 4 41 5
37 6 36 6
2 41 3 41
23 13 23 14
12 22 12 23
23 4 23 5
37 26 37 27
16 2 16 1
18 44 19 44
24 19 24 20
42 13 42 14
23 20 23 21
32 33 32 32
21 42 21 41
40 4 39 4
1 1 1 2
9 42 9 41
19 7 19 8
23 5 23 6
41 20 41 19
45 36 45 37
11 30 11 31
28 8 27 8
9 28 9 27
15 30 14 30
37 28 36 28
28 28 28 29
27 29 27 30
1 2 1 3
43 23 42 23
22 17 22 16
15 22 15 21
2 38 2 37
39 34 40 34
29 42 29 41
28 41 28 42
36 31 36 32
5 33 6 33
21 27 21 28
35 19 34 19
24 0 25 0
2 36 3 36
20 44 21 44
2 1 1 1
14 11 14 10
36 38 36 39
42 14 42 15
30 1 29 1
28 9 29 9
28 20 28 21
4 42 5 42
9 26 8 26
31 17 31 18
8 25 8 24
6 8 7 8
40 24 40 25
17 35 18 35
2 12 2 13
9 23 8 23
19 19 20 19
3 19 3 20
24 35 24 36
6 34 5 34
38 34 39 34
37 27 38 27
25 0 25 1
19 15 19 14
33 25 32 25
12 42 12 41
5 6 6 6
17 25 17 24
28 27 29 27
9 20 9 21
19 13 18 13
36 21 36 20
12 33 12 34
9 34 9 33
30 6 29 6
1 24 0 24
36 35 35 35
39 4 39 3
39 36 39 35
27 21 26 21
1 16 2 16
36 6 35 6
29 27 29 28
4 33 4 34
5 40 6 40
4 34 4 33
0 43 0 44
40 25 40 24
40 34 41 34
44 22 44 21
43 42 44 42
14 4 14 3
20 18 19 18
8 23 7 23
22 38 22 37
16 7 17 7
24 44 24 43
42 23 41 23
33 27 33 28
19 18 20 18
15 44 15 45
11 37 11 36
31 34 31 35
27 30 27 31
15 29 16 29
17 7 17 6
10 2 10 1
39 37 40 37
27 4 27 5
26 18 26 19
3 25 3 24
13 38 14 38
11 32 12 32
41 40 41 39
40 27 40 28
27 26 27 25
31 18 32 18
14 0 13 0
20 20 19 20
37 34 37 33
26 7 25 7
5 8 5 9
31 44 32 44
19 26 19 25
9 45 8 45
40 32 41 32
8 9 8 8
43 36 43 35
26 35 26 34
0 35 0 36
40 11 40 12
37 2 37 1
25 21 24 21
13 43 13 44
21 40 22 40
11 2 11 1
10 28 9 28
13 36 13 35
42 10 42 11
34 5 34 6
4 12 4 11
27 8 27 7
1 15 1 16
32 1 33 1
19 22 19 21
28 45 27 45
30 3 30 4
32 30 32 31
36 20 36 19
15 7 16 7
38 9 37 9
23 30 23 29
40 19 40 18
37 9 36 9
23 22 22 22
41 6 41 7
38 43 39 43
17 41 18 41
37 19 38 19
33 13 32 13
44 34 43 34
39 34 40 34
39 20 40 20
15 37 16 37
12 2 13 2
41 3 40 3
1 8 1 9
24 39 24 38
39 8 38 8
14 15 15 15
32 25 32 26
41 7 40 7
26 16 25 16
41 17 42 17
7 32 8 32
3 35 4 35
30 10 29 10
36 27 37 27
17 32 18 32
2 0 1 0
15 41 14 41
26 30 25 30
25 30 26 30
3 28 3 27
24 42 25 42
33 37 34 37
6 19 6 20
42 11 41 11
34 22 33 22
26 34 25 34
28 6 28 7
29 7 29 8
19 35 19 36
23 14 23 13
44 31 44 30
19 10 18 10
24 6 24 7
45 26 45 25
27 45 27 44
15 34 15 35
12 19 12 18
29 6 29 7
4 21 3 21
30 15 29 15
40 45 39 45
36 28 36 27
2 6 2 5
19 14 19 15
42 19 43 19
3 39 3 40
45 42 45 41
42 17 41 17
13 4 12 4
24 43 23 43
182
9 15 9 21
38 19 41 19
17 6 20 6
28 39 31 39
17 4 24 4
24 21 24 28
14 10 17 10
8 26 10 26
31 35 31 39
39 21 43 21
5 9 5 18
39 14 43 14
14 30 14 37
13 45 15 45
2 23 2 37
37 23 41 23
4 6 6 6
10 1 11 1
24 10 24 20
28 17 28 21
15 6 17 6
43 21 43 24
25 1 25 2
1 3 1 9
8 40 8 42
20 6 20 12
1 12 3 12
35 16 35 17
25 31 27 31
5 26 5 30
36 39 41 39
20 29 21 29
28 21 29 21
41 39 41 41
8 3 11 3
9 12 20 12
20 29 20 41
16 0 16 1
35 6 35 8
11 3 14 3
9 28 14 28
32 26 32 27
35 23 35 25
40 29 40 34
34 2 34 6
5 18 5 26
14 37 16 37
36 29 36 32
40 28 40 29
12 17 12 18
32 32 36 32
25 38 30 38
27 12 38 12
17 4 17 5
6 15 9 15
27 35 31 35
12 1 16 1
24 31 25 31
43 19 43 21
2 37 2 43
1 3 8 3
6 40 6 41
43 14 43 19
41 19 43 19
19 42 19 44
43 24 43 28
14 28 21 28
41 41 41 44
14 3 14 10
36 32 36 39
21 41 29 41
38 44 41 44
5 26 8 26
24 38 25 38
24 4 30 4
23 21 23 24
38 10 39 10
5 30 5 34
24 28 29 28
6 6 7 6
25 2 31 2
21 29 21 32
3 12 3 20
5 34 5 35
21 15 21 17
31 2 34 2
15 21 15 27
24 28 24 31
3 20 4 20
35 23 37 23
23 13 23 21
21 28 24 28
36 4 42 4
42 4 42 6
27 31 27 35
20 41 21 41
11 25 11 27
8 42 19 42
21 32 21 36
14 28 14 30
11 21 11 25
29 28 33 28
8 40 18 40
8 12 8 14
27 12 27 20
35 8 38 8
11 1 11 3
40 28 43 28
11 17 11 21
5 35 11 35
16 1 25 1
39 6 42 6
32 27 36 27
41 15 42 15
43 28 44 28
27 7 27 12
17 5 17 6
24 36 27 36
16 37 18 37
12 17 16 17
11 1 12 1
9 21 11 21
28 17 35 17
35 6 39 6
39 10 39 14
32 26 41 26
24 21 26 21
8 8 8 12
39 9 39 10
1 12 1 16
40 34 40 37
17 5 27 5
21 17 21 28
31 3 31 11
1 16 1 31
8 26 8 28
38 8 38 10
29 41 41 41
30 26 32 26
1 9 5 9
8 3 8 8
24 36 24 38
7 6 7 8
23 8 23 13
9 37 14 37
2 37 9 37
6 6 6 15
9 9 9 12
29 28 29 33
36 29 40 29
31 2 31 3
11 21 15 21
45 8 45 9
42 44 45 44
27 5 27 7
14 41 18 41
16 17 21 17
8 0 10 0
26 21 28 21
26 20 27 20
41 15 41 17
17 10 18 10
40 37 45 37
8 28 9 28
24 20 26 20
21 44 27 44
18 41 20 41
35 17 35 20
41 44 42 44
14 24 14 28
35 14 39 14
23 21 24 21
19 44 21 44
41 23 41 26
21 36 24 36
35 20 35 23
18 37 18 40
23 6 23 8
35 17 41 17
45 9 45 17
38 10 38 12
9 12 9 15
