115
4 35 3 35
29 16 29 17
15 33 15 32
10 31 9 31
10 2 11 2
17 13 17 14
7 34 6 34
16 21 16 22
18 15 19 15
16 1 16 0
11 2 12 2
21 8 22 8
19 3 19 2
9 10 9 9
28 16 29 16
13 0 12 0
18 4 18 5
1 23 0 23
13 22 13 23
35 6 35 5
11 35 11 34
11 34 12 34
7 24 7 23
28 6 28 7
26 10 26 11
11 8 11 7
8 10 8 9
3 6 3 7
18 0 18 1
4 22 3 22
15 24 15 25
7 23 6 23
10 24 10 23
20 11 19 11
25 32 26 32
30 16 30 17
24 28 24 27
17 30 16 30
31 16 31 17
27 1 27 2
27 0 28 0
12 0 12 1
23 28 23 29
1 0 1 1
26 25 26 24
20 27 21 27
15 25 16 25
14 31 15 31
10 11 9 11
29 5 28 5
6 34 6 35
31 17 31 18
22 25 22 24
3 8 3 9
9 9 10 9
7 33 7 34
3 14 4 14
10 30 9 30
25 8 25 9
21 3 21 4
35 32 35 33
20 35 21 35
22 27 22 28
12 2 13 2
22 8 22 9
18 3 19 3
0 10 0 11
22 1 22 2
30 10 31 10
35 7 34 7
1 25 1 24
6 20 6 21
35 21 34 21
9 24 10 24
22 9 23 9
19 15 19 14
34 19 35 19
22 10 23 10
21 20 22 20
34 23 33 23
26 16 27 16
9 11 9 10
12 6 12 7
10 3 10 2
8 6 8 5
7 11 6 11
35 26 35 27
31 25 31 24
22 2 23 2
14 7 15 7
19 11 19 12
20 22 20 21
19 32 19 33
25 10 25 11
15 22 15 23
7 15 8 15
12 14 12 13
5 18 5 17
16 22 15 22
34 7 34 6
24 8 24 7
34 6 33 6
32 28 31 28
7 2 7 3
10 24 10 25
11 21 11 22
26 30 26 31
25 21 25 22
27 22 27 21
26 29 25 29
18 1 17 1
6 11 6 12
22 17 22 18
16 9 16 8
7 35 8 35
185
28 7 31 7
9 13 9 14
6 23 10 23
19 34 21 34
21 2 23 2
0 0 3 0
26 32 30 32
21 0 21 2
10 0 10 2
21 34 21 35
27 18 27 19
10 13 12 13
10 0 16 0
4 14 4 17
25 11 26 11
10 23 13 23
19 3 19 4
26 11 26 18
26 24 28 24
8 2 10 2
3 2 3 7
17 21 20 21
0 0 0 11
19 14 19 17
16 25 20 25
27 16 29 16
7 32 7 34
12 31 15 31
23 9 24 9
8 35 21 35
24 9 24 16
29 16 32 16
13 8 15 8
10 9 10 13
30 29 33 29
7 10 9 10
22 28 26 28
4 17 4 19
22 16 22 18
26 18 26 24
27 2 27 16
17 14 17 19
5 5 5 7
34 29 35 29
10 8 10 9
16 12 16 19
26 31 29 31
12 5 18 5
8 2 8 5
12 1 12 5
35 28 35 29
23 27 24 27
3 22 3 23
30 33 34 33
20 31 25 31
13 1 13 2
28 5 28 7
17 20 22 20
30 29 30 32
33 29 34 29
15 32 17 32
13 19 16 19
1 2 1 4
8 16 8 22
31 8 34 8
22 20 23 20
5 16 5 17
10 34 12 34
4 11 4 14
16 19 17 19
0 11 4 11
26 4 26 8
3 35 6 35
16 11 16 12
6 23 6 28
1 21 6 21
15 31 15 32
3 0 3 2
12 5 12 7
1 21 1 24
18 5 19 5
34 21 34 26
27 19 35 19
13 2 19 2
1 14 1 21
20 21 20 25
24 9 25 9
5 0 6 0
22 11 22 14
31 8 31 10
26 32 26 34
10 27 10 34
21 4 22 4
6 35 8 35
23 24 25 24
26 31 26 32
5 16 6 16
23 25 23 27
5 13 9 13
1 28 6 28
26 8 26 11
23 20 23 24
28 5 35 5
31 7 31 8
3 7 5 7
26 24 26 26
1 26 1 28
20 25 20 31
6 28 6 35
10 13 10 23
17 14 19 14
19 14 22 14
1 2 3 2
29 15 29 16
7 30 7 32
35 5 35 19
26 26 26 28
4 14 9 14
15 22 15 23
12 7 15 7
23 2 25 2
16 25 16 30
3 9 6 9
5 7 11 7
23 2 23 9
28 24 31 24
27 18 31 18
13 23 15 23
16 19 16 25
15 8 16 8
21 0 28 0
25 24 26 24
16 0 21 0
31 24 31 28
28 0 28 5
3 22 8 22
3 31 3 35
6 9 8 9
15 7 15 8
21 2 21 4
22 5 22 11
13 3 19 3
20 31 20 33
12 33 12 34
0 26 1 26
26 28 26 31
34 33 34 34
16 8 17 8
1 14 4 14
34 13 34 14
19 26 19 33
7 34 10 34
20 25 23 25
1 24 2 24
13 23 13 25
8 9 10 9
27 19 27 21
19 5 19 12
34 8 34 13
13 25 13 26
26 2 27 2
0 23 0 26
6 16 8 16
3 23 6 23
34 33 35 33
10 25 10 27
19 33 20 33
35 19 35 27
9 10 9 13
21 34 26 34
12 1 13 1
29 13 29 15
15 23 15 31
17 19 21 19
34 26 34 29
19 4 21 4
22 20 22 21
26 2 26 4
12 33 19 33
22 18 22 20
22 4 22 5
5 5 8 5
10 8 13 8
12 13 12 18
25 4 26 4
