318
4 13 4 12
12 9 12 8
26 27 27 27
24 15 23 15
14 10 15 10
16 9 17 9
1 8 1 7
16 14 15 14
13 9 14 9
27 16 26 16
3 10 2 10
21 15 21 14
24 21 24 20
21 27 20 27
11 21 11 20
24 9 25 9
14 29 14 28
15 10 16 10
23 8 23 9
12 22 12 23
2 13 2 12
2 0 2 1
7 25 6 25
16 13 16 14
14 16 13 16
1 14 2 14
26 12 26 11
18 0 18 1
24 10 24 9
16 29 15 29
0 14 1 14
25 15 24 15
20 2 20 3
11 22 11 21
14 17 14 16
25 22 25 21
6 1 7 1
19 1 19 2
21 17 22 17
2 14 2 13
27 23 28 23
29 29 29 28
26 28 26 27
27 5 28 5
27 20 26 20
18 13 18 12
22 28 23 28
16 8 16 9
12 13 13 13
6 22 6 23
13 13 13 12
4 24 4 25
24 17 23 17
13 2 12 2
28 20 27 20
24 6 23 6
13 8 13 9
12 12 12 13
1 14 2 14
26 13 26 12
7 2 6 2
6 24 5 24
21 14 20 14
10 18 10 19
20 27 19 27
0 13 0 14
16 9 15 9
23 21 22 21
0 0 0 1
8 5 8 4
9 21 8 21
11 4 12 4
24 18 24 17
2 8 1 8
5 1 4 1
18 1 17 1
9 13 10 13
28 5 28 4
24 16 25 16
6 15 6 14
3 13 3 14
16 28 17 28
21 3 21 2
28 21 29 21
16 7 17 7
5 2 4 2
20 22 20 21
20 29 19 29
6 14 6 13
14 23 15 23
27 13 26 13
16 10 16 9
23 9 22 9
22 14 21 14
2 12 3 12
16 20 16 19
21 18 22 18
15 9 15 10
28 13 29 13
6 20 6 21
0 24 1 24
6 23 5 23
27 21 28 21
25 4 24 4
8 26 9 26
15 29 15 28
11 1 12 1
28 10 27 10
16 9 16 8
29 5 28 5
16 21 16 20
13 29 13 28
19 6 20 6
0 19 0 20
15 8 15 9
1 13 1 14
11 24 12 24
12 1 12 0
4 12 5 12
8 19 8 18
28 5 27 5
26 4 27 4
19 15 19 14
25 23 24 23
1 24 1 25
13 24 13 25
21 10 21 11
24 4 24 5
20 10 21 10
29 6 29 5
21 10 21 9
28 21 28 20
21 11 20 11
11 0 11 1
7 1 7 2
27 20 27 21
28 22 28 21
7 20 6 20
12 24 13 24
5 15 5 16
1 3 2 3
0 12 0 13
26 20 27 20
27 21 27 22
20 3 19 3
27 2 27 1
28 6 28 5
7 21 7 20
8 25 7 25
29 7 29 6
17 27 17 26
2 1 1 1
24 29 24 28
19 27 19 28
1 16 0 16
2 16 2 17
10 27 11 27
20 24 21 24
27 27 27 28
15 12 15 11
3 19 4 19
25 7 25 8
6 20 6 19
0 22 0 21
28 9 28 8
13 0 13 1
29 9 28 9
13 22 13 23
14 9 14 10
28 17 27 17
25 18 25 19
1 27 1 26
20 4 21 4
20 1 20 2
15 21 16 21
27 6 27 7
15 3 16 3
26 27 26 26
22 21 22 22
18 22 19 22
5 11 4 11
23 28 23 27
19 17 19 18
14 0 13 0
11 10 11 9
15 25 15 26
13 17 14 17
20 2 20 3
24 11 24 10
28 4 28 3
28 9 27 9
14 16 14 15
26 12 27 12
6 6 5 6
6 8 7 8
23 11 24 11
1 15 1 16
27 15 27 16
21 22 21 23
18 14 18 13
12 13 13 13
4 16 3 16
24 7 24 6
20 15 21 15
21 8 22 8
9 6 8 6
20 21 21 21
2 29 1 29
2 10 2 11
2 19 1 19
5 16 4 16
22 22 22 23
22 23 22 22
29 11 29 12
17 28 16 28
14 1 14 0
22 5 21 5
5 19 5 20
26 6 27 6
8 16 8 17
28 12 28 13
20 23 20 24
1 0 2 0
25 6 26 6
29 25 29 24
9 5 10 5
22 2 23 2
2 26 2 25
5 8 6 8
5 3 6 3
13 5 13 6
20 20 21 20
20 24 20 23
22 8 22 7
28 5 28 4
23 15 23 16
12 29 13 29
2 28 3 28
9 25 10 25
9 11 10 11
26 17 25 17
4 28 4 29
15 11 16 11
20 16 19 16
7 2 7 3
9 7 9 6
12 21 13 21
28 7 29 7
18 27 18 28
19 4 18 4
23 10 23 11
20 9 20 10
16 14 17 14
6 3 6 4
10 22 11 22
2 24 3 24
4 11 4 10
9 18 9 17
26 16 26 17
3 3 3 4
24 23 24 22
12 6 11 6
5 6 5 5
21 9 21 8
15 16 16 16
1 16 2 16
9 6 10 6
10 25 10 26
16 19 15 19
7 15 6 15
2 15 1 15
23 11 23 10
9 17 9 18
8 11 8 10
7 6 6 6
5 9 5 8
5 7 5 6
11 1 10 1
9 20 9 21
3 21 3 20
7 16 6 16
15 18 15 17
15 9 16 9
22 29 23 29
29 19 29 20
27 25 27 26
9 21 9 20
2 5 2 6
24 26 23 26
29 6 28 6
17 26 17 25
23 0 24 0
9 3 9 4
4 8 4 7
25 0 26 0
3 0 4 0
6 2 7 2
24 28 23 28
2 17 1 17
12 20 13 20
9 4 9 3
27 5 28 5
5 17 4 17
12 10 12 11
23 13 22 13
25 3 25 2
25 14 25 15
11 13 12 13
10 7 9 7
10 26 10 25
19 22 20 22
18 15 19 15
22 4 23 4
21 13 21 12
26 14 25 14
4 9 4 8
7 8 8 8
6 8 6 7
180
10 12 13 12
14 15 16 15
19 8 21 8
14 17 15 17
6 19 6 21
27 4 27 6
17 1 17 2
3 12 5 12
24 10 27 10
16 15 19 15
27 12 27 16
8 27 9 27
5 10 5 12
25 8 28 8
27 28 29 28
26 22 27 22
20 3 20 5
29 14 29 15
17 12 17 14
27 11 27 12
27 1 27 4
1 7 2 7
6 19 10 19
1 1 4 1
13 9 13 10
10 4 12 4
19 26 19 28
19 28 23 28
13 11 13 12
20 6 23 6
11 23 11 27
4 1 4 2
22 18 26 18
1 1 1 7
28 5 28 6
16 26 18 26
13 0 13 1
27 9 27 10
28 23 29 23
24 15 24 17
16 8 18 8
21 4 23 4
10 17 10 19
13 12 17 12
10 12 10 13
6 21 6 25
11 15 13 15
27 6 28 6
23 28 27 28
11 23 12 23
5 6 6 6
11 19 12 19
3 16 3 18
28 6 28 8
21 14 24 14
0 1 1 1
20 3 24 3
18 25 18 26
12 2 17 2
20 11 20 14
17 14 19 14
10 17 14 17
8 13 10 13
6 25 6 26
29 4 29 5
5 6 5 8
18 6 20 6
23 7 23 10
27 22 27 26
27 18 27 19
10 15 10 16
3 18 8 18
16 6 16 8
6 21 8 21
19 15 21 15
13 23 13 24
2 11 2 13
11 27 11 29
3 16 4 16
18 21 18 25
10 4 10 5
13 15 14 15
23 6 23 7
21 19 21 20
14 22 15 22
24 14 24 15
2 13 2 14
29 15 29 16
15 20 16 20
28 8 28 11
19 28 19 29
5 8 8 8
21 20 21 21
15 17 16 17
8 8 9 8
27 22 29 22
23 10 24 10
13 1 15 1
17 17 18 17
21 14 21 15
9 16 10 16
18 20 18 21
2 13 6 13
21 15 21 19
28 16 29 16
18 8 19 8
23 12 24 12
5 8 5 10
24 8 25 8
9 27 11 27
2 16 3 16
12 13 13 13
1 25 2 25
1 25 1 26
25 13 25 14
26 19 26 22
5 5 10 5
4 25 6 25
23 4 27 4
10 16 10 17
13 14 13 15
9 8 12 8
11 22 14 22
20 11 24 11
3 5 5 5
11 29 13 29
17 25 18 25
6 26 6 27
12 2 12 4
15 20 15 22
14 18 14 21
24 12 24 13
13 13 15 13
18 21 21 21
12 7 12 8
19 14 20 14
16 17 17 17
8 17 8 18
16 20 18 20
25 5 25 8
12 8 16 8
15 6 16 6
15 22 15 23
13 10 13 11
3 18 3 20
0 13 2 13
17 1 27 1
10 13 10 14
27 17 27 18
28 11 28 13
10 14 10 15
5 10 7 10
24 10 24 11
2 25 4 25
1 23 1 25
13 23 15 23
27 16 27 17
27 26 27 28
24 13 24 14
13 13 13 14
24 12 27 12
6 13 8 13
22 13 24 13
27 11 28 11
8 21 8 23
26 18 26 19
25 21 25 24
1 26 1 29
20 5 20 6
21 21 25 21
14 17 14 18
13 9 16 9
8 23 8 27
4 0 6 0
10 1 13 1
4 1 10 1
5 5 5 6
2 7 2 11
13 29 19 29
10 19 11 19
