230
5 3 5 2
6 12 6 11
2 20 2 21
14 14 13 14
7 3 8 3
6 16 7 16
2 9 2 10
3 11 3 12
11 9 12 9
10 14 10 15
12 0 13 0
8 7 7 7
4 6 3 6
8 19 8 20
12 17 12 18
16 18 16 17
6 15 6 16
20 0 19 0
5 17 6 17
11 17 12 17
17 18 16 18
4 5 4 6
13 16 12 16
16 1 16 2
7 1 6 1
12 4 13 4
7 19 8 19
20 13 21 13
11 16 11 17
20 18 21 18
7 6 8 6
3 9 2 9
5 16 5 17
7 15 6 15
12 1 12 0
8 2 7 2
18 18 17 18
14 15 14 14
2 19 2 20
2 15 1 15
5 12 6 12
1 19 2 19
5 13 5 12
7 7 7 6
13 5 12 5
13 6 13 5
10 10 11 10
9 5 10 5
10 9 11 9
7 20 7 19
15 19 15 18
2 19 2 18
14 16 14 15
9 6 9 5
8 16 9 16
7 14 7 15
14 6 14 5
5 20 5 19
18 19 18 18
8 17 8 16
13 1 12 1
3 5 3 4
1 20 1 19
16 19 15 19
3 8 3 9
2 5 3 5
16 20 16 19
14 7 14 6
10 11 10 10
1 16 0 16
20 1 20 0
8 20 7 20
2 8 3 8
17 0 18 0
19 17 20 17
20 2 20 1
11 4 12 4
10 20 11 20
10 10 10 9
4 16 5 16
4 11 3 11
13 7 14 7
10 19 10 20
9 3 9 2
2 20 3 20
9 11 10 11
20 14 20 13
3 20 4 20
11 14 10 14
9 10 9 11
14 17 14 16
20 6 20 5
9 9 9 10
0 9 0 10
1 9 0 9
14 15 13 15
12 7 13 7
15 20 16 20
8 14 7 14
5 12 5 11
9 4 9 3
6 3 5 3
2 14 2 15
5 11 4 11
13 3 14 3
15 21 16 21
6 7 7 7
19 2 20 2
10 11 10 10
3 5 4 5
17 19 18 19
4 15 4 16
1 21 1 20
7 17 8 17
6 17 7 17
3 15 4 15
8 1 8 2
20 8 20 7
14 7 14 8
15 15 14 15
21 7 21 6
7 7 8 7
15 19 15 20
13 2 13 3
6 18 6 17
9 1 8 1
12 16 12 15
17 1 17 0
5 7 6 7
19 1 19 2
13 7 14 7
14 3 15 3
9 20 8 20
8 4 9 4
13 0 13 1
11 7 12 7
2 9 2 8
16 2 16 3
10 20 9 20
14 8 14 9
11 15 11 16
10 9 9 9
14 11 14 12
9 2 9 1
13 8 13 7
16 19 15 19
21 8 21 7
8 12 8 13
8 11 8 12
7 18 6 18
8 2 9 2
2 21 1 21
11 19 10 19
13 3 14 3
3 16 3 15
11 20 11 19
6 4 6 3
8 20 8 21
13 7 13 6
10 13 11 13
8 19 8 20
14 10 15 10
1 5 1 4
17 18 17 19
19 18 19 17
16 12 15 12
14 7 13 7
21 9 21 8
7 8 7 7
1 15 0 15
1 1 2 1
5 21 5 20
19 12 19 13
15 7 14 7
18 5 18 4
14 2 13 2
0 1 1 1
19 14 20 14
20 12 19 12
1 20 2 20
9 11 10 11
15 8 15 9
1 19 1 20
15 6 15 7
17 17 17 18
1 6 1 5
8 6 9 6
12 20 11 20
15 5 15 6
16 20 16 19
0 2 0 1
13 17 13 16
14 21 15 21
7 4 6 4
15 4 15 5
0 19 1 19
19 5 18 5
0 20 0 19
12 19 12 20
18 9 17 9
5 8 5 7
3 6 3 5
18 14 19 14
14 20 14 21
5 7 5 8
19 8 20 8
2 6 1 6
20 7 20 6
15 11 14 11
14 11 14 10
12 0 13 0
2 16 3 16
15 2 14 2
20 6 20 7
1 5 2 5
8 3 8 4
18 1 17 1
8 0 9 0
4 18 4 19
19 4 19 5
2 7 2 6
0 19 0 20
3 4 2 4
14 12 14 11
5 8 5 7
18 4 18 3
17 20 18 20
18 3 18 4
18 4 19 4
11 3 11 4
170
15 1 17 1
11 0 13 0
13 14 13 15
13 20 13 21
2 10 3 10
17 10 18 10
12 8 12 9
7 19 7 20
7 5 7 6
15 10 15 12
6 17 7 17
9 8 9 9
4 9 5 9
5 9 5 10
6 2 7 2
0 4 0 5
5 14 5 15
8 5 9 5
14 18 15 18
13 0 14 0
0 3 0 4
18 18 21 18
11 2 12 2
7 17 7 19
12 5 12 6
18 10 19 10
18 15 19 15
6 11 7 11
12 4 12 5
20 11 20 13
5 17 6 17
4 16 4 17
10 1 10 2
1 19 3 19
12 1 12 2
19 13 20 13
6 6 7 6
16 10 17 10
19 6 19 7
7 6 7 7
17 5 18 5
9 15 9 16
13 6 14 6
9 9 11 9
15 12 18 12
14 0 14 1
19 6 21 6
16 17 16 18
12 6 13 6
13 20 15 20
8 15 9 15
1 18 1 19
0 0 0 1
8 15 8 16
5 6 6 6
10 3 10 4
21 3 21 4
4 19 4 20
1 17 1 18
0 21 1 21
7 19 10 19
7 16 8 16
12 2 13 2
14 19 15 19
3 14 4 14
5 2 6 2
12 20 13 20
8 7 8 8
18 17 18 18
7 11 10 11
4 5 4 6
11 6 11 8
12 3 12 4
0 9 3 9
1 14 3 14
12 7 12 8
21 18 21 19
5 6 5 7
14 6 15 6
15 12 15 13
18 12 18 13
1 20 2 20
2 10 2 11
12 15 12 17
0 18 0 20
10 0 11 0
9 15 10 15
9 0 10 0
15 10 16 10
12 17 15 17
18 13 18 15
7 2 7 5
5 10 6 10
17 5 17 6
13 2 13 4
3 9 4 9
4 21 6 21
7 0 9 0
2 11 3 11
16 19 16 21
4 6 5 6
20 8 21 8
8 20 8 21
12 8 16 8
16 6 17 6
17 6 19 6
14 2 17 2
8 13 8 15
7 16 7 17
15 13 15 17
14 1 15 1
18 8 20 8
17 2 17 3
3 16 4 16
4 17 5 17
16 21 17 21
20 1 21 1
8 12 8 13
17 8 18 8
15 19 15 20
9 3 10 3
17 15 18 15
6 10 6 11
0 1 0 3
21 6 21 7
4 20 4 21
8 5 8 7
13 15 13 16
10 2 10 3
7 0 7 2
6 7 6 8
10 14 12 14
16 8 17 8
0 7 0 9
4 14 5 14
4 13 4 14
2 20 4 20
10 12 10 14
10 15 12 15
0 20 0 21
0 18 1 18
10 19 10 21
4 17 4 19
11 9 12 9
11 6 12 6
18 13 19 13
15 6 16 6
17 1 20 1
8 4 8 5
5 10 5 14
10 11 10 12
10 0 10 1
0 5 2 5
8 1 8 4
5 15 6 15
12 14 13 14
18 8 18 10
15 17 16 17
13 2 14 2
5 7 5 9
16 18 16 19
1 14 1 17
15 18 15 19
6 8 8 8
17 2 18 2
8 8 9 8
15 0 15 1
10 3 12 3
16 17 18 17
15 20 15 21
