314
29 23 28 23
23 13 22 13
22 22 21 22
28 10 28 9
7 8 7 9
17 28 17 27
19 28 19 29
27 20 28 20
13 23 14 23
3 1 4 1
13 17 13 18
17 15 18 15
23 11 23 12
5 29 5 30
25 3 25 2
15 29 15 28
21 25 20 25
6 13 7 13
1 19 1 20
21 29 20 29
5 16 6 16
25 27 24 27
24 20 24 19
13 1 13 0
21 30 21 29
8 7 7 7
5 18 5 17
24 4 25 4
0 25 0 26
26 21 26 20
16 28 16 29
24 27 24 28
27 10 28 10
4 12 3 12
16 20 17 20
21 29 21 28
18 4 18 3
11 9 10 9
5 25 5 24
29 21 30 21
4 16 5 16
22 8 22 9
13 16 12 16
5 9 5 8
21 27 20 27
30 1 29 1
1 13 0 13
2 8 2 7
30 28 29 28
11 26 11 27
24 3 24 4
6 12 6 13
2 18 1 18
14 19 15 19
27 22 27 21
21 18 21 17
1 18 1 19
12 26 11 26
19 26 19 27
2 13 1 13
7 0 7 1
13 18 13 19
30 0 30 1
21 12 21 13
2 1 3 1
11 10 11 9
29 0 30 0
27 21 27 20
26 28 26 29
16 25 17 25
5 12 4 12
3 16 4 16
6 13 5 13
24 9 24 10
29 15 29 16
28 3 28 4
6 28 5 28
12 18 12 17
7 3 6 3
17 16 17 17
13 2 13 1
21 23 21 24
9 2 8 2
7 7 7 8
22 21 22 22
8 4 7 4
24 21 24 20
30 6 29 6
3 2 2 2
10 2 9 2
4 9 5 9
0 26 1 26
9 14 8 14
25 11 26 11
6 29 5 29
1 8 2 8
27 9 27 10
11 9 11 8
7 4 6 4
5 11 5 12
3 9 4 9
23 9 23 8
5 12 6 12
12 4 12 5
25 28 25 27
22 9 23 9
7 15 6 15
29 1 29 0
9 8 9 9
13 3 12 3
20 30 19 30
3 15 3 14
2 29 2 30
28 21 27 21
0 18 1 18
20 12 20 13
15 8 14 8
14 0 14 1
3 1 3 0
0 17 0 16
10 24 10 25
10 23 10 24
7 10 8 10
24 19 23 19
7 26 7 27
29 8 28 8
26 26 27 26
14 3 13 3
4 11 5 11
20 0 21 0
2 15 3 15
30 1 29 1
10 3 10 2
13 22 13 23
27 8 27 9
23 10 23 11
0 19 0 18
20 4 21 4
20 29 20 30
6 12 6 13
15 15 16 15
30 10 29 10
27 1 27 0
22 25 22 24
30 25 30 26
26 8 27 8
13 12 14 12
1 18 2 18
29 2 30 2
0 18 1 18
2 10 1 10
27 10 27 11
0 27 1 27
9 2 9 3
7 12 8 12
11 7 10 7
19 12 19 13
2 19 3 19
16 17 16 16
23 17 23 18
13 15 13 16
7 29 7 30
1 21 2 21
2 18 2 17
19 13 18 13
5 11 5 12
15 26 15 25
27 9 27 10
16 26 17 26
25 9 25 10
26 29 26 30
16 7 17 7
15 27 14 27
19 29 18 29
11 11 11 12
23 11 22 11
8 24 9 24
4 12 4 13
14 15 13 15
13 29 13 30
11 27 12 27
24 20 24 19
6 0 5 0
14 7 15 7
29 25 28 25
11 13 10 13
9 25 9 26
15 9 15 8
5 26 5 25
28 6 27 6
24 28 23 28
18 7 18 6
1 23 2 23
7 17 6 17
21 7 22 7
23 5 22 5
0 4 0 3
3 14 4 14
15 11 16 11
9 3 10 3
26 1 27 1
18 18 18 19
9 4 10 4
2 23 2 24
0 5 0 6
29 19 29 20
19 25 19 26
6 16 7 16
7 25 8 25
11 16 11 17
7 1 6 1
4 5 4 6
20 25 19 25
30 9 30 10
15 6 14 6
18 29 18 30
21 4 21 5
23 19 22 19
4 1 5 1
4 21 4 20
30 7 30 6
19 26 18 26
18 19 18 20
28 25 27 25
9 20 9 21
3 24 3 25
19 19 18 19
23 8 22 8
28 14 28 15
23 6 24 6
15 10 15 11
11 4 12 4
22 18 22 17
15 2 16 2
11 6 11 7
18 28 19 28
28 13 28 12
12 22 12 23
12 23 12 24
16 6 15 6
12 12 12 11
6 4 5 4
27 17 27 16
7 21 6 21
15 16 15 15
23 3 24 3
12 21 13 21
13 13 13 12
10 26 10 27
19 4 20 4
8 17 7 17
20 17 19 17
21 0 22 0
15 17 15 16
13 23 13 22
19 9 19 8
25 18 24 18
27 16 27 17
0 8 0 7
17 20 17 21
4 10 4 11
30 14 30 15
5 6 5 7
4 6 5 6
23 24 24 24
26 16 26 17
7 17 8 17
7 2 7 1
3 11 3 10
9 15 8 15
28 20 28 21
10 9 10 10
16 14 17 14
12 27 12 26
5 4 6 4
15 14 15 13
5 21 4 21
15 11 15 10
19 6 19 5
8 22 8 23
4 4 4 5
27 29 26 29
2 11 2 12
19 2 18 2
2 12 2 11
5 23 6 23
0 13 0 14
7 20 8 20
11 15 11 14
5 15 5 14
29 14 28 14
29 12 29 11
16 27 15 27
26 18 26 19
11 17 10 17
3 10 3 11
4 18 5 18
12 26 12 25
11 22 12 22
9 19 9 18
11 14 11 15
26 15 26 16
1 20 1 21
20 15 21 15
30 4 29 4
8 20 7 20
2 24 1 24
26 19 25 19
22 13 22 14
7 14 7 15
24 24 25 24
25 19 25 20
25 10 25 11
24 26 25 26
185
24 18 27 18
11 8 12 8
10 2 11 2
0 16 0 23
22 7 22 8
12 5 12 8
13 3 17 3
18 20 18 22
7 16 7 18
5 30 6 30
16 5 17 5
23 28 29 28
13 3 13 4
2 17 3 17
5 25 8 25
4 0 5 0
13 12 13 15
16 19 18 19
7 8 11 8
22 7 23 7
29 24 29 28
5 28 5 29
17 29 23 29
23 29 23 30
11 12 13 12
22 22 22 24
3 12 5 12
10 5 12 5
25 21 27 21
19 1 19 5
28 4 28 8
21 24 22 24
21 5 22 5
8 10 8 12
5 12 8 12
27 23 28 23
19 22 21 22
7 13 7 15
8 25 10 25
27 21 27 23
11 8 11 12
10 1 10 2
7 30 13 30
16 18 16 19
22 8 24 8
26 7 26 9
29 1 29 3
9 18 9 21
3 0 3 7
18 0 19 0
16 8 16 11
17 11 17 14
15 7 15 8
10 16 12 16
8 0 8 2
22 2 23 2
26 11 27 11
17 25 19 25
29 3 30 3
14 5 16 5
5 25 5 28
24 18 24 19
3 11 3 12
6 10 8 10
12 17 14 17
17 25 17 26
18 12 18 13
29 4 29 5
23 9 26 9
24 4 25 4
20 6 20 7
21 28 23 28
15 8 16 8
19 22 19 24
30 8 30 10
18 15 19 15
16 11 17 11
27 20 29 20
13 4 13 6
7 1 7 6
8 12 8 14
10 13 10 14
11 2 14 2
12 8 14 8
26 9 28 9
20 7 22 7
3 0 4 0
3 18 5 18
14 17 14 23
14 1 14 2
18 6 20 6
8 21 9 21
2 17 2 21
8 2 10 2
18 19 18 20
16 8 18 8
12 15 12 16
16 5 16 8
8 23 8 25
24 8 25 8
15 19 16 19
23 9 23 12
10 14 10 16
3 12 3 15
21 1 21 5
12 25 12 28
21 24 21 28
18 6 18 8
30 18 30 20
2 8 2 9
19 17 21 17
25 7 26 7
24 3 29 3
5 18 7 18
22 3 24 3
21 9 23 9
3 15 3 17
26 11 26 14
22 3 22 5
7 18 9 18
27 19 27 20
0 16 2 16
30 3 30 6
28 8 28 9
5 28 12 28
26 10 26 11
15 28 19 28
15 16 15 19
14 6 14 8
27 1 29 1
28 8 30 8
21 21 25 21
12 24 16 24
21 21 21 22
13 15 15 15
8 21 8 23
5 12 5 13
18 20 20 20
15 25 15 27
6 30 7 30
18 13 18 15
14 1 19 1
15 15 15 16
29 3 29 4
30 10 30 12
17 14 17 17
19 24 19 25
6 13 7 13
8 2 8 6
22 30 23 30
27 18 27 19
19 5 21 5
21 17 21 21
19 28 21 28
13 6 14 6
17 3 18 3
4 29 5 29
23 29 26 29
15 27 15 28
2 11 2 16
17 17 19 17
23 18 24 18
8 14 10 14
16 19 16 24
12 16 12 17
3 7 3 11
29 22 29 24
0 23 0 29
0 29 4 29
23 12 23 18
5 0 8 0
29 20 29 22
7 6 7 8
12 28 15 28
18 12 23 12
4 25 5 25
12 24 12 25
22 2 22 3
17 5 19 5
17 17 17 18
25 4 25 7
2 9 2 11
7 16 9 16
7 15 7 16
5 13 5 14
