309
33 25 32 25
42 17 41 17
34 32 33 32
38 2 38 3
20 41 20 42
41 16 42 16
6 12 7 12
20 17 20 16
41 10 42 10
29 5 29 6
41 22 41 21
20 12 19 12
2 38 3 38
33 5 34 5
27 42 26 42
37 3 37 2
36 15 35 15
15 31 16 31
4 18 4 17
21 5 22 5
19 11 18 11
42 31 42 30
12 22 11 22
19 19 20 19
36 21 36 22
21 37 20 37
4 4 5 4
8 35 8 34
12 2 11 2
18 26 18 25
0 11 1 11
38 3 37 3
23 16 23 15
34 14 35 14
11 0 11 1
8 32 7 32
40 29 39 29
38 11 38 12
7 35 7 34
35 28 36 28
20 16 21 16
8 4 9 4
38 24 39 24
14 3 15 3
15 28 15 29
3 38 3 39
1 9 1 8
14 1 14 2
44 29 43 29
21 12 21 13
14 34 15 34
42 39 41 39
29 11 29 10
29 6 28 6
6 11 6 12
4 38 5 38
3 39 4 39
15 30 15 31
44 28 44 29
21 26 21 25
23 19 23 18
0 9 1 9
23 3 23 4
25 11 26 11
32 11 33 11
10 16 9 16
2 24 2 25
9 4 10 4
43 29 43 28
20 40 21 40
42 29 41 29
39 1 40 1
41 37 40 37
5 15 4 15
16 15 17 15
0 19 1 19
14 28 15 28
42 32 42 31
0 29 0 30
10 31 9 31
8 14 8 13
37 4 36 4
36 4 36 3
38 12 39 12
36 28 36 29
39 25 38 25
10 8 9 8
25 13 25 12
29 1 28 1
0 24 1 24
34 5 34 4
37 3 37 4
0 21 1 21
17 37 17 38
8 20 8 21
41 26 42 26
3 13 4 13
7 27 8 27
1 30 1 31
11 23 12 23
4 27 4 26
16 3 16 2
13 11 13 12
18 42 18 43
8 13 8 12
36 35 36 34
44 27 44 26
4 35 3 35
42 31 41 31
21 33 21 34
16 27 15 27
2 29 2 28
21 6 21 5
32 25 32 26
17 38 17 39
31 6 31 7
22 5 23 5
37 12 37 11
1 11 2 11
8 1 9 1
33 34 33 35
18 19 19 19
21 36 20 36
18 18 17 18
37 36 38 36
11 29 11 28
38 36 39 36
41 18 40 18
19 42 19 41
35 15 35 16
33 0 33 1
41 31 40 31
25 25 25 26
18 25 17 25
15 28 16 28
43 31 44 31
0 8 0 9
15 6 15 5
1 19 2 19
1 36 2 36
22 2 22 1
23 4 22 4
17 5 17 6
11 22 11 21
44 4 44 5
29 12 29 13
0 9 0 10
3 21 4 21
18 35 19 35
22 4 22 5
37 17 36 17
11 28 11 27
19 35 19 36
36 3 36 2
8 5 9 5
31 7 32 7
25 21 25 20
19 19 19 18
12 37 12 36
44 12 43 12
13 42 13 43
2 21 3 21
26 42 26 41
36 12 37 12
24 18 24 17
24 2 23 2
2 19 2 18
40 31 39 31
28 7 29 7
30 15 30 14
20 24 19 24
16 22 15 22
6 34 6 35
37 15 36 15
39 0 39 1
13 37 12 37
5 42 4 42
6 12 5 12
7 32 7 33
32 28 32 27
4 13 4 12
30 22 30 21
37 2 37 3
25 10 25 11
10 37 11 37
25 26 24 26
23 18 22 18
15 27 15 28
10 2 10 3
30 21 30 20
20 43 19 43
25 17 26 17
29 18 28 18
17 10 16 10
43 35 43 36
21 8 21 7
29 10 29 9
38 19 38 18
21 19 21 20
23 41 22 41
5 9 4 9
44 44 43 44
22 20 22 21
37 32 38 32
25 42 25 43
24 32 25 32
8 21 9 21
26 22 27 22
27 24 27 25
1 5 2 5
2 5 2 6
39 20 40 20
15 34 15 33
25 37 24 37
5 4 5 5
15 0 14 0
8 2 8 1
31 14 31 13
13 43 12 43
30 3 31 3
20 33 19 33
29 37 29 36
2 28 2 27
23 44 23 43
16 1 17 1
36 2 37 2
23 43 22 43
29 29 29 30
16 10 16 9
33 6 34 6
1 24 1 25
28 18 28 19
35 1 34 1
44 38 43 38
16 35 16 34
20 4 21 4
17 28 17 29
43 7 44 7
32 36 31 36
31 37 30 37
42 10 42 9
29 3 29 2
28 44 29 44
43 27 44 27
16 2 15 2
26 17 27 17
25 39 26 39
19 34 20 34
42 0 43 0
28 35 27 35
19 32 18 32
5 36 6 36
33 13 34 13
12 36 13 36
17 41 16 41
43 12 43 11
23 10 24 10
26 32 26 31
29 28 28 28
34 44 35 44
14 38 13 38
25 5 25 4
32 13 32 14
14 39 14 40
23 26 22 26
21 4 22 4
6 42 6 43
40 18 40 17
40 19 39 19
44 16 43 16
15 40 15 41
10 42 10 41
29 7 30 7
8 25 8 26
10 25 9 25
31 1 30 1
37 35 37 34
10 24 10 23
8 12 9 12
7 22 7 23
28 1 28 2
30 20 29 20
44 33 44 32
16 34 16 33
39 24 39 25
35 14 35 15
15 10 14 10
22 15 22 14
27 1 26 1
15 22 15 21
42 25 43 25
23 36 23 35
42 16 42 17
20 8 20 7
6 0 5 0
5 38 6 38
22 26 23 26
1 12 1 11
35 15 35 14
29 44 30 44
15 13 16 13
17 4 16 4
39 22 38 22
32 27 33 27
36 14 36 13
19 20 19 19
19 41 19 40
15 3 15 4
31 2 32 2
190
13 28 15 28
4 42 14 42
17 25 21 25
6 35 9 35
21 10 24 10
23 2 28 2
13 12 13 28
0 30 7 30
41 1 41 4
11 37 12 37
12 3 12 7
44 29 44 31
28 2 28 6
4 39 4 42
36 31 39 31
32 12 37 12
5 16 9 16
21 16 22 16
14 42 15 42
15 5 19 5
11 1 11 2
31 3 37 3
19 4 19 5
41 29 44 29
0 27 0 30
37 12 37 20
11 2 14 2
36 34 37 34
22 25 27 25
19 7 19 12
28 6 34 6
19 5 21 5
3 10 5 10
32 7 32 9
16 30 19 30
19 5 19 7
9 12 13 12
2 27 8 27
30 39 30 44
41 29 41 39
40 3 40 7
23 22 27 22
19 12 25 12
19 33 19 36
19 28 19 29
22 41 26 41
25 16 25 20
41 21 41 29
9 1 9 5
32 22 36 22
21 20 21 25
14 2 15 2
9 1 11 1
2 11 2 13
43 16 43 25
34 4 34 6
7 30 7 33
37 21 41 21
37 20 37 21
43 25 43 28
20 44 30 44
28 6 28 10
5 10 14 10
29 9 32 9
9 31 15 31
23 15 32 15
5 5 9 5
13 12 19 12
3 12 4 12
11 37 11 39
41 39 41 43
40 11 40 13
18 33 19 33
21 25 22 25
5 10 5 12
2 18 6 18
41 4 41 17
4 12 5 12
40 1 41 1
32 24 32 26
19 18 19 19
19 36 19 37
10 3 10 4
20 42 20 44
39 25 39 26
9 21 11 21
39 26 39 27
16 36 19 36
4 34 4 39
39 29 41 29
12 7 18 7
17 18 19 18
32 12 32 14
27 22 27 25
21 39 21 40
37 11 40 11
14 2 14 5
21 20 25 20
24 10 28 10
32 14 32 15
22 16 25 16
0 10 3 10
19 18 22 18
40 13 40 17
37 3 40 3
36 29 36 31
34 6 34 7
25 11 25 12
2 18 2 25
34 31 34 34
17 39 21 39
16 28 16 30
9 6 9 8
9 16 9 21
35 26 39 26
12 37 19 37
9 5 9 6
8 28 13 28
43 11 43 14
24 26 29 26
15 42 20 42
19 31 19 33
39 27 39 29
44 31 44 32
41 17 41 21
21 34 34 34
41 0 41 1
22 39 22 41
4 39 11 39
2 25 3 25
37 12 39 12
14 0 41 0
15 2 23 2
39 12 39 16
36 22 38 22
15 28 15 29
17 15 17 18
20 34 20 36
21 39 22 39
12 37 12 41
25 16 35 16
21 5 22 5
34 34 36 34
32 26 35 26
29 26 32 26
44 32 44 34
19 29 19 30
5 12 5 16
11 21 11 27
37 39 41 39
32 9 32 12
8 27 8 28
32 29 36 29
34 34 34 36
15 31 15 33
25 12 32 12
17 29 19 29
5 5 5 10
23 2 23 5
10 3 12 3
19 36 20 36
37 4 37 11
17 25 17 29
37 34 37 39
34 4 37 4
39 31 39 36
40 1 40 3
27 18 30 18
0 10 0 13
35 14 35 16
21 13 21 16
43 14 43 16
27 22 32 22
27 18 27 22
20 42 29 42
2 13 2 15
0 31 0 42
15 29 15 31
19 30 19 31
18 7 19 7
9 31 9 35
19 12 19 18
4 34 7 34
0 31 1 31
2 15 2 18
7 33 7 34
19 29 32 29
0 13 0 27
2 25 2 27
21 34 21 39
