114
19 17 19 16
21 8 20 8
7 19 7 20
6 21 6 20
15 19 15 18
18 11 18 10
16 13 16 12
16 1 17 1
1 18 1 19
21 15 20 15
16 4 17 4
1 6 1 5
15 11 15 10
3 21 3 20
13 0 13 1
4 14 3 14
13 20 12 20
1 17 1 16
0 22 0 21
12 8 11 8
1 19 0 19
5 14 4 14
1 3 1 2
1 1 1 0
16 11 15 11
12 7 12 8
1 8 0 8
9 11 9 10
11 13 11 14
0 7 1 7
8 1 8 2
15 1 15 2
16 15 16 14
8 13 9 13
0 21 1 21
11 12 11 13
21 9 22 9
21 2 21 3
20 9 21 9
22 0 22 1
8 18 7 18
16 2 16 1
15 6 16 6
21 4 22 4
1 14 2 14
1 16 2 16
15 10 15 9
1 7 1 6
17 11 18 11
2 14 2 15
2 18 1 18
8 22 8 21
0 17 1 17
4 0 5 0
22 6 21 6
13 1 13 2
11 9 12 9
9 13 9 14
4 4 3 4
2 16 3 16
9 12 9 11
15 7 15 6
4 19 5 19
2 17 2 16
10 20 10 19
4 21 4 20
11 1 11 2
2 19 1 19
1 11 1 12
19 11 19 10
3 14 2 14
16 10 15 10
8 2 9 2
16 12 16 11
16 20 17 20
8 15 8 16
1 12 2 12
3 13 3 12
8 20 9 20
4 14 3 14
4 18 3 18
2 4 2 3
10 8 10 9
5 6 6 6
12 0 12 1
4 5 4 4
9 4 10 4
1 17 2 17
15 12 14 12
13 19 13 18
6 5 5 5
5 5 5 4
21 6 21 5
6 15 6 14
6 4 6 5
18 1 18 0
7 1 8 1
18 17 19 17
0 3 1 3
19 14 18 14
5 0 6 0
17 5 17 6
15 20 15 19
19 21 19 20
5 7 5 6
2 17 3 17
10 3 10 2
19 17 20 17
6 2 6 1
15 11 15 12
16 1 15 1
16 3 16 4
21 0 22 0
10 21 11 21
186
17 6 19 6
12 11 13 11
8 1 8 4
12 8 13 8
14 4 16 4
14 4 14 6
3 15 3 16
16 0 16 4
9 19 9 20
21 17 22 17
3 5 6 5
16 0 17 0
12 21 14 21
3 5 3 7
15 17 17 17
8 19 8 21
2 12 3 12
1 21 5 21
18 4 19 4
7 18 7 20
21 1 22 1
0 18 1 18
9 15 10 15
18 0 18 4
10 18 10 19
10 17 10 18
0 15 1 15
21 5 21 9
7 13 10 13
0 2 0 4
19 3 20 3
5 9 7 9
3 18 5 18
2 11 3 11
15 0 16 0
20 3 21 3
5 18 7 18
10 16 11 16
10 2 10 4
0 1 2 1
0 2 1 2
10 7 10 9
17 18 17 20
8 6 8 7
20 14 20 15
1 19 1 21
6 10 7 10
16 11 18 11
1 18 1 19
7 17 10 17
5 8 5 9
13 15 13 17
14 21 14 22
5 13 5 17
3 14 3 15
1 3 2 3
21 1 21 3
5 21 8 21
14 9 15 9
7 11 8 11
13 12 14 12
13 13 13 15
6 6 8 6
4 4 5 4
0 11 0 13
8 19 9 19
18 21 18 22
2 3 2 5
5 20 5 21
11 16 11 17
13 9 14 9
1 6 2 6
13 15 18 15
1 10 1 13
3 7 3 8
15 6 15 9
1 9 1 10
14 12 14 13
18 20 18 21
4 3 5 3
6 5 9 5
3 16 3 17
12 19 15 19
3 18 3 20
13 11 13 12
6 0 6 1
9 10 11 10
19 6 20 6
5 3 5 4
6 5 6 6
1 15 1 18
12 20 12 21
3 4 3 5
18 21 22 21
0 10 1 10
7 17 7 18
9 20 12 20
9 2 10 2
8 1 9 1
5 13 6 13
11 13 11 14
12 21 12 22
2 2 2 3
9 3 9 5
7 14 8 14
14 13 17 13
13 8 13 9
5 12 8 12
9 1 12 1
14 1 15 1
16 7 16 11
14 6 15 6
10 13 10 15
13 10 13 11
17 0 18 0
1 6 1 9
20 15 20 16
10 7 13 7
7 10 7 11
18 13 18 14
7 4 8 4
11 8 12 8
2 20 3 20
21 3 21 5
13 17 13 18
12 18 13 18
8 11 8 12
21 11 21 17
5 12 5 13
6 1 8 1
4 17 5 17
14 12 15 12
19 6 19 8
8 12 10 12
6 6 6 8
11 14 12 14
8 14 8 16
18 9 21 9
6 13 6 14
10 4 14 4
14 21 15 21
1 13 1 15
1 10 5 10
4 13 5 13
18 11 18 13
8 16 10 16
2 7 3 7
18 15 18 16
3 12 3 14
10 15 13 15
8 0 9 0
9 0 14 0
6 20 7 20
2 3 4 3
3 17 3 18
10 12 13 12
2 1 2 2
21 9 21 11
17 17 17 18
2 5 2 6
18 16 18 20
18 11 21 11
10 13 11 13
19 3 19 4
12 18 12 19
12 20 17 20
7 9 7 10
15 19 16 19
6 14 7 14
3 11 7 11
12 1 14 1
5 9 5 10
3 8 4 8
5 4 7 4
11 8 11 10
5 18 5 19
21 18 22 18
14 0 15 0
0 13 0 14
8 9 10 9
13 18 14 18
18 14 18 15
7 9 8 9
9 2 9 3
8 8 8 9
10 18 12 18
