229
9 17 9 18
3 10 3 9
4 11 4 12
12 9 13 9
5 8 6 8
17 20 16 20
13 13 13 12
10 7 11 7
15 2 15 1
12 6 12 7
0 17 0 16
3 11 3 10
18 13 18 12
13 3 14 3
4 8 5 8
7 8 7 9
3 2 4 2
9 7 9 6
0 9 0 10
15 11 15 10
3 8 4 8
14 13 13 13
2 11 3 11
1 17 0 17
9 4 9 3
2 12 2 11
16 8 16 7
14 20 13 20
10 8 10 7
12 5 12 6
11 14 11 13
18 14 18 13
9 8 10 8
9 16 9 17
7 7 7 8
3 12 2 12
15 8 16 8
10 14 11 14
1 16 1 17
10 15 10 14
14 14 14 13
9 12 9 11
2 16 1 16
4 20 4 19
14 15 14 14
8 7 9 7
11 9 12 9
10 12 9 12
13 5 12 5
2 17 2 16
2 18 2 17
15 12 15 11
1 18 2 18
13 15 14 15
1 17 1 18
4 12 3 12
6 7 7 7
8 16 9 16
11 20 12 20
15 5 15 4
2 8 3 8
18 3 19 3
13 16 13 15
0 7 0 8
8 6 8 7
9 6 8 6
7 16 8 16
4 13 4 12
18 20 17 20
8 4 9 4
11 12 10 12
4 5 4 6
5 7 6 7
18 19 18 20
9 15 10 15
13 0 14 0
6 16 7 16
16 2 15 2
5 6 5 7
2 7 2 8
2 17 1 17
12 16 13 16
18 18 18 19
9 16 9 15
2 18 2 17
12 15 12 16
4 2 5 2
14 19 14 20
15 9 15 8
6 17 6 16
2 13 3 13
4 14 4 13
4 15 4 14
9 17 9 16
7 17 6 17
18 4 18 3
8 17 7 17
10 17 9 17
5 15 4 15
3 7 2 7
13 15 12 15
13 16 13 15
17 18 18 18
1 7 0 7
1 18 2 18
4 3 4 2
14 16 13 16
5 16 5 15
9 17 8 17
15 6 15 5
12 12 11 12
3 20 4 20
6 16 5 16
16 3 16 2
17 19 17 18
7 16 6 16
4 10 4 11
15 3 16 3
13 4 13 3
15 16 14 16
11 19 11 20
19 14 18 14
13 19 14 19
3 19 3 20
10 19 11 19
9 5 9 6
17 20 17 19
19 15 19 14
1 9 0 9
19 16 19 15
7 15 7 16
13 6 13 5
14 3 15 3
16 16 15 16
18 0 17 0
14 4 14 3
1 17 1 18
12 0 13 0
6 15 7 15
12 1 12 0
13 18 13 19
5 15 6 15
15 13 15 12
8 9 8 10
14 9 15 9
16 15 16 16
1 16 1 17
14 6 13 6
5 16 5 15
3 8 3 7
14 18 13 18
6 16 5 16
13 9 14 9
17 15 16 15
2 7 1 7
10 20 10 19
14 7 14 6
0 16 1 16
13 7 14 7
14 17 14 18
4 8 3 8
12 9 13 9
12 2 12 1
17 14 17 15
18 14 17 14
15 7 15 6
9 20 10 20
18 16 19 16
6 15 6 16
14 16 14 17
2 6 2 7
18 1 18 0
0 17 0 16
8 20 9 20
9 9 8 9
4 9 4 10
1 17 0 17
13 12 12 12
18 15 18 16
16 13 15 13
17 1 18 1
4 7 4 8
17 2 17 1
7 20 8 20
5 15 6 15
12 7 13 7
1 16 1 17
7 19 7 20
7 18 7 19
9 10 9 9
19 14 18 14
10 5 9 5
17 3 17 2
10 6 10 5
13 13 13 12
20 14 19 14
8 3 8 4
1 6 2 6
18 6 18 5
5 7 4 7
6 7 5 7
8 2 8 3
11 17 10 17
18 20 17 20
4 4 4 3
4 19 3 19
18 19 18 20
11 6 10 6
9 7 9 8
5 9 4 9
2 6 1 6
7 2 8 2
6 15 5 15
7 1 7 2
12 10 12 9
6 1 7 1
12 11 12 10
4 3 4 4
10 17 11 17
10 18 10 17
20 4 20 3
11 7 11 6
5 8 5 9
19 3 19 2
19 16 20 16
5 15 6 15
0 16 1 16
15 16 14 16
4 4 4 3
171
14 12 15 12
0 6 1 6
7 9 8 9
16 12 17 12
3 6 3 7
1 15 2 15
10 19 11 19
7 11 7 12
2 12 2 14
3 10 3 11
4 16 4 17
17 15 17 16
1 12 2 12
13 19 13 20
11 2 11 3
16 4 16 5
8 4 8 5
0 5 0 6
1 6 3 6
6 18 8 18
15 12 16 12
3 11 3 12
14 12 14 13
13 17 13 18
7 0 8 0
4 15 6 15
13 9 13 10
19 15 20 15
9 15 9 16
8 10 10 10
5 18 6 18
3 19 3 20
9 13 9 14
1 1 1 2
9 14 9 15
15 3 15 4
15 15 16 15
2 2 4 2
16 17 16 18
9 18 9 19
16 12 16 14
18 2 18 3
18 5 18 7
6 8 6 9
15 4 15 5
11 2 13 2
8 18 8 19
4 18 5 18
7 16 8 16
14 2 15 2
16 18 17 18
10 5 11 5
12 6 12 9
8 16 8 17
4 2 4 3
1 8 1 10
7 6 8 6
18 3 20 3
12 4 12 5
3 4 3 5
2 9 3 9
3 7 4 7
9 12 10 12
8 10 8 11
3 17 3 18
0 12 0 13
2 18 3 18
13 16 13 17
11 10 12 10
0 19 0 20
2 10 3 10
12 6 13 6
3 9 4 9
3 18 3 19
7 14 7 15
14 11 14 12
12 19 13 19
12 5 12 6
3 14 3 15
8 5 8 6
3 17 4 17
0 12 1 12
15 2 15 3
13 15 14 15
13 10 14 10
17 15 19 15
17 18 17 19
3 15 4 15
14 10 15 10
9 11 9 12
3 5 3 6
13 12 14 12
18 3 18 5
13 8 14 8
11 19 12 19
12 10 12 12
17 12 18 12
16 14 17 14
20 2 20 3
8 0 9 0
6 10 6 11
20 13 20 15
0 8 1 8
6 6 7 6
12 9 12 10
6 15 7 15
13 18 13 19
19 9 20 9
10 8 10 9
13 1 13 2
1 18 2 18
20 12 20 13
14 1 14 2
9 20 10 20
8 14 9 14
7 11 8 11
1 17 1 18
20 1 20 2
1 10 2 10
1 2 2 2
7 14 8 14
6 6 6 8
6 11 7 11
17 7 18 7
9 19 9 20
1 7 2 7
11 3 11 4
6 8 7 8
0 14 0 15
4 7 5 7
10 9 10 10
16 3 16 4
2 9 2 10
14 7 16 7
2 20 3 20
4 9 5 9
16 7 17 7
13 16 14 16
8 17 8 18
4 3 4 6
9 0 9 1
2 15 3 15
16 3 18 3
16 14 16 15
7 9 7 10
16 16 16 17
1 7 1 8
2 16 2 17
0 15 1 15
11 4 11 5
16 15 16 16
3 18 4 18
10 9 12 9
5 9 6 9
4 6 6 6
12 4 15 4
4 16 5 16
9 12 9 13
9 16 9 18
10 15 10 16
2 15 2 16
14 15 15 15
13 7 13 8
8 19 8 20
8 11 9 11
1 1 2 1
6 9 6 10
7 0 7 1
12 12 13 12
13 8 13 9
14 7 14 8
