315
11 33 12 33
18 17 19 17
30 27 30 28
14 19 14 20
13 15 13 16
8 11 7 11
23 9 22 9
10 27 10 28
25 19 25 20
24 29 24 28
7 2 6 2
22 3 22 4
5 20 4 20
23 11 22 11
6 11 5 11
1 18 1 19
1 12 1 13
27 26 27 25
23 12 22 12
28 22 27 22
21 33 21 34
5 26 6 26
25 26 26 26
29 1 29 0
20 3 20 4
24 5 23 5
28 20 28 21
17 21 17 20
23 14 24 14
0 11 1 11
20 32 21 32
23 18 22 18
16 16 17 16
10 16 10 17
33 25 32 25
25 25 25 26
9 9 8 9
22 33 22 32
2 19 2 18
6 10 7 10
9 17 9 18
27 20 28 20
19 34 18 34
16 3 16 4
2 8 2 7
16 19 17 19
16 15 16 16
16 20 15 20
25 27 24 27
4 6 4 5
21 27 22 27
19 15 19 14
32 26 33 26
12 17 11 17
18 34 17 34
10 15 10 14
30 26 30 25
1 19 2 19
22 29 23 29
0 16 0 17
27 19 27 18
12 21 12 20
8 9 8 10
0 17 1 17
34 27 34 28
16 12 16 11
26 18 26 19
4 19 4 18
26 1 26 0
29 9 30 9
12 33 12 34
17 30 16 30
23 22 23 23
31 15 31 16
32 27 31 27
1 8 0 8
17 34 17 33
20 15 19 15
0 26 1 26
31 5 31 4
12 32 12 33
23 7 23 8
22 31 23 31
2 30 3 30
30 23 29 23
20 0 19 0
24 18 23 18
20 16 21 16
4 28 4 29
15 33 15 34
24 4 24 3
5 16 5 15
24 21 24 20
10 20 9 20
19 25 20 25
1 11 2 11
25 24 25 25
24 6 24 5
32 33 32 32
4 18 4 17
20 17 20 16
31 27 31 26
2 9 2 8
5 0 5 1
1 13 2 13
6 21 5 21
4 14 5 14
26 8 26 7
16 11 15 11
32 17 33 17
28 15 28 16
32 11 32 10
16 22 16 21
16 4 16 5
34 18 33 18
27 5 27 6
3 30 3 31
4 16 5 16
2 11 3 11
7 29 7 30
23 5 23 6
18 21 19 21
17 32 16 32
23 23 22 23
25 26 25 27
33 33 32 33
10 11 10 10
4 5 5 5
26 24 26 25
5 22 4 22
2 31 2 30
9 28 9 29
1 31 2 31
25 25 25 26
2 30 3 30
21 32 21 31
18 30 18 31
7 21 7 20
20 10 21 10
10 12 10 11
1 30 1 31
20 33 20 32
13 19 14 19
3 17 3 18
6 19 7 19
26 33 26 34
4 15 4 16
2 4 3 4
0 30 1 30
20 26 19 26
6 29 7 29
26 23 27 23
7 1 7 2
5 11 5 10
14 3 13 3
4 16 3 16
6 16 7 16
19 0 19 1
9 7 10 7
12 13 12 12
15 11 15 12
15 24 14 24
24 14 25 14
28 10 28 9
28 26 29 26
11 16 12 16
0 34 1 34
8 4 8 5
21 29 21 28
8 28 9 28
0 13 1 13
7 2 7 3
25 3 25 4
20 13 20 12
23 3 22 3
33 6 33 7
6 26 7 26
14 22 13 22
33 28 33 27
33 7 34 7
9 5 9 4
34 6 33 6
23 21 23 22
27 15 28 15
8 10 8 11
29 34 28 34
13 3 12 3
32 4 33 4
7 10 7 9
21 9 20 9
22 1 22 0
25 15 26 15
11 20 11 19
20 30 21 30
9 23 8 23
30 8 31 8
2 22 1 22
30 32 29 32
20 6 20 5
9 28 9 27
20 7 20 6
1 23 1 24
20 5 21 5
32 3 31 3
18 10 18 11
17 9 18 9
17 26 16 26
24 15 25 15
33 27 34 27
32 30 31 30
22 6 21 6
15 1 15 2
26 11 26 10
4 10 4 11
23 31 23 30
24 31 24 30
30 11 31 11
27 10 27 9
11 2 12 2
33 34 33 33
29 11 30 11
29 7 28 7
22 7 22 8
3 22 2 22
33 13 33 14
16 14 16 13
18 3 18 2
14 1 14 0
12 2 11 2
8 23 7 23
14 29 14 28
16 30 16 31
15 19 15 18
21 2 22 2
0 14 0 15
27 3 27 2
5 21 5 22
30 19 30 18
17 14 16 14
9 8 9 9
3 27 2 27
10 11 9 11
5 4 5 3
1 6 2 6
25 22 24 22
13 5 14 5
18 9 18 10
15 6 15 7
30 7 29 7
29 33 29 34
32 25 32 24
28 13 27 13
7 11 7 10
11 9 12 9
24 30 24 31
8 7 8 8
3 11 3 10
14 28 14 29
3 4 3 3
6 6 6 7
3 26 2 26
10 25 10 24
26 7 25 7
24 22 25 22
22 15 22 16
10 28 10 29
7 17 6 17
26 15 27 15
20 16 20 15
31 3 30 3
31 12 31 13
20 32 21 32
27 0 28 0
30 18 30 17
24 23 23 23
17 17 17 18
15 25 16 25
4 34 3 34
28 15 29 15
33 4 33 3
21 22 22 22
9 16 9 15
11 19 11 20
2 31 2 30
3 21 3 22
23 1 22 1
31 11 31 12
8 25 8 26
10 0 11 0
25 6 24 6
17 23 17 22
12 28 12 27
16 7 16 6
13 6 14 6
10 26 11 26
32 2 32 1
29 10 29 9
33 17 33 16
8 20 8 21
11 24 11 25
4 27 4 28
1 16 0 16
13 13 13 14
15 30 15 31
20 27 19 27
13 30 13 29
16 25 16 24
33 21 33 22
13 4 13 3
27 2 28 2
24 11 24 10
22 9 21 9
7 20 8 20
14 0 13 0
18 14 18 13
184
24 1 24 3
33 33 34 33
2 24 4 24
12 20 14 20
15 12 20 12
7 15 8 15
19 3 19 4
12 20 12 24
32 10 32 15
21 8 22 8
5 16 7 16
30 10 32 10
1 17 1 22
23 8 28 8
32 19 32 24
27 18 27 22
27 15 29 15
25 5 34 5
24 3 24 5
32 7 34 7
28 8 28 9
2 13 4 13
8 3 8 5
10 7 10 10
12 27 17 27
26 26 29 26
6 31 6 33
23 8 23 15
20 23 20 25
5 8 5 10
8 11 8 15
22 2 23 2
24 25 26 25
20 12 20 15
29 23 29 26
15 12 15 14
23 15 23 18
12 24 12 27
20 18 20 20
21 8 21 9
1 22 2 22
4 13 4 17
10 33 10 34
29 26 31 26
4 13 6 13
30 33 32 33
30 17 30 24
17 27 19 27
34 28 34 32
2 19 5 19
2 8 2 13
4 29 5 29
7 3 8 3
0 4 0 8
19 3 22 3
32 24 32 28
26 10 30 10
5 22 5 29
19 21 25 21
27 9 28 9
0 25 0 33
16 33 17 33
19 1 19 3
21 5 21 6
8 5 14 5
13 34 14 34
0 33 6 33
21 6 21 8
15 7 15 12
6 18 7 18
34 22 34 27
26 19 26 25
8 8 8 11
7 31 8 31
9 20 9 27
23 6 23 8
30 24 32 24
17 25 20 25
6 7 10 7
3 30 6 30
12 1 19 1
6 33 8 33
34 10 34 12
5 19 5 22
23 19 26 19
6 7 6 8
0 23 0 25
24 5 25 5
30 28 30 33
28 8 31 8
3 2 3 3
2 29 2 30
6 18 6 30
19 32 21 32
8 11 9 11
34 8 34 10
10 7 15 7
12 16 12 20
9 18 9 20
32 15 32 19
1 29 2 29
17 31 17 33
18 15 18 20
34 12 34 22
4 23 4 24
25 26 26 26
21 9 21 10
20 15 20 18
3 3 3 10
7 16 12 16
22 19 23 19
32 7 32 10
33 8 34 8
17 27 17 31
0 1 0 4
0 8 2 8
9 15 18 15
18 32 19 32
7 15 7 16
17 25 17 27
2 34 3 34
8 15 9 15
8 33 8 34
2 23 4 23
27 13 27 15
22 1 22 2
0 23 2 23
16 16 16 21
12 33 16 33
19 18 20 18
23 28 24 28
24 1 30 1
3 3 5 3
34 5 34 7
10 33 12 33
22 26 22 27
28 33 30 33
14 5 16 5
6 30 6 31
20 25 20 29
29 15 32 15
5 16 5 19
24 28 30 28
2 29 4 29
14 34 15 34
21 5 24 5
2 22 2 23
27 22 29 22
29 22 29 23
16 16 17 16
20 25 24 25
6 9 6 13
16 21 19 21
7 18 9 18
30 28 32 28
22 3 24 3
5 1 5 3
30 9 30 10
21 32 22 32
5 3 5 5
25 9 27 9
22 27 22 32
6 5 6 7
10 3 12 3
20 15 23 15
12 1 12 3
22 26 25 26
2 0 2 1
32 28 34 28
1 17 4 17
23 33 28 33
19 18 19 21
9 27 11 27
33 8 33 14
3 10 5 10
2 1 5 1
18 15 19 15
6 5 8 5
17 33 23 33
5 1 12 1
22 0 22 1
2 27 2 29
6 8 6 9
23 18 27 18
