112
16 3 15 3
21 6 21 7
16 11 17 11
11 6 11 5
10 17 10 18
13 16 13 17
2 5 2 6
5 20 4 20
12 17 12 16
9 18 8 18
1 10 2 10
1 4 1 5
12 3 12 4
5 2 5 3
9 22 9 23
18 23 18 22
9 13 8 13
10 6 11 6
8 13 7 13
13 3 13 2
11 7 12 7
18 13 17 13
5 18 4 18
1 8 1 9
13 12 12 12
16 22 16 21
21 15 22 15
16 1 16 2
0 4 1 4
20 16 20 17
14 12 13 12
21 3 20 3
11 5 10 5
7 11 7 12
7 17 7 16
2 11 3 11
18 16 19 16
10 12 9 12
22 15 23 15
7 15 6 15
16 4 16 5
19 16 20 16
19 20 20 20
1 3 2 3
11 6 11 5
16 12 16 11
23 17 23 16
14 5 13 5
20 20 20 19
19 13 18 13
15 12 16 12
15 11 15 12
17 11 17 10
8 1 8 2
23 12 22 12
17 10 17 9
1 2 1 3
23 16 22 16
12 12 12 13
5 3 6 3
19 12 19 13
22 5 22 4
6 10 5 10
0 2 1 2
13 15 13 16
0 3 0 4
1 5 2 5
22 6 22 5
1 3 0 3
17 1 16 1
10 3 10 4
12 6 11 6
12 2 12 3
14 16 14 15
5 21 5 22
5 23 6 23
6 17 6 16
10 20 10 19
11 19 11 18
13 11 14 11
15 22 14 22
22 12 22 11
21 14 21 15
7 4 7 5
5 1 5 2
9 21 9 22
20 19 21 19
10 14 11 14
21 8 20 8
15 19 15 18
22 10 22 9
14 21 13 21
3 23 2 23
11 5 11 4
21 10 22 10
14 22 13 22
13 1 12 1
23 20 23 21
3 8 2 8
22 22 21 22
2 9 3 9
11 17 10 17
4 12 4 13
10 5 9 5
0 8 0 7
21 22 20 22
10 7 10 8
5 0 4 0
20 3 20 4
4 23 5 23
0 7 0 6
2 19 2 18
187
12 16 13 16
7 19 8 19
17 9 17 12
12 4 14 4
3 9 4 9
16 23 19 23
5 9 6 9
9 17 9 19
0 11 1 11
8 23 9 23
6 7 8 7
21 13 23 13
7 12 7 13
19 13 21 13
14 11 14 13
1 7 1 9
23 0 23 3
8 7 8 8
16 1 18 1
14 0 14 2
5 6 5 7
12 7 12 10
17 13 17 18
6 19 6 20
1 22 2 22
0 9 1 9
12 21 13 21
19 18 19 21
13 2 14 2
9 6 11 6
0 22 0 23
21 19 22 19
20 4 20 5
20 16 21 16
4 13 5 13
1 17 1 21
2 6 5 6
3 13 3 14
16 2 16 5
11 12 13 12
20 8 20 9
6 22 6 23
6 11 8 11
0 22 1 22
19 11 19 13
21 7 22 7
5 13 5 22
1 4 5 4
13 17 13 18
12 10 14 10
16 0 16 1
5 2 5 4
6 16 7 16
0 4 0 6
11 4 12 4
12 0 13 0
13 12 13 16
8 2 11 2
5 9 5 10
20 6 23 6
12 18 13 18
18 7 18 8
3 11 3 12
11 2 13 2
5 10 5 12
4 8 4 9
0 23 2 23
17 5 17 9
15 18 17 18
13 22 17 22
17 21 17 22
11 0 12 0
22 4 23 4
1 13 1 17
12 23 13 23
14 2 14 4
1 9 1 11
17 18 19 18
7 3 7 5
23 11 23 13
23 10 23 11
6 5 7 5
8 10 8 11
12 19 14 19
6 13 6 14
23 5 23 6
4 8 8 8
5 22 6 22
15 21 16 21
12 7 14 7
0 15 0 22
1 13 3 13
6 5 6 6
0 3 0 4
21 16 21 19
8 19 9 19
9 17 10 17
12 19 12 21
6 3 7 3
23 3 23 4
5 4 5 5
15 16 15 18
7 13 7 16
7 16 9 16
11 10 11 12
18 8 18 9
20 15 20 16
8 11 8 12
13 20 13 21
5 7 6 7
21 16 22 16
5 2 8 2
9 12 9 14
3 9 3 11
21 13 21 15
1 2 1 4
14 7 15 7
17 0 23 0
13 21 15 21
3 13 4 13
8 8 9 8
20 5 20 6
14 11 16 11
23 15 23 21
5 13 6 13
21 4 22 4
17 12 17 13
13 16 15 16
6 16 6 19
21 9 21 11
14 10 14 11
19 14 19 18
21 1 21 4
20 15 21 15
8 12 9 12
18 2 20 2
18 8 20 8
5 12 5 13
20 2 20 4
6 12 7 12
19 22 19 23
21 1 22 1
11 12 11 14
17 12 18 12
10 17 13 17
1 11 1 13
11 6 11 10
11 23 12 23
6 9 6 11
15 13 17 13
20 9 20 10
2 1 2 2
18 2 18 4
9 19 9 22
18 1 18 2
18 11 19 11
14 4 14 7
4 13 4 15
9 22 13 22
18 9 18 11
6 22 9 22
6 6 9 6
1 4 1 7
13 22 13 23
6 14 6 15
15 23 16 23
9 14 9 15
19 21 19 22
21 7 21 9
15 18 15 21
7 3 12 3
2 5 2 6
21 11 22 11
15 9 17 9
14 23 15 23
16 5 17 5
10 18 10 19
10 19 12 19
14 0 16 0
3 11 4 11
5 6 6 6
1 2 2 2
10 23 11 23
20 6 20 8
9 16 12 16
22 7 23 7
19 21 23 21
