314
29 2 28 2
15 27 16 27
13 26 13 27
22 9 23 9
26 21 25 21
30 16 29 16
29 11 28 11
4 0 4 1
8 9 7 9
26 29 26 28
23 12 22 12
11 3 11 4
18 25 18 24
27 19 27 18
21 8 21 7
19 9 20 9
18 2 18 3
29 1 29 2
4 14 5 14
5 29 4 29
0 1 0 0
26 28 27 28
1 1 1 2
30 17 29 17
29 26 29 25
20 6 20 7
26 15 25 15
20 10 19 10
16 25 16 24
17 13 17 12
27 15 26 15
3 2 4 2
11 2 11 3
20 5 21 5
24 27 24 28
6 0 7 0
21 9 22 9
9 2 8 2
30 1 30 2
3 27 4 27
30 14 29 14
8 10 8 9
22 14 22 13
9 5 10 5
5 16 4 16
23 27 22 27
26 12 26 13
30 22 29 22
20 7 19 7
22 12 21 12
31 0 31 1
3 14 4 14
12 1 12 0
21 22 21 21
27 5 26 5
14 28 15 28
5 15 5 16
26 27 26 28
12 12 12 11
19 10 19 9
5 14 5 15
23 25 23 26
7 2 7 3
2 30 2 31
7 15 7 16
17 2 17 3
2 11 2 10
16 2 16 3
3 4 4 4
5 9 5 10
7 6 7 5
26 25 26 24
29 29 30 29
12 15 12 16
8 6 7 6
4 23 4 22
18 8 18 7
5 17 5 18
29 10 28 10
25 17 26 17
25 2 25 1
27 16 27 17
5 0 6 0
12 11 12 10
12 18 12 19
0 15 0 16
21 10 21 9
3 1 3 2
13 22 13 21
26 22 26 21
28 29 28 30
5 30 5 29
10 2 9 2
18 1 18 2
27 11 26 11
29 30 29 29
15 28 15 27
1 16 1 15
31 16 30 16
6 2 7 2
3 0 3 1
19 19 19 18
10 23 10 22
17 23 16 23
23 3 23 4
24 13 24 12
13 13 12 13
8 25 9 25
29 22 29 21
10 9 10 8
21 9 21 8
17 22 17 23
1 14 1 13
1 0 1 1
26 3 26 2
20 11 20 10
15 25 16 25
23 13 23 14
12 7 12 8
21 25 21 26
3 25 2 25
8 20 8 19
19 3 19 4
25 20 25 19
2 14 3 14
18 21 17 21
13 27 13 28
12 8 13 8
25 8 25 9
18 24 19 24
13 31 13 30
20 3 19 3
31 17 30 17
19 15 19 16
21 3 22 3
13 6 12 6
6 8 5 8
29 9 30 9
14 1 14 2
14 18 14 19
15 9 14 9
27 4 27 5
25 3 25 2
11 11 12 11
0 14 1 14
0 17 1 17
7 5 6 5
30 5 30 4
18 7 18 6
16 24 15 24
10 16 11 16
1 10 0 10
2 5 3 5
16 5 17 5
12 10 13 10
20 13 19 13
30 18 30 19
9 25 9 26
1 11 2 11
13 12 12 12
6 10 6 11
30 29 31 29
17 11 18 11
20 21 19 21
3 26 3 27
6 11 7 11
6 9 6 10
29 18 30 18
10 13 10 12
13 8 14 8
3 16 2 16
3 13 2 13
26 5 26 4
5 3 5 4
27 18 26 18
4 3 5 3
10 24 9 24
30 11 31 11
20 25 21 25
7 8 6 8
3 27 3 28
4 22 3 22
19 25 18 25
22 19 21 19
23 11 23 10
16 21 16 20
27 29 26 29
30 13 31 13
17 31 18 31
8 19 7 19
2 16 2 17
28 18 27 18
9 14 9 13
28 11 28 12
7 10 8 10
27 10 27 9
21 26 22 26
5 10 4 10
23 15 23 16
8 17 7 17
11 13 11 12
7 29 7 28
16 8 17 8
25 9 26 9
22 9 22 8
15 2 16 2
27 6 26 6
7 12 8 12
22 8 23 8
15 15 15 14
26 4 25 4
13 7 12 7
28 12 28 11
28 26 27 26
24 18 23 18
5 24 5 23
9 2 9 3
8 5 9 5
2 10 1 10
2 7 2 6
19 24 19 23
30 30 29 30
30 8 31 8
4 4 4 5
3 20 3 19
2 11 2 10
11 10 11 11
28 27 27 27
19 29 18 29
6 12 6 11
5 4 4 4
20 17 20 18
4 11 4 12
27 5 27 6
12 25 12 26
9 18 9 17
5 8 5 7
19 11 20 11
23 20 22 20
14 12 14 11
23 19 22 19
9 12 9 11
18 23 18 24
21 30 21 29
11 14 12 14
8 2 9 2
23 18 22 18
9 0 9 1
11 23 12 23
13 21 14 21
25 25 24 25
27 26 26 26
12 26 13 26
4 10 4 11
3 14 3 13
30 9 30 8
2 29 3 29
0 2 0 1
21 6 22 6
9 24 8 24
3 11 3 12
23 4 24 4
2 0 3 0
31 4 31 3
6 14 5 14
10 12 10 13
15 24 14 24
7 26 7 25
6 1 6 2
1 10 1 11
7 24 6 24
7 23 8 23
17 30 16 30
11 28 11 29
18 2 17 2
6 26 6 27
1 13 1 12
17 2 18 2
19 23 20 23
5 22 4 22
30 27 30 28
31 3 31 4
13 17 12 17
7 4 7 5
12 0 13 0
1 4 2 4
23 5 23 4
1 23 0 23
20 24 19 24
6 20 7 20
6 27 6 28
25 11 25 10
20 23 20 24
24 5 23 5
17 9 16 9
1 27 1 28
16 9 17 9
2 21 3 21
20 31 20 30
23 31 24 31
2 15 2 14
3 15 2 15
16 1 17 1
18 16 18 15
6 18 7 18
10 29 10 28
25 21 25 20
8 10 9 10
24 7 24 6
7 20 8 20
8 20 8 21
16 4 15 4
18 20 18 21
10 13 10 14
184
4 12 4 13
3 21 5 21
21 21 22 21
13 28 13 30
29 14 31 14
10 22 10 25
26 17 27 17
12 13 12 14
19 22 19 24
28 25 29 25
10 1 10 5
7 17 9 17
27 14 27 17
4 12 8 12
16 12 17 12
4 2 4 4
14 8 17 8
1 24 2 24
19 16 20 16
25 15 26 15
24 29 24 30
11 1 17 1
4 16 4 17
9 5 10 5
7 19 9 19
22 4 22 5
14 13 15 13
4 13 4 14
10 19 12 19
27 18 30 18
13 10 15 10
9 26 10 26
23 8 24 8
7 3 7 5
2 9 2 10
6 0 6 2
21 21 21 25
24 29 26 29
18 3 19 3
27 17 27 18
11 0 11 1
22 27 27 27
14 25 16 25
21 12 21 15
12 4 12 6
19 3 22 3
19 13 19 16
0 22 1 22
6 5 6 6
5 19 6 19
9 26 9 30
8 12 8 14
31 11 31 12
22 16 23 16
17 8 20 8
12 12 12 13
22 3 22 4
15 10 20 10
6 6 7 6
20 18 20 19
29 7 29 8
13 10 13 15
16 25 16 26
7 5 9 5
3 2 4 2
15 13 19 13
21 28 22 28
2 9 7 9
27 6 27 9
20 4 20 8
0 20 1 20
20 18 22 18
4 17 7 17
15 29 17 29
21 15 21 16
29 5 29 7
11 3 12 3
2 10 2 13
25 1 31 1
18 19 18 21
6 3 7 3
25 15 25 16
9 19 10 19
2 13 2 14
12 3 12 4
21 25 24 25
24 25 28 25
16 25 18 25
18 22 19 22
14 2 16 2
4 22 10 22
20 16 20 18
18 19 20 19
6 2 6 3
26 9 27 9
0 16 0 20
19 21 19 22
26 29 29 29
29 8 29 14
25 19 28 19
7 6 12 6
22 5 23 5
20 8 21 8
10 22 18 22
17 16 19 16
30 26 30 28
7 6 7 9
18 25 21 25
1 18 3 18
10 25 13 25
12 19 14 19
0 30 8 30
22 21 23 21
31 14 31 22
4 5 6 5
17 12 21 12
3 22 4 22
10 8 14 8
19 1 19 3
0 0 3 0
23 5 29 5
1 18 1 20
30 17 30 18
7 9 7 11
21 8 21 12
10 8 10 14
3 28 5 28
25 16 25 19
0 11 0 16
15 10 15 13
29 25 29 29
17 1 19 1
6 28 7 28
0 29 0 30
18 24 18 25
10 25 10 26
1 21 3 21
8 14 10 14
6 19 7 19
26 14 27 14
13 28 21 28
2 24 3 24
23 22 25 22
22 27 22 28
3 22 3 24
9 30 13 30
25 19 25 20
6 15 13 15
22 16 22 18
5 15 6 15
1 21 1 22
22 3 27 3
7 3 8 3
0 16 4 16
27 12 27 14
23 16 23 21
17 14 17 16
13 26 16 26
11 1 11 3
27 9 27 12
4 4 4 5
23 5 23 8
23 21 23 22
22 13 22 16
25 20 25 22
9 17 9 19
23 30 24 30
6 24 6 28
22 13 26 13
19 1 25 1
14 2 14 8
4 14 4 16
1 24 1 25
21 12 24 12
26 6 27 6
3 0 6 0
3 24 3 28
25 22 31 22
24 12 27 12
10 14 12 14
10 19 10 22
8 30 9 30
16 2 18 2
16 26 16 27
