213
32 29 32 30
18 6 17 6
10 7 9 7
11 32 12 32
23 33 23 32
37 41 37 40
25 8 25 7
33 9 33 10
28 44 28 43
31 0 31 1
4 0 5 0
36 25 37 25
38 40 38 41
28 21 28 22
25 24 25 23
16 5 17 5
17 35 18 35
40 43 39 43
39 42 40 42
37 0 37 1
40 4 40 3
20 26 20 27
2 27 2 28
14 26 14 27
12 36 12 37
5 36 5 37
21 41 21 40
17 14 18 14
3 8 4 8
17 12 17 13
41 5 41 4
39 43 39 44
3 20 2 20
33 5 34 5
35 4 36 4
15 29 15 28
41 21 41 20
18 41 18 42
26 38 27 38
44 38 44 39
28 22 29 22
3 7 3 8
13 20 13 19
18 38 18 37
19 40 19 41
21 36 21 35
17 7 17 8
9 9 8 9
24 23 24 24
36 4 37 4
7 8 6 8
23 16 22 16
28 17 27 17
9 8 10 8
32 27 33 27
12 6 12 7
17 4 18 4
18 40 18 41
5 2 5 1
13 13 13 14
8 17 7 17
10 20 10 19
37 25 37 26
22 44 21 44
8 28 9 28
26 2 26 3
0 40 1 40
13 7 13 8
36 36 35 36
16 7 17 7
6 25 7 25
31 7 32 7
39 21 39 22
27 44 27 43
21 24 21 23
27 43 26 43
43 3 43 4
37 2 38 2
7 22 7 21
40 26 40 27
16 12 16 13
16 34 16 33
8 9 7 9
13 10 12 10
12 26 12 27
26 23 27 23
7 3 8 3
42 30 42 31
10 21 10 20
16 26 15 26
22 16 22 17
9 7 9 6
11 21 10 21
34 29 33 29
39 39 39 40
15 7 14 7
9 30 8 30
3 11 4 11
16 15 15 15
12 7 13 7
31 42 30 42
7 42 6 42
21 44 21 43
39 22 39 23
24 5 24 6
16 44 15 44
37 26 38 26
23 32 22 32
44 27 44 26
30 38 30 39
12 5 12 6
27 1 27 2
30 42 29 42
0 38 0 37
9 21 9 22
9 33 9 32
29 17 28 17
7 9 7 10
9 10 8 10
11 26 10 26
33 38 33 39
14 34 15 34
32 35 32 34
43 38 42 38
29 42 29 41
44 22 44 23
41 13 42 13
17 37 17 36
13 27 13 26
11 29 10 29
11 44 11 43
13 17 14 17
17 34 17 35
6 43 5 43
5 37 6 37
35 31 35 32
22 42 22 43
9 44 9 43
17 43 17 42
22 30 23 30
42 31 42 32
36 35 35 35
30 36 29 36
36 1 36 2
14 42 15 42
15 44 15 43
22 5 22 6
20 24 21 24
7 17 7 16
29 22 29 23
29 13 29 12
32 44 32 43
35 29 36 29
30 39 30 40
35 11 36 11
33 27 33 26
30 9 31 9
18 43 17 43
8 3 9 3
17 8 17 9
16 3 16 2
38 6 39 6
17 7 18 7
14 11 14 10
32 13 33 13
31 6 31 5
41 20 42 20
28 16 28 15
33 15 33 14
36 31 37 31
1 28 0 28
42 2 41 2
37 24 38 24
43 16 42 16
37 13 36 13
22 6 23 6
29 30 30 30
34 23 35 23
4 8 4 9
3 0 3 1
43 15 44 15
41 2 41 1
8 30 7 30
18 42 19 42
33 13 34 13
21 1 20 1
36 27 35 27
42 16 42 15
23 30 23 31
16 18 17 18
1 1 2 1
26 18 25 18
36 10 37 10
1 12 1 11
1 11 0 11
43 17 42 17
33 14 34 14
33 7 33 8
15 15 14 15
0 33 0 32
27 2 26 2
28 25 28 26
5 4 5 5
23 11 24 11
33 21 33 20
12 30 13 30
8 10 8 9
32 34 33 34
0 23 0 24
27 4 26 4
21 13 21 14
27 6 28 6
15 23 15 22
187
12 37 18 37
22 17 27 17
36 11 38 11
38 32 42 32
43 4 44 4
35 32 35 35
17 9 17 13
35 24 38 24
10 22 10 26
12 6 16 6
3 28 9 28
15 34 15 35
12 32 12 37
29 16 29 23
14 27 16 27
38 13 38 14
9 32 12 32
17 44 29 44
16 23 16 27
30 34 33 34
22 41 23 41
34 5 34 10
38 26 44 26
26 2 30 2
13 14 13 19
39 0 39 1
22 9 22 12
19 42 26 42
24 20 24 24
27 14 27 16
42 13 42 15
33 29 36 29
5 1 7 1
34 10 34 13
10 26 13 26
17 35 17 36
42 22 43 22
7 21 7 25
17 36 26 36
5 14 13 14
42 20 42 22
33 26 33 29
10 21 10 22
23 43 26 43
33 10 33 17
18 4 18 5
25 7 26 7
2 28 3 28
9 6 9 13
14 7 18 7
41 4 43 4
15 34 22 34
13 19 15 19
17 9 22 9
3 10 7 10
5 43 9 43
24 7 25 7
13 19 13 26
16 27 20 27
30 32 30 34
26 36 26 42
41 1 41 4
26 43 28 43
7 1 14 1
18 7 24 7
17 41 18 41
26 29 26 36
27 17 27 23
28 43 29 43
29 23 35 23
18 37 18 41
38 5 38 11
31 1 31 5
24 24 24 32
5 1 5 5
36 29 36 34
34 13 36 13
22 21 22 32
18 5 18 7
6 37 6 42
13 7 14 7
35 23 35 24
33 34 33 36
15 42 17 42
15 35 17 35
20 27 20 29
17 16 17 18
26 42 26 43
9 43 11 43
17 16 27 16
37 1 37 4
29 41 36 41
16 13 17 13
38 26 38 32
3 10 3 28
37 4 37 8
7 1 7 10
9 13 16 13
0 44 17 44
31 5 31 9
17 42 19 42
21 32 22 32
27 10 29 10
18 5 31 5
25 2 26 2
9 28 9 32
24 41 25 41
0 37 0 44
21 29 21 32
5 39 5 43
3 8 3 10
35 36 35 39
7 16 7 21
31 1 37 1
0 37 6 37
13 28 15 28
42 5 42 13
7 13 9 13
29 41 29 43
40 38 42 38
38 5 42 5
35 35 35 36
21 24 21 28
38 0 39 0
37 40 39 40
43 14 43 22
33 26 38 26
13 26 15 26
18 41 19 41
22 17 22 21
2 8 3 8
16 2 16 6
2 1 3 1
15 42 15 43
36 41 38 41
12 27 14 27
39 40 39 44
42 32 42 38
9 22 9 28
9 28 13 28
37 4 41 4
27 16 29 16
24 24 35 24
35 23 39 23
38 20 42 20
14 1 20 1
30 40 37 40
26 29 33 29
21 28 21 29
7 21 10 21
19 41 22 41
23 41 24 41
16 2 25 2
12 6 12 10
29 10 33 10
44 31 44 39
29 44 39 44
18 24 21 24
6 37 12 37
5 0 5 1
20 1 31 1
14 7 14 10
1 43 5 43
3 6 3 8
9 22 10 22
36 11 36 13
25 23 27 23
39 23 44 23
2 1 2 7
17 13 17 16
9 6 12 6
26 7 26 14
33 36 35 36
38 14 38 20
9 3 9 6
27 10 27 14
16 13 16 23
30 34 30 40
16 6 17 6
34 14 38 14
33 10 34 10
12 32 21 32
38 24 38 26
33 30 33 34
43 4 43 14
11 43 15 43
35 39 44 39
