206
41 3 41 2
17 24 17 23
32 14 31 14
21 8 20 8
11 28 11 29
16 26 16 27
39 39 39 38
4 14 4 13
33 5 34 5
5 0 4 0
5 10 5 9
12 1 13 1
5 28 4 28
40 38 40 37
5 5 4 5
17 26 16 26
29 35 29 34
34 38 34 37
26 14 27 14
26 33 25 33
5 35 6 35
31 22 31 23
24 18 24 19
15 19 15 18
30 37 30 38
32 33 31 33
37 5 37 4
34 6 34 7
2 38 2 37
4 39 4 38
41 36 40 36
41 2 41 1
27 36 27 37
34 27 35 27
15 2 14 2
24 11 24 12
30 1 30 2
30 22 30 21
17 23 16 23
7 20 8 20
5 30 5 29
27 37 26 37
7 38 6 38
4 27 5 27
24 28 24 27
8 15 7 15
24 39 25 39
34 7 33 7
18 25 18 24
14 2 13 2
28 2 27 2
16 26 16 25
4 25 5 25
32 16 33 16
19 6 19 5
25 40 25 41
22 30 23 30
14 10 14 11
28 1 28 2
29 9 30 9
38 2 37 2
34 12 34 13
14 0 13 0
5 31 6 31
17 40 17 39
5 21 4 21
14 25 15 25
40 37 41 37
27 14 27 13
33 12 32 12
23 7 22 7
31 33 31 34
3 41 3 40
3 18 2 18
27 11 27 10
33 24 33 25
6 32 5 32
21 12 20 12
37 27 36 27
28 18 27 18
17 39 17 38
25 30 25 31
38 39 39 39
33 25 32 25
9 10 8 10
29 29 29 30
20 20 20 19
31 14 31 13
2 24 2 23
13 19 14 19
24 27 23 27
8 40 8 39
33 16 34 16
17 5 16 5
28 39 28 40
2 23 3 23
41 8 41 7
7 29 7 28
17 17 16 17
26 13 25 13
25 11 26 11
11 16 10 16
11 9 11 10
16 11 16 10
16 17 16 18
2 33 1 33
20 19 20 18
25 33 25 34
34 30 34 31
41 27 40 27
18 16 18 17
12 20 13 20
9 24 8 24
7 16 6 16
37 8 37 9
37 31 37 30
34 13 35 13
37 20 36 20
20 27 20 26
12 17 11 17
23 40 22 40
12 21 13 21
3 23 3 22
6 20 6 21
25 13 25 14
28 6 27 6
1 24 2 24
37 21 36 21
32 17 31 17
35 17 36 17
14 33 13 33
16 27 15 27
6 21 7 21
41 13 41 12
8 24 8 25
30 9 30 8
31 26 31 25
22 40 21 40
35 7 36 7
21 37 22 37
11 25 11 24
3 22 3 21
13 1 14 1
33 3 33 2
24 12 25 12
37 23 36 23
35 31 35 30
33 2 34 2
13 0 13 1
30 21 30 20
14 30 14 31
37 30 36 30
25 12 25 13
35 13 36 13
13 22 13 23
6 3 7 3
31 17 31 18
20 14 20 15
21 16 21 15
31 15 31 14
13 16 12 16
37 2 36 2
30 6 29 6
2 39 1 39
29 30 28 30
8 32 9 32
10 19 11 19
19 13 20 13
15 33 14 33
16 9 16 8
28 5 27 5
35 22 35 21
25 15 24 15
24 10 24 9
20 7 21 7
21 5 22 5
17 6 16 6
31 29 31 30
40 5 40 6
8 25 8 26
23 16 24 16
1 35 0 35
33 10 33 11
36 40 36 39
38 11 38 10
32 37 31 37
15 38 14 38
19 38 18 38
39 5 38 5
34 9 35 9
15 34 15 33
22 21 23 21
19 7 19 6
5 32 5 31
12 32 11 32
10 17 10 18
40 6 40 5
9 18 9 17
38 29 38 28
30 29 31 29
9 32 9 33
39 31 38 31
7 32 8 32
28 2 29 2
38 33 37 33
8 26 7 26
194
8 10 11 10
34 2 36 2
21 36 21 40
37 28 38 28
20 15 20 18
8 1 13 1
3 7 4 7
33 6 33 7
4 10 8 10
40 12 40 16
36 7 41 7
36 5 38 5
27 13 31 13
4 38 6 38
18 35 18 38
13 29 13 31
35 5 36 5
5 2 5 3
5 25 5 27
14 19 24 19
28 15 28 22
29 34 31 34
16 18 20 18
39 38 39 39
27 25 31 25
25 13 25 14
30 7 30 8
20 8 20 11
22 6 22 7
20 13 20 15
28 38 28 40
14 19 14 21
37 9 38 9
20 15 21 15
7 15 7 21
19 5 19 6
30 18 31 18
35 5 35 9
35 28 37 28
15 27 23 27
3 40 4 40
1 3 1 5
33 37 34 37
31 25 32 25
38 31 38 34
37 9 37 28
29 2 30 2
31 30 31 34
20 6 20 8
0 7 1 7
13 23 13 29
13 18 15 18
22 12 32 12
4 7 14 7
18 33 18 35
15 18 16 18
24 40 28 40
11 10 16 10
12 31 12 37
16 3 16 5
13 1 13 2
26 32 26 37
25 39 26 39
32 30 35 30
13 31 13 33
28 14 28 15
26 8 26 11
34 35 34 37
32 23 32 25
34 5 34 14
34 16 35 16
11 17 18 17
26 11 28 11
16 25 27 25
8 13 8 20
6 35 10 35
39 39 40 39
31 30 32 30
16 5 19 5
23 27 23 30
4 21 7 21
14 21 14 23
33 7 33 11
13 2 13 5
16 6 16 8
3 21 4 21
13 23 14 23
15 25 15 27
7 6 16 6
35 1 41 1
31 13 31 14
5 29 5 31
41 26 41 37
4 28 4 38
38 28 38 31
8 20 13 20
5 27 5 29
35 16 35 18
7 1 8 1
26 8 30 8
13 31 14 31
36 4 37 4
28 22 34 22
23 30 23 32
1 7 1 26
11 10 11 17
3 7 3 13
13 20 13 21
15 33 18 33
5 29 11 29
20 21 21 21
35 30 36 30
4 13 8 13
33 11 33 14
4 5 4 7
16 8 20 8
14 1 16 1
7 21 7 26
23 32 26 32
16 8 16 10
24 38 24 40
6 35 6 38
22 7 30 7
4 21 4 28
30 38 39 38
41 1 41 7
34 31 34 35
34 22 34 29
30 2 34 2
12 5 13 5
17 38 18 38
7 1 7 3
33 33 33 37
1 5 4 5
23 30 28 30
7 3 7 6
34 5 35 5
14 21 20 21
14 13 20 13
14 23 16 23
20 12 20 13
0 7 0 11
16 23 16 25
7 28 8 28
5 3 7 3
35 9 37 9
32 25 32 30
1 38 4 38
7 26 7 27
40 12 41 12
31 14 31 16
26 31 26 32
34 37 41 37
10 31 10 35
16 1 35 1
7 27 7 28
15 27 15 33
3 13 3 21
8 28 12 28
34 29 35 29
21 40 24 40
36 2 36 4
25 14 28 14
34 31 38 31
6 38 14 38
13 21 13 23
26 37 31 37
14 11 17 11
31 14 33 14
34 35 39 35
34 14 34 16
13 33 13 36
36 5 36 7
4 0 4 5
4 40 16 40
4 0 7 0
20 13 25 13
30 7 33 7
30 2 30 7
26 37 26 39
20 12 22 12
8 10 8 13
20 6 22 6
16 40 21 40
16 1 16 3
31 37 33 37
35 28 35 29
31 18 35 18
14 38 17 38
12 31 13 31
28 38 30 38
20 5 20 6
11 29 13 29
14 11 14 13
