209
38 37 38 36
6 34 7 34
32 3 31 3
21 41 21 40
23 16 23 15
23 32 24 32
35 34 35 33
5 17 5 18
16 4 16 3
7 9 7 10
18 8 19 8
41 37 41 38
11 31 11 30
16 11 15 11
15 16 14 16
29 10 29 9
32 41 32 42
40 0 40 1
30 38 30 37
19 11 20 11
35 35 35 36
4 17 4 16
22 11 22 12
17 23 18 23
26 20 25 20
41 39 40 39
33 31 33 32
1 31 1 32
27 36 27 35
18 17 17 17
33 18 34 18
41 19 42 19
36 39 36 38
19 33 19 32
0 42 0 41
2 37 2 38
22 2 22 3
15 41 14 41
8 37 7 37
27 40 28 40
20 18 19 18
1 16 0 16
36 29 35 29
27 41 27 42
40 34 41 34
36 32 36 31
33 21 33 20
32 6 31 6
5 33 5 32
7 37 7 38
22 23 23 23
30 12 29 12
1 20 2 20
27 30 27 31
41 21 40 21
16 38 15 38
19 18 19 17
42 42 42 41
38 24 39 24
18 33 19 33
34 40 34 39
24 37 24 36
31 18 32 18
35 29 34 29
9 33 9 34
22 16 21 16
33 38 33 37
2 38 3 38
28 35 28 36
10 14 9 14
42 14 41 14
40 24 41 24
26 6 26 5
22 22 22 23
40 6 40 5
18 4 18 5
25 25 24 25
1 29 2 29
35 39 35 40
21 8 20 8
1 22 2 22
33 37 33 36
23 27 22 27
32 39 32 38
15 17 15 16
25 36 25 35
23 38 22 38
32 2 32 3
28 12 27 12
11 38 12 38
0 41 1 41
40 5 40 4
26 29 25 29
29 2 29 3
30 22 29 22
1 33 0 33
10 12 9 12
28 38 29 38
19 24 18 24
16 16 16 15
29 9 30 9
32 31 31 31
5 32 6 32
15 31 14 31
32 3 32 4
30 23 31 23
18 13 17 13
15 11 15 10
35 38 35 39
3 38 3 39
16 5 15 5
18 31 18 32
11 16 11 17
39 18 38 18
22 40 22 41
25 20 25 21
31 9 32 9
21 34 21 33
9 27 9 26
34 22 33 22
23 23 23 22
3 35 3 36
30 37 30 36
15 38 14 38
38 7 38 6
16 2 15 2
21 33 21 32
2 34 2 35
39 14 39 13
39 11 40 11
1 17 2 17
0 38 0 39
12 19 13 19
23 22 23 21
16 18 15 18
38 36 37 36
9 34 8 34
14 31 13 31
16 23 16 24
12 10 12 11
40 11 40 10
38 5 37 5
2 35 3 35
16 24 16 25
27 5 28 5
19 40 20 40
24 13 25 13
4 23 4 24
41 40 40 40
5 27 5 26
42 6 42 7
24 32 25 32
36 31 37 31
33 23 33 24
11 17 12 17
15 0 15 1
32 28 32 27
41 42 42 42
21 36 20 36
5 21 4 21
14 23 15 23
20 34 19 34
20 8 20 7
4 6 4 7
34 20 34 21
5 18 5 19
15 26 14 26
0 27 0 26
27 33 26 33
16 26 16 27
25 37 25 38
11 13 10 13
34 18 34 17
4 3 4 4
6 0 6 1
5 39 5 38
13 23 13 24
28 21 28 20
30 36 31 36
32 26 32 25
40 4 39 4
17 13 17 14
14 3 15 3
30 13 30 12
27 19 28 19
33 12 34 12
13 40 13 39
16 27 17 27
34 9 34 10
2 12 3 12
9 28 8 28
25 13 25 12
32 20 32 19
30 19 30 20
40 12 40 13
25 29 25 28
42 1 41 1
37 9 37 8
30 29 30 30
28 33 29 33
40 18 40 17
20 24 21 24
5 8 4 8
0 33 0 34
38 40 37 40
16 30 17 30
4 7 5 7
29 12 28 12
36 25 37 25
190
8 34 14 34
5 38 7 38
34 34 41 34
25 12 25 15
32 18 32 19
31 36 33 36
2 17 10 17
7 27 7 34
18 23 18 24
12 37 12 38
1 15 1 26
30 33 30 34
22 25 22 27
20 41 22 41
39 24 41 24
9 10 15 10
37 8 40 8
23 20 23 21
9 31 13 31
25 21 29 21
20 11 25 11
32 21 34 21
9 26 12 26
15 16 21 16
27 29 29 29
40 1 40 8
41 38 41 41
33 13 33 14
3 36 4 36
16 3 16 6
21 16 21 21
1 41 5 41
40 8 40 10
39 41 41 41
41 24 41 29
30 9 32 9
12 26 13 26
15 16 15 18
38 1 40 1
17 17 17 20
22 37 22 38
9 14 9 16
2 13 2 17
12 17 12 26
25 12 27 12
5 26 6 26
9 12 12 12
13 18 13 19
23 21 25 21
13 19 13 24
18 38 22 38
8 30 10 30
10 17 10 24
1 32 6 32
5 7 5 12
24 33 24 36
25 15 33 15
7 26 7 27
2 2 2 7
41 34 41 38
41 17 41 24
23 20 27 20
21 32 25 32
8 30 8 34
28 36 31 36
25 21 25 28
2 7 5 7
39 24 39 26
2 7 2 13
6 26 7 26
23 15 25 15
7 34 7 38
41 10 41 14
5 40 10 40
31 31 37 31
41 41 42 41
3 26 5 26
5 0 9 0
16 15 23 15
31 3 31 5
18 32 18 38
34 21 34 29
13 26 13 31
1 32 1 39
29 21 29 22
3 26 3 28
27 29 27 31
8 35 8 39
16 3 22 3
15 18 15 23
7 26 9 26
31 3 34 3
32 4 32 9
41 16 41 17
1 13 2 13
16 10 16 15
16 0 16 3
21 21 23 21
19 23 19 31
22 36 24 36
27 12 27 13
13 18 15 18
29 3 31 3
22 41 39 41
10 28 10 30
8 28 8 30
29 21 32 21
32 4 37 4
16 0 20 0
5 38 5 40
17 17 19 17
6 27 6 32
30 4 30 9
23 21 23 25
22 36 22 37
30 34 34 34
28 22 29 22
19 31 27 31
9 32 18 32
15 3 16 3
25 34 30 34
18 5 18 14
28 9 30 9
25 32 25 34
39 13 39 24
20 36 22 36
22 3 29 3
29 38 32 38
9 0 16 0
30 33 33 33
28 36 28 40
31 23 31 31
13 31 16 31
14 41 20 41
41 29 41 34
7 10 9 10
28 5 28 9
7 41 14 41
30 12 34 12
24 36 28 36
34 13 39 13
5 0 5 7
1 26 1 32
32 38 36 38
14 38 14 41
9 12 9 14
29 1 29 3
18 5 26 5
8 34 8 35
34 29 41 29
41 4 41 10
15 10 15 16
12 38 14 38
35 8 37 8
16 6 17 6
35 36 37 36
33 36 35 36
27 31 31 31
1 39 1 41
19 17 19 23
36 38 41 38
14 34 14 38
3 36 3 39
10 13 10 17
10 17 12 17
19 23 22 23
34 12 34 13
37 4 39 4
9 22 9 26
40 10 41 10
32 19 32 21
33 15 33 20
22 23 22 25
33 13 34 13
16 31 19 31
29 1 38 1
9 31 9 32
19 32 21 32
16 6 16 10
25 11 25 12
9 10 9 12
30 9 30 12
26 5 28 5
28 40 35 40
5 41 7 41
10 38 10 40
1 39 3 39
13 24 18 24
38 10 40 10
20 7 20 11
