315
13 11 12 11
21 10 22 10
31 28 31 29
10 5 9 5
5 21 6 21
7 16 7 15
2 5 1 5
11 2 12 2
6 19 7 19
31 27 31 28
30 28 30 29
10 8 10 7
13 6 13 5
4 1 4 0
20 0 20 1
20 27 21 27
3 17 4 17
22 19 22 20
29 28 29 27
13 1 13 2
16 18 17 18
13 9 13 10
15 15 15 16
14 10 14 11
27 24 27 23
16 13 17 13
10 2 11 2
27 13 27 14
27 10 27 9
13 3 14 3
14 9 13 9
9 1 9 0
9 30 9 31
11 26 11 25
19 11 19 12
5 3 5 4
21 17 21 16
18 11 18 12
16 20 17 20
9 17 8 17
19 30 19 31
27 17 27 18
0 5 0 6
13 10 13 11
16 6 15 6
24 17 23 17
12 11 11 11
12 6 13 6
16 31 16 30
14 11 15 11
20 28 19 28
27 5 27 4
1 8 0 8
22 13 22 12
30 29 29 29
1 15 2 15
19 4 19 5
15 11 16 11
21 15 20 15
21 12 20 12
18 10 18 11
1 5 0 5
30 16 30 17
13 6 13 7
15 21 15 20
19 29 19 30
14 8 14 9
28 16 29 16
8 6 7 6
21 6 21 7
8 17 8 16
30 15 29 15
31 22 31 23
16 12 15 12
18 4 18 5
30 31 30 30
30 4 29 4
9 8 9 7
8 11 7 11
21 28 20 28
6 21 7 21
26 16 26 15
29 11 29 10
14 7 14 8
1 19 2 19
7 5 7 4
10 26 11 26
0 15 1 15
26 11 25 11
24 28 24 29
7 21 7 20
15 7 14 7
4 29 4 28
17 30 17 31
29 31 29 30
29 29 28 29
2 4 2 5
6 4 6 3
1 10 1 9
1 9 2 9
27 14 26 14
10 27 10 26
26 12 26 13
16 15 15 15
31 16 30 16
21 29 20 29
16 21 15 21
2 12 2 13
1 30 1 31
27 16 27 17
9 7 9 6
31 28 30 28
23 13 22 13
27 22 28 22
30 11 29 11
31 10 31 11
9 13 10 13
20 17 20 18
26 3 25 3
1 26 0 26
18 30 18 31
20 28 20 27
14 7 14 6
29 10 28 10
19 3 19 4
2 26 1 26
11 19 10 19
24 21 25 21
19 1 19 2
23 11 24 11
11 22 12 22
1 4 1 5
22 10 23 10
31 23 30 23
29 14 28 14
9 11 8 11
28 19 27 19
13 9 13 10
30 28 29 28
29 12 28 12
23 30 23 29
21 27 21 28
30 17 31 17
27 15 27 16
9 9 9 8
3 18 3 17
25 0 26 0
8 18 8 17
2 27 2 26
2 21 3 21
24 20 24 21
24 5 25 5
24 6 23 6
13 25 14 25
8 9 9 9
25 21 25 22
28 14 27 14
10 19 10 20
26 13 25 13
12 25 13 25
18 8 18 7
22 20 23 20
28 5 29 5
10 22 11 22
27 27 26 27
31 29 30 29
19 2 20 2
28 15 28 14
1 1 0 1
27 16 28 16
6 8 6 9
21 31 22 31
10 26 10 25
13 23 12 23
6 11 6 10
25 16 24 16
30 13 31 13
8 24 7 24
22 28 22 27
1 11 1 10
24 19 24 20
21 16 21 15
22 6 21 6
20 16 21 16
17 13 17 14
11 11 11 10
17 25 18 25
22 14 22 15
27 26 28 26
2 26 3 26
20 1 21 1
24 0 25 0
6 30 6 29
19 18 18 18
29 9 29 10
24 30 24 31
16 26 16 27
24 4 24 5
25 11 25 10
15 30 15 29
24 21 25 21
24 23 24 24
31 9 31 10
26 24 27 24
30 21 29 21
13 15 12 15
21 8 20 8
14 28 14 27
22 7 22 8
23 19 24 19
17 16 17 17
8 20 8 21
9 29 9 30
1 28 1 29
16 23 17 23
30 20 30 21
23 22 23 21
27 24 28 24
25 22 26 22
9 22 10 22
25 18 25 19
11 4 11 5
9 8 9 7
28 9 29 9
17 3 16 3
22 21 22 20
11 26 12 26
1 22 1 21
2 15 2 16
8 4 8 3
4 8 3 8
19 22 18 22
5 31 5 30
4 17 4 16
27 23 27 24
31 0 30 0
13 14 12 14
27 11 27 12
8 21 7 21
0 26 0 25
28 10 28 9
0 1 0 2
23 20 23 19
20 27 19 27
24 22 25 22
30 16 30 15
7 0 6 0
5 11 6 11
23 4 23 5
12 8 12 9
4 22 4 23
21 7 21 8
6 31 7 31
29 10 28 10
31 8 31 9
9 28 9 29
18 9 18 8
15 17 15 18
27 12 26 12
19 19 19 18
19 16 19 15
19 17 20 17
19 21 19 20
19 7 20 7
13 18 13 17
1 23 0 23
5 18 6 18
2 20 1 20
19 15 18 15
2 19 2 18
0 0 0 1
5 30 5 31
31 31 30 31
9 12 9 13
7 1 6 1
24 18 24 17
27 0 27 1
0 10 0 11
16 27 15 27
26 26 26 25
15 29 15 28
16 22 16 23
28 11 27 11
4 0 5 0
6 9 7 9
26 20 27 20
6 25 5 25
0 25 0 26
22 8 22 7
25 3 25 2
26 31 27 31
6 12 7 12
13 13 14 13
24 8 24 7
4 16 5 16
12 7 12 6
23 3 23 2
28 3 28 4
1 15 2 15
26 23 26 24
12 23 13 23
27 6 28 6
0 14 0 13
21 18 22 18
17 23 17 24
31 30 31 31
1 0 1 1
9 21 9 22
9 29 9 28
18 17 18 16
27 1 27 0
1 25 1 24
14 31 15 31
18 23 18 24
20 17 21 17
184
13 8 14 8
0 5 1 5
24 17 24 19
10 11 13 11
1 20 1 21
14 17 14 18
11 22 12 22
21 21 21 28
21 15 22 15
29 6 30 6
1 26 3 26
19 9 19 10
25 13 29 13
16 11 18 11
25 5 29 5
1 21 1 24
29 5 29 6
10 12 10 13
14 1 21 1
25 10 25 13
3 0 5 0
3 26 9 26
25 8 25 10
15 4 19 4
22 9 23 9
9 9 11 9
15 4 15 5
10 22 10 25
16 25 16 30
19 28 21 28
26 29 28 29
16 23 16 25
0 4 0 5
8 25 10 25
10 13 14 13
11 5 11 6
16 5 16 7
24 16 28 16
7 19 7 20
12 24 12 26
29 13 29 15
27 28 29 28
16 14 16 23
13 7 16 7
10 25 11 25
3 28 4 28
21 1 21 6
9 26 12 26
26 22 28 22
10 13 10 17
29 28 29 30
13 10 16 10
24 29 25 29
27 25 27 28
16 11 16 14
7 8 7 9
1 24 1 26
3 26 3 28
1 13 2 13
25 28 27 28
22 0 25 0
1 10 6 10
11 8 11 9
28 22 28 24
18 18 18 22
18 7 20 7
26 15 29 15
18 22 18 24
26 29 26 30
6 16 8 16
13 8 13 10
7 20 10 20
28 22 29 22
19 28 19 30
10 17 10 20
9 9 9 13
12 30 16 30
14 18 14 24
0 30 7 30
10 1 14 1
25 2 25 5
18 6 18 7
3 15 5 15
1 13 1 14
21 17 23 17
16 30 19 30
6 1 10 1
30 10 30 12
31 26 31 31
26 9 26 10
30 21 30 22
23 10 23 14
18 11 20 11
1 21 3 21
2 1 2 2
29 15 29 16
12 24 14 24
11 8 13 8
21 28 21 30
3 15 3 17
21 21 23 21
23 14 23 16
7 9 7 10
25 29 25 30
24 16 24 17
13 5 15 5
30 21 31 21
7 17 7 19
25 26 25 28
2 13 6 13
26 10 28 10
13 11 13 12
1 17 1 20
22 30 22 31
28 10 30 10
3 14 3 15
23 10 25 10
19 6 21 6
8 16 8 17
7 30 9 30
22 30 25 30
6 13 6 15
31 21 31 26
3 17 7 17
23 16 23 17
7 4 7 6
28 16 28 22
29 22 30 22
9 7 10 7
18 6 19 6
0 2 0 4
5 4 7 4
6 10 7 10
12 5 13 5
25 29 26 29
25 0 25 2
30 10 31 10
21 17 21 21
21 28 25 28
4 7 9 7
16 10 19 10
1 5 1 10
12 22 13 22
25 19 25 21
12 26 12 30
29 30 30 30
3 21 4 21
2 1 6 1
9 30 12 30
14 1 14 3
4 19 4 21
13 2 13 5
23 6 23 9
2 13 2 15
23 19 23 21
6 22 6 24
21 9 21 15
4 28 5 28
25 8 28 8
7 9 9 9
11 6 11 8
19 9 20 9
11 5 12 5
23 21 25 21
1 29 2 29
23 9 23 10
10 20 10 22
10 1 10 7
16 7 18 7
13 11 16 11
21 6 23 6
9 13 10 13
20 9 21 9
30 15 30 21
1 14 1 17
29 11 29 13
6 15 6 16
11 24 12 24
30 12 30 15
0 4 5 4
22 13 22 15
3 21 3 22
3 22 6 22
12 22 12 24
