308
31 12 30 12
43 10 43 9
25 17 24 17
8 1 9 1
11 3 11 4
38 9 39 9
22 19 22 20
46 33 45 33
25 3 24 3
20 2 19 2
44 8 45 8
46 42 45 42
44 7 45 7
45 42 44 42
18 5 19 5
24 36 24 35
44 16 43 16
34 0 34 1
10 5 10 4
30 14 31 14
44 11 43 11
28 36 28 35
0 13 1 13
42 3 42 4
20 17 20 18
24 25 24 26
1 30 2 30
42 37 41 37
25 27 24 27
37 5 38 5
4 15 4 16
20 36 19 36
43 2 43 1
19 7 19 8
38 10 38 9
9 5 9 6
18 17 19 17
46 18 45 18
43 6 42 6
42 6 42 7
42 4 43 4
45 9 45 10
19 6 19 7
43 5 43 6
36 38 36 39
12 10 12 9
14 38 14 37
34 4 34 5
31 24 31 25
10 43 10 42
43 30 44 30
43 22 44 22
16 28 15 28
17 8 17 7
24 3 24 2
14 23 13 23
44 20 43 20
20 32 21 32
7 13 6 13
1 25 0 25
21 35 21 34
10 35 10 36
13 6 12 6
1 35 0 35
19 9 20 9
2 41 1 41
5 16 6 16
35 16 35 15
12 6 12 5
33 26 33 27
22 36 22 37
22 6 22 7
11 41 10 41
19 36 19 35
20 9 20 10
13 24 12 24
27 36 27 37
36 10 36 11
39 7 38 7
35 25 35 26
27 1 27 2
16 3 16 2
45 33 44 33
45 8 45 9
28 29 29 29
41 11 41 10
21 1 20 1
15 43 15 42
32 6 33 6
44 42 44 43
15 19 14 19
41 37 41 36
38 7 38 6
44 43 44 44
16 6 16 5
28 28 29 28
12 9 12 8
7 41 8 41
35 22 35 23
43 1 43 0
11 13 10 13
46 8 45 8
14 37 14 36
12 2 12 3
4 44 4 43
39 6 39 7
32 26 32 27
45 23 46 23
7 44 8 44
39 20 38 20
24 42 24 43
27 6 28 6
21 0 21 1
1 27 0 27
8 19 8 20
27 45 27 46
27 39 26 39
14 19 13 19
10 41 10 40
19 15 18 15
46 22 45 22
6 0 6 1
35 14 36 14
6 13 6 12
0 8 1 8
36 24 37 24
19 37 19 36
9 37 8 37
35 26 36 26
16 37 16 38
34 11 35 11
15 31 16 31
26 25 27 25
4 2 4 1
10 19 10 20
24 26 25 26
14 31 13 31
40 39 40 38
17 41 17 42
7 25 6 25
44 30 44 31
8 44 8 43
1 6 0 6
45 16 44 16
12 11 11 11
14 36 13 36
35 42 35 41
17 9 17 8
46 38 45 38
1 12 0 12
32 44 33 44
15 21 14 21
45 22 45 23
18 0 19 0
37 9 37 10
3 20 2 20
45 10 45 11
7 2 7 1
11 20 11 21
10 24 11 24
19 19 18 19
29 22 28 22
24 1 24 0
15 30 15 29
15 42 14 42
23 40 24 40
4 23 4 24
26 39 26 40
10 44 9 44
41 41 41 42
16 2 15 2
31 30 31 29
36 26 37 26
27 25 27 24
20 16 20 15
13 40 12 40
34 43 33 43
6 28 5 28
4 29 4 28
32 20 33 20
33 25 34 25
45 15 45 14
4 30 5 30
40 40 40 39
1 5 2 5
16 7 16 6
21 32 21 31
11 42 12 42
3 19 3 18
46 35 46 36
19 2 19 3
22 5 22 6
33 15 32 15
5 34 6 34
2 5 2 4
17 42 16 42
37 19 36 19
33 11 33 10
36 7 35 7
33 20 33 19
24 35 25 35
14 24 14 23
13 0 13 1
41 9 42 9
12 39 12 38
24 43 23 43
30 29 30 30
12 46 13 46
18 33 19 33
22 26 22 27
8 2 7 2
4 43 3 43
3 5 2 5
8 30 9 30
10 6 10 7
7 27 8 27
8 32 8 33
35 1 35 2
19 35 19 34
11 44 11 45
21 34 21 33
22 7 23 7
20 18 21 18
17 7 16 7
27 4 27 5
34 7 34 8
37 24 37 23
38 17 39 17
35 24 34 24
2 5 1 5
15 5 14 5
25 5 25 4
31 11 31 10
10 13 10 12
34 17 33 17
15 40 16 40
20 19 21 19
35 21 36 21
13 9 14 9
3 9 2 9
43 16 42 16
18 19 17 19
12 0 11 0
34 24 33 24
26 23 26 22
10 9 10 8
7 9 8 9
14 13 13 13
46 23 46 22
25 24 26 24
2 4 1 4
3 29 3 28
34 46 35 46
13 46 12 46
22 45 23 45
32 23 32 22
21 18 20 18
32 4 33 4
25 26 26 26
33 19 33 18
32 27 31 27
22 39 23 39
45 38 45 37
13 44 13 45
40 45 41 45
15 11 15 12
10 28 9 28
34 1 35 1
6 8 7 8
6 32 5 32
12 16 13 16
14 14 15 14
3 34 2 34
33 0 34 0
30 5 30 6
24 41 24 42
39 14 40 14
25 9 24 9
42 38 43 38
41 45 41 46
35 27 34 27
18 15 18 16
2 13 2 14
29 1 29 2
17 13 16 13
15 25 15 24
45 18 45 19
26 8 25 8
9 44 8 44
17 10 17 11
5 29 4 29
17 32 18 32
24 32 24 31
41 18 41 17
38 2 37 2
11 45 12 45
0 35 0 36
40 41 40 42
13 1 13 0
41 42 41 41
40 19 40 18
26 24 26 25
23 25 23 24
25 35 25 34
7 39 7 40
25 19 25 18
31 14 31 13
39 23 39 22
190
26 44 33 44
37 29 38 29
31 10 33 10
44 6 44 16
36 40 41 40
44 37 44 39
8 18 19 18
44 39 44 44
38 14 38 20
5 2 7 2
10 36 13 36
33 10 37 10
24 24 27 24
31 0 31 9
31 36 39 36
8 37 8 41
21 11 21 12
39 32 39 36
6 34 6 35
0 41 1 41
16 38 20 38
24 27 24 31
9 1 9 3
21 33 26 33
4 28 4 29
44 16 44 22
12 40 12 41
33 44 44 44
28 10 30 10
20 38 21 38
43 20 43 26
13 19 13 23
42 9 43 9
24 27 28 27
6 12 7 12
37 10 40 10
17 8 19 8
21 12 21 17
6 12 6 16
37 26 37 29
12 8 17 8
32 38 40 38
24 17 24 24
5 28 5 30
16 31 21 31
39 36 41 36
12 3 12 5
4 16 6 16
31 29 37 29
46 21 46 22
18 6 22 6
20 38 20 41
38 20 43 20
27 24 33 24
12 41 14 41
16 36 19 36
38 5 38 6
0 2 0 6
4 24 5 24
37 23 40 23
43 9 43 11
30 15 32 15
6 35 6 37
7 7 10 7
32 19 32 22
13 23 13 31
6 16 6 19
42 46 43 46
16 6 18 6
32 15 35 15
31 9 31 10
22 1 22 6
23 43 33 43
44 31 44 33
28 4 28 6
9 3 12 3
44 33 44 37
43 0 43 4
4 34 6 34
37 22 39 22
11 24 11 35
38 5 46 5
7 8 7 12
5 27 5 28
13 35 13 36
26 40 36 40
1 5 12 5
16 21 16 31
37 23 37 26
24 12 24 17
1 13 1 41
33 6 33 10
24 2 27 2
1 5 1 8
28 22 32 22
22 27 24 27
44 22 44 31
21 27 21 31
27 12 27 24
5 24 5 27
33 43 33 44
8 35 8 37
10 8 12 8
12 3 19 3
19 17 19 18
8 33 8 35
31 29 31 36
19 0 24 0
6 19 6 20
5 27 8 27
24 0 31 0
19 3 19 5
21 38 32 38
8 35 11 35
1 8 1 13
21 17 24 17
9 24 11 24
13 31 13 35
36 40 36 41
19 17 21 17
21 31 21 33
40 23 42 23
13 31 16 31
12 8 12 14
11 40 12 40
19 36 31 36
15 20 22 20
40 4 43 4
28 6 28 10
8 41 12 41
43 6 43 9
20 10 28 10
37 26 43 26
22 20 22 27
10 8 10 12
22 6 28 6
6 19 13 19
40 38 40 39
3 30 5 30
3 35 6 35
5 33 8 33
34 0 43 0
8 27 8 33
30 12 30 15
20 10 20 15
30 10 30 12
8 41 8 43
15 20 15 24
21 38 21 39
10 36 10 40
14 41 20 41
6 20 6 25
37 31 44 31
1 41 8 41
13 36 16 36
30 6 30 10
20 8 25 8
24 0 24 2
0 2 5 2
7 7 7 8
28 27 28 34
3 35 3 38
19 33 21 33
12 5 12 8
18 27 21 27
19 0 19 3
34 5 36 5
36 11 43 11
24 24 24 27
19 8 20 8
38 6 43 6
35 11 35 15
31 0 34 0
41 36 41 40
41 40 41 41
36 5 38 5
35 11 36 11
8 43 23 43
12 14 13 14
19 8 19 17
26 26 28 26
4 22 4 24
37 22 37 23
32 22 37 22
40 10 41 10
28 26 37 26
28 27 31 27
32 15 32 19
46 5 46 21
31 10 31 13
