34
20 10 20 11
7 19 8 19
4 8 4 9
2 12 3 12
21 1 21 0
22 6 21 6
4 11 4 12
11 3 11 4
9 14 9 13
0 14 1 14
5 7 5 6
14 5 14 4
0 22 0 23
16 22 16 21
16 13 16 12
18 15 17 15
14 4 15 4
18 0 17 0
17 10 16 10
6 22 6 23
18 17 19 17
13 9 13 8
3 6 3 7
19 16 19 15
12 16 12 17
17 15 16 15
6 10 7 10
21 4 21 3
3 18 3 19
19 21 20 21
19 9 18 9
6 7 7 7
20 9 19 9
12 22 12 23
166
3 16 4 16
20 17 20 19
17 0 21 0
10 19 10 20
2 14 3 14
4 12 4 14
0 6 0 7
0 7 0 16
5 3 5 4
23 3 23 9
3 12 3 13
23 9 23 11
21 3 23 3
11 14 15 14
7 7 7 10
15 8 16 8
13 8 15 8
3 14 3 16
12 1 15 1
0 17 7 17
1 8 3 8
12 17 14 17
0 19 0 20
19 12 19 13
12 5 18 5
6 20 6 23
5 6 6 6
2 19 3 19
18 5 21 5
3 7 3 8
5 3 6 3
6 23 8 23
3 3 3 5
5 5 12 5
9 10 9 12
15 12 16 12
9 18 10 18
8 19 8 21
1 16 3 16
14 17 15 17
16 21 20 21
3 12 4 12
10 16 10 18
15 1 17 1
8 2 10 2
12 12 13 12
0 2 4 2
5 2 5 3
21 5 22 5
21 9 23 9
1 3 3 3
14 19 14 20
10 18 10 19
21 6 21 9
18 2 18 5
9 18 9 21
4 16 5 16
20 11 20 14
16 10 19 10
20 7 20 8
9 10 11 10
11 7 12 7
14 19 16 19
11 4 15 4
19 9 19 10
19 14 19 15
8 21 8 23
19 2 19 3
11 14 11 16
10 20 10 22
13 8 13 12
20 19 20 21
9 12 12 12
20 11 23 11
0 16 0 17
22 5 22 7
0 1 2 1
17 7 20 7
3 3 5 3
10 20 11 20
12 6 21 6
22 17 22 19
9 12 9 13
4 2 5 2
17 0 17 1
20 14 20 17
19 8 20 8
6 13 9 13
16 8 16 10
6 9 6 13
22 7 22 8
1 18 1 22
5 16 6 16
15 11 19 11
10 19 14 19
7 10 7 12
5 9 6 9
16 19 16 21
5 9 5 12
0 6 5 6
0 5 0 6
11 13 11 14
19 11 20 11
20 8 20 11
9 13 9 17
16 12 16 15
8 21 9 21
3 7 7 7
16 15 19 15
13 12 15 12
2 7 3 7
11 16 17 16
19 2 20 2
10 13 10 14
4 9 5 9
1 18 6 18
21 0 21 3
6 6 10 6
0 18 1 18
15 17 19 17
6 13 6 16
1 8 1 14
0 21 0 23
1 5 2 5
6 8 6 9
10 4 11 4
10 14 11 14
12 6 12 7
3 19 3 20
19 15 19 17
0 17 0 18
0 16 1 16
0 18 0 19
4 14 5 14
10 14 10 16
18 9 19 9
7 7 11 7
19 1 19 2
22 19 22 23
19 11 19 12
3 8 5 8
5 5 5 6
6 18 6 19
16 7 16 8
12 7 12 9
8 17 8 19
17 16 18 16
15 10 15 11
8 15 8 17
2 19 2 22
22 23 23 23
0 23 6 23
4 9 4 10
0 1 0 2
2 14 2 15
10 2 10 4
10 18 13 18
7 17 7 20
18 12 19 12
3 8 3 12
0 5 1 5
20 19 22 19
3 20 6 20
5 2 8 2
18 2 19 2
15 1 15 4
