109
28 24 27 24
35 11 34 11
10 34 10 33
13 30 13 31
9 8 8 8
10 29 10 28
34 35 33 35
1 35 0 35
33 15 34 15
4 28 4 29
5 27 6 27
1 33 2 33
15 1 15 0
12 34 12 35
1 34 1 33
28 16 27 16
29 1 29 2
34 5 34 6
35 4 34 4
3 8 3 7
4 12 3 12
30 12 30 11
34 7 35 7
9 35 9 34
33 35 33 34
16 8 17 8
23 10 23 9
34 14 35 14
0 0 1 0
35 5 34 5
2 29 2 28
27 13 27 14
17 8 17 7
1 4 1 3
19 0 20 0
20 7 20 6
11 31 12 31
0 35 0 34
18 19 18 18
25 23 25 24
12 21 11 21
34 26 34 27
4 8 3 8
7 25 7 26
32 2 32 3
2 28 3 28
2 3 2 4
9 28 9 29
22 23 23 23
27 3 26 3
30 10 30 9
23 16 23 17
25 14 25 15
10 27 10 26
3 4 3 3
35 3 35 2
28 5 28 4
24 34 24 33
26 7 27 7
22 7 22 6
9 19 10 19
2 23 3 23
9 34 9 33
10 18 9 18
18 17 18 16
26 17 25 17
0 13 1 13
9 4 8 4
17 4 16 4
12 17 13 17
34 15 34 14
8 14 8 15
7 22 8 22
10 16 11 16
14 8 13 8
6 13 7 13
1 13 1 12
17 14 17 13
25 35 25 34
7 14 8 14
30 22 30 21
3 17 2 17
12 11 13 11
17 26 17 27
0 27 1 27
17 9 17 10
8 14 9 14
18 1 17 1
27 16 27 15
28 26 28 27
20 25 21 25
27 29 27 28
23 28 23 29
22 4 22 5
29 20 29 19
20 0 20 1
21 29 20 29
10 23 11 23
35 32 35 31
34 5 33 5
26 22 26 21
20 9 20 10
32 27 31 27
4 31 4 32
31 5 31 4
16 26 17 26
18 5 18 6
5 10 5 11
19 21 19 20
191
7 26 10 26
3 8 3 12
3 13 3 21
15 11 15 13
27 14 27 15
17 1 17 5
0 28 3 28
20 2 20 4
25 19 27 19
9 29 11 29
35 2 35 7
7 16 7 24
9 7 10 7
27 19 29 19
35 15 35 24
23 25 23 29
8 4 8 7
27 5 27 7
27 28 32 28
23 17 23 21
20 1 20 2
10 7 10 19
32 15 35 15
17 7 21 7
34 2 35 2
19 34 25 34
25 15 25 17
32 28 32 29
24 15 25 15
11 29 20 29
32 16 32 18
23 17 25 17
32 5 32 6
26 20 26 21
3 3 5 3
0 34 4 34
4 16 7 16
30 19 30 21
4 4 4 5
28 21 28 27
20 29 23 29
3 21 3 23
26 3 32 3
17 13 20 13
7 3 7 6
19 22 19 23
26 28 27 28
23 23 26 23
22 10 22 11
17 5 17 7
23 23 23 25
25 34 33 34
22 11 30 11
8 7 8 8
11 25 11 26
4 5 4 6
9 7 9 14
32 3 32 5
7 13 7 16
3 33 4 33
4 29 4 32
10 19 10 26
15 27 15 28
10 19 13 19
1 3 1 12
8 4 14 4
9 33 10 33
9 29 9 33
16 22 19 22
13 19 13 20
5 24 7 24
34 11 34 14
28 27 31 27
15 13 15 16
13 17 13 19
1 29 1 33
21 17 21 19
31 2 34 2
11 16 15 16
26 21 27 21
17 1 20 1
3 28 5 28
25 17 25 19
24 6 26 6
2 33 3 33
3 28 3 29
1 12 3 12
16 13 17 13
27 24 27 28
4 16 4 17
27 9 30 9
32 15 32 16
1 0 1 3
18 34 19 34
11 21 11 23
5 24 5 28
14 1 17 1
25 7 27 7
17 10 20 10
20 13 20 15
1 33 2 33
10 28 15 28
34 27 34 32
4 6 4 7
4 7 8 7
20 15 23 15
18 16 18 18
31 27 34 27
26 3 26 6
22 5 22 6
27 1 30 1
15 27 17 27
10 30 10 33
27 5 29 5
16 19 16 22
35 24 35 27
4 33 9 33
18 30 18 34
11 11 11 14
34 4 34 6
34 6 34 11
16 19 20 19
27 21 27 24
22 6 24 6
20 10 22 10
7 1 7 3
11 11 13 11
5 3 7 3
12 30 12 31
11 17 13 17
1 3 3 3
11 23 11 25
13 10 13 11
1 12 1 19
7 1 11 1
27 7 27 9
12 30 18 30
5 28 10 28
29 19 30 19
25 31 29 31
15 16 15 22
27 15 27 17
28 21 30 21
4 7 4 16
24 14 27 14
32 6 34 6
29 2 31 2
13 8 13 10
19 25 21 25
23 21 23 23
6 34 18 34
13 25 19 25
35 14 35 15
30 11 34 11
20 23 23 23
11 1 14 1
27 14 34 14
33 28 33 34
21 7 25 7
32 18 32 23
32 28 33 28
21 19 21 20
20 2 29 2
15 28 21 28
23 25 25 25
4 32 4 33
13 10 17 10
13 8 15 8
35 7 35 14
25 25 25 28
13 7 17 7
27 15 31 15
19 23 19 25
23 9 27 9
10 7 13 7
15 16 18 16
32 6 32 7
25 28 25 31
20 19 21 19
21 25 21 28
17 10 17 13
2 4 4 4
3 12 3 13
3 7 4 7
0 28 0 34
34 27 35 27
11 16 11 17
11 23 19 23
0 26 0 28
4 34 6 34
20 15 20 19
