27
8 10 7 10
9 13 9 14
13 1 13 2
1 2 1 3
3 11 2 11
8 11 8 10
10 11 10 12
9 4 9 3
10 13 9 13
11 11 10 11
11 12 11 11
3 0 2 0
3 1 3 0
10 12 11 12
8 4 9 4
0 11 1 11
0 10 0 11
1 10 0 10
6 9 7 9
3 2 3 1
2 6 1 6
4 10 3 10
14 1 13 1
12 2 12 3
2 12 3 12
2 7 2 6
8 3 8 4
173
9 9 9 10
5 7 5 8
0 7 0 8
1 0 1 1
5 10 5 11
11 7 11 8
5 13 5 14
8 8 9 8
3 7 5 7
10 3 10 4
7 7 8 7
5 11 6 11
6 8 7 8
0 11 0 12
1 13 2 13
9 0 9 1
3 7 3 9
13 8 13 9
6 10 6 11
10 0 10 1
3 4 4 4
6 8 6 10
3 14 4 14
0 0 1 0
13 11 14 11
5 7 7 7
2 14 3 14
0 8 1 8
2 11 2 13
7 6 8 6
13 13 14 13
11 11 11 12
7 8 8 8
0 4 0 5
13 3 13 4
0 5 1 5
6 5 7 5
9 7 9 8
6 1 6 2
2 1 3 1
8 8 8 9
11 12 11 13
3 9 4 9
7 6 7 7
12 14 13 14
13 7 13 8
2 9 3 9
8 12 8 13
8 7 8 8
4 4 5 4
7 12 7 13
0 6 0 7
2 6 2 8
7 3 7 4
10 10 10 11
2 4 3 4
2 10 2 11
5 12 5 13
4 2 5 2
5 13 6 13
12 4 12 5
7 9 7 10
12 10 13 10
11 6 11 7
10 4 10 5
3 1 4 1
8 10 9 10
10 14 11 14
10 6 11 6
12 13 12 14
12 6 13 6
13 7 14 7
6 2 6 3
13 6 13 7
3 10 3 12
4 1 5 1
6 13 7 13
11 2 13 2
7 3 9 3
10 3 12 3
2 4 2 5
7 10 7 11
0 0 0 2
11 5 12 5
5 0 5 1
9 11 9 12
10 1 10 2
11 4 11 5
0 12 0 13
4 9 4 11
6 0 6 1
1 6 2 6
11 11 12 11
0 9 0 10
14 12 14 13
8 9 8 10
5 4 6 4
10 7 10 8
11 8 11 9
10 2 11 2
14 0 14 2
12 9 12 10
2 0 2 1
1 14 2 14
3 12 4 12
10 5 10 6
0 3 0 4
5 9 5 10
0 12 1 12
1 7 1 8
4 5 4 6
11 9 11 10
12 7 12 8
13 10 13 11
11 14 12 14
9 4 10 4
2 3 3 3
1 1 1 3
9 2 9 3
12 5 12 6
12 4 13 4
5 11 5 12
1 3 1 4
5 2 6 2
9 11 10 11
5 5 6 5
7 4 8 4
2 9 2 10
0 14 1 14
8 4 8 5
3 13 3 14
11 10 11 11
14 11 14 12
6 14 7 14
4 4 4 5
9 2 10 2
13 2 13 3
12 12 13 12
12 9 13 9
5 6 6 6
4 13 4 14
1 5 1 6
10 9 10 10
13 6 14 6
0 10 0 11
13 13 13 14
8 5 9 5
6 4 6 5
13 4 14 4
8 6 10 6
7 5 7 6
2 2 2 3
1 1 2 1
6 3 7 3
11 8 12 8
13 5 13 6
1 8 1 11
7 11 9 11
10 8 10 9
3 12 3 13
0 13 0 14
11 12 12 12
1 4 2 4
9 1 9 2
2 2 4 2
3 0 4 0
8 12 9 12
10 11 10 14
4 3 4 4
5 2 5 3
6 1 7 1
1 11 2 11
13 2 14 2
