336
8 5 9 5
21 13 22 13
2 15 2 16
21 14 21 13
23 1 22 1
4 9 4 10
1 18 0 18
21 15 21 14
13 16 12 16
18 0 19 0
6 0 5 0
17 2 17 3
23 18 23 19
6 11 5 11
1 17 1 18
23 0 23 1
9 1 9 0
13 17 14 17
14 2 14 3
0 16 0 15
19 16 19 17
7 2 7 1
5 4 6 4
3 21 4 21
2 9 1 9
23 17 23 18
6 10 6 9
15 9 15 10
19 19 18 19
0 17 1 17
19 12 19 11
6 1 6 0
17 1 17 2
17 19 16 19
13 8 13 9
19 13 19 12
19 22 19 23
14 16 13 16
22 7 22 8
11 10 11 11
22 17 23 17
18 13 19 13
8 4 8 5
16 10 16 11
19 15 19 16
18 1 17 1
14 14 15 14
18 19 17 19
10 13 9 13
22 15 21 15
8 1 9 1
8 8 8 9
3 16 4 16
8 7 8 8
21 17 22 17
13 14 14 14
18 15 19 15
12 10 11 10
6 9 6 8
22 6 22 7
8 2 8 1
19 21 19 22
11 15 11 16
3 15 3 16
22 0 23 0
15 2 15 3
18 20 18 19
14 17 14 16
1 16 0 16
22 1 22 0
7 10 6 10
1 15 1 16
20 21 19 21
11 13 10 13
16 17 16 18
22 5 22 6
18 21 18 20
5 21 6 21
11 20 11 19
6 10 6 9
13 18 13 17
7 4 8 4
22 18 22 19
19 1 18 1
17 15 18 15
21 1 22 1
3 9 4 9
9 2 8 2
22 14 22 15
2 2 3 2
20 22 20 21
5 13 5 12
13 13 13 14
2 8 2 9
16 22 16 23
0 4 1 4
21 5 22 5
3 8 3 9
3 14 3 15
10 2 9 2
15 17 16 17
3 15 2 15
15 16 15 17
7 5 7 4
4 21 5 21
20 9 19 9
11 12 11 13
15 10 16 10
22 13 22 14
5 14 5 13
3 7 3 8
16 21 16 22
11 22 11 23
22 10 21 10
10 1 10 2
4 22 4 21
23 18 22 18
2 3 2 2
12 8 13 8
8 6 8 7
8 2 7 2
9 2 8 2
23 17 23 18
9 3 9 2
17 21 16 21
4 14 3 14
19 21 18 21
23 10 22 10
23 13 22 13
18 21 17 21
4 4 5 4
3 22 4 22
8 18 7 18
9 1 10 1
2 15 1 15
7 11 6 11
12 12 11 12
9 0 9 1
9 21 10 21
5 15 5 14
12 7 12 8
21 16 21 17
0 18 0 17
20 21 19 21
21 6 21 5
23 12 23 13
14 16 15 16
14 15 14 16
21 9 20 9
2 22 3 22
15 15 14 15
9 6 8 6
3 8 2 8
22 6 21 6
3 9 3 8
12 20 11 20
3 10 3 9
13 10 12 10
7 17 8 17
20 1 21 1
3 11 3 10
16 12 16 13
13 20 12 20
22 5 22 6
13 23 14 23
15 12 16 12
16 1 16 0
2 4 3 4
23 9 23 10
2 23 2 22
1 18 0 18
12 23 13 23
2 11 3 11
4 5 4 4
4 13 4 14
15 13 15 12
16 2 16 1
17 14 17 15
5 21 5 22
2 14 2 15
7 16 7 17
8 3 9 3
13 19 13 20
11 21 11 22
11 1 11 0
1 4 2 4
2 10 2 11
3 14 2 14
21 5 22 5
20 5 21 5
10 21 11 21
2 15 3 15
14 19 13 19
12 3 12 2
6 11 6 10
11 2 11 1
22 9 23 9
5 20 5 21
14 20 14 19
20 0 20 1
15 5 14 5
7 15 7 16
16 13 15 13
5 19 5 20
6 2 6 1
14 18 13 18
22 10 22 9
6 12 6 11
8 5 7 5
22 9 21 9
20 6 20 5
8 17 8 18
7 17 8 17
12 6 12 7
11 14 11 15
2 21 3 21
15 17 14 17
1 17 1 18
19 0 19 1
18 12 18 13
19 6 20 6
9 20 9 21
19 7 19 6
12 22 12 23
9 19 9 20
13 2 14 2
13 6 12 6
8 0 9 0
5 13 4 13
8 1 8 0
8 19 9 19
4 14 3 14
19 8 19 7
2 22 2 21
23 9 22 9
11 13 11 14
12 13 11 13
14 19 14 18
1 16 1 17
10 20 10 21
12 6 12 5
15 3 16 3
6 8 7 8
10 2 11 2
9 20 10 20
11 6 12 6
17 12 18 12
12 11 12 12
5 8 5 9
12 21 12 22
7 1 8 1
6 1 7 1
6 17 7 17
0 16 1 16
13 1 13 2
17 13 17 12
5 17 6 17
17 2 16 2
15 19 14 19
16 5 15 5
0 15 0 16
11 7 10 7
2 16 2 15
11 5 11 6
11 11 12 11
14 10 15 10
8 20 9 20
10 18 10 17
1 10 1 11
6 22 7 22
22 12 23 12
19 21 18 21
12 6 13 6
11 6 12 6
5 14 4 14
1 16 2 16
0 5 0 4
0 14 0 15
1 15 1 16
19 9 19 8
8 9 7 9
14 9 14 10
16 14 17 14
3 23 2 23
3 5 4 5
5 2 6 2
17 9 17 10
19 22 20 22
8 15 7 15
3 22 2 22
21 0 20 0
0 15 1 15
4 17 5 17
4 2 5 2
3 17 4 17
1 14 0 14
2 17 3 17
18 9 19 9
14 2 15 2
8 16 8 15
1 3 1 4
22 0 21 0
19 18 19 19
0 14 1 14
22 17 23 17
1 14 0 14
21 10 22 10
14 3 15 3
2 22 3 22
12 5 11 5
22 13 22 12
21 0 22 0
22 12 22 13
2 21 2 22
0 16 0 15
22 10 21 10
12 7 11 7
7 9 8 9
3 3 2 3
5 2 4 2
2 22 2 21
4 8 5 8
10 11 11 11
5 22 6 22
23 12 22 12
2 3 1 3
1 5 0 5
5 3 5 2
11 3 12 3
9 7 9 6
2 23 2 22
19 19 19 18
0 20 0 19
22 12 23 12
0 10 1 10
6 18 6 19
163
9 3 10 3
13 7 13 8
21 7 21 8
21 18 21 19
8 17 9 17
9 14 9 16
6 2 7 2
17 4 18 4
12 16 12 17
21 6 21 7
1 22 1 23
8 2 8 4
1 21 2 21
8 7 10 7
4 19 6 19
12 11 13 11
11 7 13 7
3 21 4 21
19 7 20 7
10 1 11 1
4 7 5 7
0 22 1 22
6 4 6 5
18 20 19 20
16 21 17 21
3 8 3 9
17 21 18 21
13 20 15 20
11 1 12 1
13 9 16 9
16 20 16 21
5 10 5 11
7 7 7 8
13 3 13 5
15 16 15 18
7 16 9 16
20 19 21 19
5 12 7 12
2 14 3 14
7 16 7 17
2 13 2 14
15 14 15 16
19 16 20 16
15 18 15 20
5 12 5 16
0 3 1 3
1 17 1 18
11 11 12 11
18 15 18 16
7 17 7 18
1 2 1 3
15 20 16 20
21 18 22 18
13 5 13 6
16 4 16 6
20 16 22 16
8 17 8 18
0 18 0 19
14 0 15 0
15 16 16 16
1 19 2 19
2 16 2 18
8 6 8 7
8 21 9 21
6 16 7 16
8 1 9 1
1 10 3 10
4 20 4 21
6 0 6 2
18 23 19 23
7 18 7 19
16 3 17 3
21 8 21 9
10 8 10 9
5 11 6 11
15 13 18 13
20 6 21 6
22 13 22 14
20 9 21 9
18 16 19 16
7 13 8 13
13 3 15 3
1 16 1 17
10 1 10 3
3 9 3 10
17 0 20 0
11 21 13 21
22 16 22 18
3 6 3 8
2 4 3 4
5 17 5 18
11 13 14 13
16 16 17 16
1 1 1 2
9 1 10 1
7 7 8 7
11 16 12 16
11 11 11 12
16 9 19 9
15 3 16 3
5 0 6 0
3 8 5 8
10 3 10 4
2 21 3 21
19 20 19 23
3 2 3 4
7 2 8 2
19 9 20 9
13 21 13 22
1 4 1 6
14 0 14 1
17 0 17 1
1 8 1 9
13 8 13 9
1 19 1 20
1 3 1 4
19 23 20 23
10 6 10 7
18 18 18 19
15 0 16 0
11 12 11 13
4 0 5 0
2 15 2 16
22 15 22 16
16 1 17 1
12 3 13 3
10 7 11 7
22 14 22 15
10 4 10 5
16 10 17 10
12 0 12 1
5 16 6 16
4 19 4 20
2 14 2 15
13 6 13 7
0 21 1 21
6 19 7 19
20 0 22 0
0 19 0 21
2 18 2 19
12 1 14 1
13 22 13 23
18 19 20 19
13 20 13 21
8 18 8 21
16 4 17 4
14 1 15 1
17 1 17 3
22 9 22 11
18 19 18 20
0 18 1 18
8 4 8 6
10 5 11 5
7 8 7 12
22 11 22 13
5 8 7 8
4 10 5 10
15 13 15 14
14 13 15 13
3 4 3 6
13 9 13 11
17 15 18 15
1 15 2 15
