119
12 13 12 12
16 19 15 19
4 12 5 12
10 4 10 3
6 16 6 15
15 15 15 16
16 16 16 15
2 13 2 14
7 12 7 11
15 13 15 12
6 17 6 16
10 12 10 13
10 19 11 19
10 5 10 4
1 8 0 8
4 1 5 1
7 13 7 12
4 14 4 15
8 14 8 13
1 12 2 12
9 14 8 14
20 13 20 12
7 14 7 13
8 2 8 3
0 12 1 12
11 4 11 5
14 15 15 15
16 20 15 20
12 1 12 2
10 7 10 6
10 20 10 19
21 6 20 6
11 19 11 18
9 1 9 0
1 16 1 17
10 13 11 13
16 4 16 3
20 12 19 12
19 3 19 4
17 12 16 12
10 8 10 7
7 17 6 17
5 12 6 12
8 1 9 1
16 2 15 2
18 18 18 19
12 16 11 16
7 18 7 17
19 13 20 13
1 18 1 19
14 9 14 10
9 5 10 5
14 13 15 13
10 0 11 0
16 21 16 20
17 18 18 18
15 20 14 20
18 20 17 20
17 19 16 19
8 13 8 12
10 17 11 17
3 14 4 14
16 3 17 3
9 12 10 12
13 2 13 1
9 13 10 13
20 16 19 16
12 2 12 3
10 14 9 14
18 19 17 19
16 18 17 18
11 14 11 15
2 5 2 6
7 17 7 16
21 14 21 13
1 9 1 8
18 13 19 13
14 12 14 11
17 16 16 16
13 7 13 6
9 14 9 13
15 4 15 3
0 9 1 9
5 4 4 4
0 16 1 16
20 14 21 14
9 2 8 2
11 10 12 10
9 18 9 19
16 12 16 11
1 13 2 13
19 1 18 1
10 2 9 2
12 21 13 21
12 19 11 19
2 2 2 3
6 11 6 10
0 17 0 18
20 1 19 1
10 21 10 20
6 5 5 5
20 9 20 10
18 1 18 0
6 21 6 20
10 15 10 14
2 6 2 7
12 18 12 17
10 9 10 8
17 3 17 2
20 2 20 1
21 2 20 2
8 16 9 16
21 1 21 2
3 15 2 15
12 14 11 14
20 1 21 1
2 7 1 7
21 2 21 3
11 3 11 4
181
9 21 11 21
15 13 15 14
1 3 2 3
9 17 9 19
0 11 0 13
3 10 4 10
11 17 11 18
2 12 6 12
14 3 15 3
20 0 21 0
7 16 9 16
4 0 5 0
9 7 10 7
16 13 17 13
5 1 9 1
10 5 11 5
11 6 12 6
13 21 18 21
13 8 14 8
9 20 10 20
19 18 19 19
12 12 12 17
6 12 6 13
19 2 20 2
15 13 16 13
7 16 7 19
17 6 17 9
4 15 4 21
18 8 18 9
16 15 17 15
9 19 9 20
2 13 3 13
14 10 14 11
0 18 2 18
18 0 18 3
9 2 9 4
6 17 6 18
14 19 14 20
11 4 11 5
15 0 18 0
20 3 21 3
13 3 14 3
20 13 20 17
0 8 1 8
1 12 2 12
12 12 15 12
11 19 11 21
1 8 2 8
15 12 18 12
9 13 9 15
20 6 20 10
2 21 4 21
2 18 2 19
11 9 11 12
2 12 2 13
2 3 2 8
4 4 6 4
11 2 14 2
0 11 1 11
17 11 18 11
17 17 17 18
15 15 16 15
15 2 17 2
10 11 10 12
8 19 8 21
17 18 18 18
4 11 5 11
6 19 6 20
18 12 18 14
15 9 15 12
10 13 10 14
14 17 15 17
20 10 20 11
20 3 20 4
6 15 6 16
8 11 8 12
18 18 18 21
4 14 4 15
13 14 14 14
0 6 0 8
16 10 17 10
18 14 18 15
10 5 10 6
3 13 3 17
9 15 11 15
5 20 6 20
11 16 11 17
18 18 19 18
15 14 15 15
4 15 6 15
18 11 18 12
17 10 18 10
10 12 10 13
16 20 17 20
11 0 11 1
6 4 6 7
8 4 9 4
20 11 20 13
7 12 8 12
15 5 15 7
12 3 13 3
18 9 18 10
15 17 16 17
21 3 21 5
11 21 13 21
12 17 12 20
5 1 5 3
18 17 20 17
17 15 17 17
1 2 4 2
7 11 7 12
9 1 9 2
20 13 21 13
9 4 9 6
6 13 7 13
0 8 0 10
16 5 16 8
6 16 6 17
17 2 17 6
17 17 18 17
8 9 9 9
7 13 9 13
20 10 21 10
6 19 7 19
12 10 14 10
11 1 11 2
18 3 20 3
19 19 20 19
3 11 4 11
14 14 14 17
14 8 16 8
10 12 11 12
20 19 21 19
1 2 1 3
10 7 11 7
18 10 20 10
15 3 15 5
5 0 7 0
1 9 1 10
8 9 8 11
5 21 8 21
9 9 11 9
8 19 9 19
5 6 5 7
11 18 11 19
18 14 19 14
7 0 9 0
11 2 11 4
11 12 12 12
2 11 3 11
15 5 16 5
9 15 9 16
11 15 11 16
0 13 0 15
16 19 16 20
9 6 9 7
16 17 16 19
20 0 20 2
9 11 9 13
11 7 15 7
1 12 1 14
2 19 2 21
9 0 11 0
5 7 6 7
12 17 14 17
13 20 13 21
14 2 15 2
14 8 14 10
0 15 0 18
11 6 11 7
5 11 7 11
0 10 0 11
8 5 8 9
16 8 16 10
4 13 4 14
1 11 2 11
15 0 15 2
4 2 4 4
4 21 5 21
4 0 4 2
13 20 14 20
