114
13 13 14 13
14 18 14 19
8 1 8 0
15 11 15 12
11 5 10 5
9 13 10 13
2 17 2 16
16 4 16 5
20 2 20 3
9 14 9 13
10 19 10 18
1 8 1 9
12 21 12 20
1 19 1 20
20 18 19 18
6 15 6 14
9 2 9 3
7 4 7 3
13 21 12 21
14 21 13 21
18 18 17 18
1 17 2 17
9 1 8 1
8 2 8 3
15 14 15 13
19 21 20 21
3 0 3 1
13 5 13 6
10 1 9 1
13 1 13 0
19 7 18 7
12 20 12 19
9 8 9 9
1 18 1 19
12 13 12 12
4 11 4 10
12 0 11 0
15 7 16 7
9 1 9 2
20 15 19 15
19 8 19 7
12 19 12 18
18 3 18 2
0 18 1 18
2 9 2 8
8 5 8 6
13 4 13 5
19 6 20 6
22 4 21 4
11 19 10 19
13 14 13 13
4 15 4 14
1 6 2 6
21 4 20 4
10 0 10 1
19 2 20 2
3 9 4 9
11 1 11 2
4 10 3 10
18 15 18 14
19 0 20 0
11 0 11 1
5 22 4 22
4 20 4 21
10 8 11 8
18 21 19 21
21 18 21 19
15 6 15 7
16 6 15 6
15 1 16 1
14 17 14 16
18 11 19 11
20 0 20 1
4 13 3 13
10 18 11 18
1 4 0 4
16 16 17 16
16 11 15 11
21 17 20 17
5 10 5 11
2 8 1 8
3 19 2 19
13 19 12 19
15 9 14 9
15 17 14 17
22 6 22 5
2 19 2 18
19 12 18 12
17 20 17 21
15 2 16 2
0 5 0 6
17 9 17 8
4 18 3 18
1 12 0 12
12 15 13 15
18 12 17 12
21 11 22 11
0 0 1 0
0 17 0 16
17 18 17 17
4 4 5 4
11 16 12 16
10 21 11 21
2 13 1 13
17 10 17 9
1 5 1 6
6 19 5 19
22 20 22 19
17 11 16 11
19 15 19 16
11 10 10 10
12 16 12 17
15 11 14 11
3 20 3 19
186
19 1 19 5
9 3 9 4
7 3 8 3
3 16 3 17
21 15 22 15
10 13 10 14
16 7 18 7
15 8 15 10
8 1 10 1
5 2 5 4
6 10 8 10
1 18 2 18
12 19 14 19
21 2 21 8
0 15 0 16
18 17 20 17
7 12 9 12
20 2 21 2
4 14 4 16
14 14 14 15
10 12 11 12
13 5 16 5
5 2 7 2
20 21 20 22
7 6 7 8
0 19 0 20
12 1 16 1
0 8 1 8
14 10 15 10
20 1 20 2
16 21 17 21
1 6 1 8
8 10 10 10
13 7 15 7
14 16 14 17
10 10 10 12
4 2 4 3
16 14 18 14
19 16 22 16
20 17 20 20
4 14 5 14
3 10 3 13
18 2 18 4
14 0 17 0
15 7 15 8
18 7 18 8
20 7 20 8
3 18 5 18
9 4 10 4
2 6 4 6
0 22 2 22
13 3 13 5
1 16 1 18
0 15 3 15
9 12 10 12
14 20 14 22
5 4 5 5
2 22 4 22
5 17 5 18
4 21 8 21
4 2 5 2
6 14 6 18
4 19 4 21
10 16 10 19
15 18 16 18
6 14 8 14
20 3 20 4
0 20 0 22
18 1 19 1
16 20 16 21
10 5 12 5
17 9 18 9
10 13 11 13
13 11 13 13
1 0 4 0
1 1 2 1
15 16 15 18
9 4 9 5
13 11 14 11
13 18 15 18
12 7 13 7
18 6 20 6
1 2 1 6
10 5 10 10
16 5 16 7
20 8 21 8
12 9 13 9
4 6 6 6
21 8 22 8
8 9 8 10
3 13 3 15
17 21 19 21
18 17 18 19
12 5 13 5
3 8 3 10
0 4 0 6
2 5 2 6
12 5 12 6
19 7 20 7
18 8 18 9
10 1 11 1
15 16 17 16
10 16 13 16
2 1 3 1
22 16 22 18
19 18 19 20
3 10 6 10
2 18 3 18
7 9 8 9
1 8 3 8
13 7 13 9
5 12 5 14
14 14 16 14
11 15 13 15
9 12 9 13
2 16 3 16
20 4 20 6
17 1 18 1
0 19 1 19
4 21 4 22
18 6 18 7
5 5 9 5
15 6 15 7
16 9 17 9
10 19 10 22
11 12 12 12
17 16 18 16
8 0 9 0
15 18 15 19
20 12 20 14
10 19 12 19
14 11 16 11
12 18 13 18
4 19 5 19
8 1 8 3
19 7 19 11
4 0 8 0
5 11 5 12
4 0 4 2
5 11 7 11
18 16 18 17
13 15 14 15
11 1 12 1
19 13 19 16
11 9 12 9
10 1 10 2
12 11 12 12
4 3 4 6
16 2 18 2
18 16 19 16
13 0 14 0
11 13 13 13
20 14 21 14
19 1 20 1
14 15 14 16
2 18 2 21
2 3 2 4
3 18 3 19
17 0 17 1
20 20 20 21
14 19 14 20
13 16 14 16
17 5 19 5
6 6 7 6
8 9 9 9
5 14 6 14
3 15 3 16
8 14 10 14
22 1 22 2
19 20 19 21
16 1 16 2
15 8 16 8
1 1 1 2
9 0 13 0
5 18 6 18
19 11 19 13
2 1 2 3
22 15 22 16
16 9 16 10
14 10 14 11
14 13 14 14
12 1 12 5
5 19 10 19
16 11 19 11
14 20 16 20
0 16 0 19
