308
28 7 28 8
26 4 27 4
24 16 23 16
19 1 18 1
20 5 20 6
15 5 14 5
11 24 12 24
25 15 25 16
9 20 10 20
28 9 27 9
22 5 21 5
16 7 17 7
21 29 21 28
17 2 16 2
27 5 28 5
22 28 23 28
7 25 6 25
14 10 15 10
9 21 9 20
28 14 27 14
21 27 20 27
9 20 9 19
25 16 24 16
16 28 16 27
27 16 26 16
7 26 7 25
22 14 23 14
9 25 9 26
28 5 28 4
9 23 9 24
24 15 25 15
20 4 20 3
7 24 8 24
18 1 17 1
19 15 19 16
14 17 15 17
6 6 6 5
5 15 4 15
28 10 28 9
5 10 6 10
8 25 9 25
9 26 10 26
29 7 28 7
19 17 19 18
8 19 8 18
6 22 5 22
15 16 16 16
12 22 12 23
11 29 11 28
0 24 1 24
26 12 26 11
25 13 25 12
4 24 5 24
29 5 28 5
25 12 25 11
11 23 11 24
28 7 27 7
27 15 27 16
23 8 22 8
19 20 19 21
16 20 16 19
14 6 13 6
12 28 13 28
23 14 23 15
10 24 10 25
23 5 23 4
13 24 13 25
3 19 4 19
0 0 0 1
24 19 25 19
26 27 27 27
20 27 20 28
7 27 7 26
21 17 21 16
12 29 12 28
8 13 7 13
26 5 26 4
19 16 19 17
12 13 13 13
12 12 12 13
28 5 27 5
29 29 28 29
20 20 21 20
8 23 9 23
12 7 12 8
20 16 19 16
28 17 27 17
5 7 6 7
8 27 7 27
29 10 28 10
2 0 2 1
27 11 27 12
18 2 18 1
20 3 19 3
25 23 24 23
13 13 13 12
26 6 26 5
15 25 15 24
8 28 8 27
10 14 10 13
8 26 9 26
19 3 19 2
15 7 16 7
21 22 21 21
19 8 20 8
21 15 21 14
24 6 23 6
8 27 8 26
20 2 21 2
27 14 27 15
28 11 27 11
8 9 8 10
17 27 17 26
24 3 24 2
29 8 29 7
12 23 11 23
17 12 18 12
27 21 26 21
24 18 24 19
13 29 12 29
4 15 3 15
28 20 29 20
3 13 3 12
23 22 23 23
28 2 29 2
22 15 22 14
9 22 8 22
10 18 10 19
8 5 8 4
4 27 4 26
26 28 26 27
25 29 25 28
13 7 12 7
3 18 4 18
11 4 12 4
2 4 1 4
1 11 2 11
12 24 12 23
14 7 13 7
29 11 28 11
16 2 15 2
24 2 24 1
7 20 7 19
10 29 11 29
2 15 2 14
10 27 11 27
29 3 28 3
22 4 22 5
5 1 4 1
6 20 6 19
10 23 10 24
28 29 27 29
22 29 22 28
21 13 22 13
20 29 19 29
7 21 8 21
2 5 1 5
28 6 28 5
24 17 23 17
14 24 14 25
13 28 13 29
26 29 26 28
13 9 14 9
21 21 20 21
7 22 6 22
20 28 19 28
10 4 9 4
29 2 29 1
29 7 28 7
8 22 7 22
9 27 8 27
10 7 10 6
7 13 6 13
1 8 1 7
15 12 14 12
18 0 19 0
20 23 21 23
2 2 3 2
5 24 5 25
16 26 15 26
26 17 25 17
3 10 2 10
1 15 2 15
5 9 5 10
27 20 28 20
15 17 15 16
13 19 13 20
2 8 1 8
6 1 5 1
19 13 19 14
3 3 3 4
5 10 4 10
16 19 17 19
15 3 16 3
10 22 9 22
25 0 25 1
1 7 1 6
20 17 20 16
28 15 28 14
13 12 13 13
7 29 6 29
15 18 15 17
14 1 13 1
2 28 3 28
4 9 5 9
4 14 3 14
1 24 1 25
9 22 8 22
27 6 28 6
8 7 7 7
10 15 10 14
5 2 4 2
26 13 26 12
6 29 5 29
10 28 10 29
7 6 6 6
24 27 23 27
28 18 28 17
22 24 23 24
27 13 26 13
4 6 5 6
13 17 14 17
20 9 21 9
15 16 15 15
7 28 7 29
12 10 12 11
13 27 13 26
25 14 25 13
16 21 16 20
26 21 25 21
4 8 4 9
13 2 12 2
18 12 17 12
11 15 12 15
1 6 1 7
4 16 4 15
18 1 18 0
23 19 23 18
0 9 0 8
11 10 11 11
1 16 0 16
10 16 10 15
28 27 28 28
4 9 3 9
2 26 2 25
29 6 29 5
16 4 17 4
28 19 28 18
25 6 24 6
0 1 1 1
8 22 8 23
15 8 14 8
14 0 14 1
17 5 16 5
21 23 20 23
26 14 27 14
3 5 4 5
0 15 1 15
26 16 26 17
9 18 10 18
26 22 26 21
26 21 26 22
21 18 21 17
25 7 25 8
8 23 8 22
29 9 29 8
23 0 24 0
28 14 28 15
5 29 5 28
18 15 17 15
3 26 2 26
13 0 14 0
7 9 8 9
0 8 0 7
15 22 15 23
26 11 26 10
18 11 17 11
15 24 14 24
3 0 2 0
13 13 13 12
14 18 14 19
17 12 16 12
5 14 5 15
2 29 2 28
1 12 1 11
20 22 21 22
1 1 0 1
9 13 8 13
7 29 7 28
17 6 17 5
12 21 13 21
29 8 29 9
12 13 13 13
19 4 18 4
13 14 12 14
28 24 27 24
16 16 15 16
2 28 1 28
18 8 19 8
25 27 25 26
12 19 13 19
3 9 3 10
8 14 7 14
11 0 10 0
12 6 11 6
15 21 16 21
14 14 14 15
26 15 26 14
189
10 12 13 12
14 17 14 19
11 23 11 24
3 15 3 21
2 25 5 25
12 2 15 2
11 19 13 19
23 13 24 13
3 15 4 15
14 23 15 23
8 21 8 22
18 17 19 17
10 0 14 0
6 25 6 26
27 17 27 18
6 13 6 15
25 1 29 1
18 25 18 26
10 12 10 13
4 15 4 18
12 28 19 28
1 23 1 25
20 1 24 1
19 0 19 2
12 2 12 4
2 27 5 27
27 27 27 29
9 4 12 4
10 13 10 14
27 18 27 19
27 4 27 5
21 10 21 14
21 19 24 19
1 25 1 27
13 22 14 22
15 15 16 15
9 8 12 8
2 13 4 13
13 11 13 12
6 26 6 27
25 22 25 24
4 5 4 10
27 12 28 12
19 6 20 6
27 2 27 4
21 19 21 20
7 19 9 19
12 14 12 15
15 6 16 6
25 5 26 5
15 20 15 23
14 5 14 8
4 1 4 2
14 1 15 1
20 6 23 6
19 26 19 28
23 11 24 11
13 13 13 15
27 14 29 14
29 4 29 5
14 22 14 23
24 14 24 16
29 14 29 15
6 5 9 5
4 5 6 5
6 19 7 19
21 22 25 22
2 15 3 15
15 6 15 10
13 8 13 10
2 11 2 13
27 9 27 11
6 8 9 8
15 13 15 15
29 9 29 14
1 7 2 7
23 12 23 13
9 23 11 23
9 19 10 19
0 1 2 1
11 24 11 27
2 0 6 0
8 13 10 13
15 17 16 17
9 19 9 23
10 15 10 17
23 10 23 11
15 26 17 26
6 10 7 10
16 12 16 13
26 18 26 19
15 20 16 20
3 21 8 21
26 5 27 5
13 13 15 13
13 10 13 11
29 5 29 9
13 8 14 8
28 9 29 9
23 6 23 7
13 19 14 19
14 19 14 21
24 12 26 12
20 8 20 10
1 25 2 25
6 27 7 27
21 10 23 10
28 16 29 16
17 17 18 17
20 1 20 6
15 2 19 2
16 17 17 17
4 10 4 13
21 20 21 22
15 2 15 6
6 6 6 7
24 11 25 11
11 28 12 28
26 12 27 12
12 8 12 9
19 29 24 29
26 19 26 22
18 6 19 6
10 14 10 15
29 15 29 16
9 4 9 5
4 13 4 15
10 19 11 19
6 7 6 8
20 10 20 15
24 8 25 8
7 27 8 27
7 26 8 26
1 27 1 28
22 5 25 5
4 10 6 10
12 23 14 23
16 15 17 15
27 11 27 12
25 5 25 8
19 8 20 8
6 5 6 6
0 14 1 14
27 19 27 23
19 28 19 29
8 16 8 18
15 23 15 26
2 1 2 7
23 7 23 10
27 16 27 17
24 29 27 29
24 16 27 16
29 1 29 4
5 27 5 28
6 13 8 13
27 23 29 23
2 1 4 1
19 17 21 17
17 26 18 26
23 13 23 15
12 15 13 15
27 25 27 27
9 16 9 19
27 7 27 9
20 15 23 15
24 13 24 14
23 12 24 12
5 25 6 25
24 16 24 19
15 10 15 13
14 0 14 1
18 20 18 21
4 18 8 18
8 27 11 27
29 20 29 22
11 24 14 24
17 15 20 15
6 0 6 5
16 20 18 20
2 7 2 10
11 13 13 13
8 24 8 26
10 17 14 17
18 20 21 20
24 1 25 1
11 27 11 28
8 22 8 24
14 17 15 17
27 5 27 7
