44
37 10 37 11
23 24 23 23
3 9 2 9
36 8 36 9
3 37 4 37
37 24 36 24
20 30 19 30
24 16 25 16
30 22 31 22
37 21 36 21
34 26 33 26
32 37 32 36
1 2 2 2
21 30 21 29
31 31 31 30
34 31 34 30
15 26 15 27
31 10 31 11
26 4 26 3
10 5 9 5
10 29 9 29
29 36 29 37
28 7 28 8
20 22 21 22
37 12 36 12
20 35 20 36
36 12 36 13
26 3 26 2
6 5 6 6
23 27 22 27
3 4 3 5
32 21 31 21
7 20 7 21
2 9 2 8
36 22 37 22
2 7 3 7
13 10 12 10
5 34 5 33
11 31 12 31
16 19 16 20
34 35 34 34
19 27 19 26
27 16 26 16
21 20 21 19
156
12 8 12 10
20 29 21 29
30 31 32 31
4 32 4 37
9 13 9 15
31 21 31 22
34 18 34 30
11 19 17 19
1 26 9 26
6 7 9 7
6 9 6 11
7 32 14 32
27 5 27 10
26 0 29 0
6 35 13 35
2 2 2 8
9 26 17 26
20 11 20 13
17 33 25 33
6 6 7 6
29 16 34 16
36 21 36 24
14 36 16 36
7 11 16 11
7 31 7 32
25 16 26 16
31 29 31 30
21 29 25 29
8 0 8 2
33 9 36 9
16 9 16 11
29 35 29 37
16 33 17 33
27 4 27 5
21 28 30 28
26 0 26 2
7 32 7 33
17 17 17 19
5 20 8 20
20 17 20 21
7 16 21 16
22 22 22 24
37 9 37 11
36 13 36 21
16 33 16 36
37 15 37 18
21 28 21 29
2 37 4 37
9 1 9 3
7 33 16 33
25 33 25 37
7 6 14 6
5 8 12 8
27 13 29 13
5 8 5 12
32 31 37 31
25 16 25 17
30 11 31 11
9 26 9 29
10 4 27 4
14 6 26 6
2 2 8 2
8 0 26 0
18 9 19 9
29 13 36 13
16 36 20 36
12 28 12 31
21 16 21 19
9 5 17 5
36 9 37 9
21 13 21 15
25 37 29 37
26 6 26 12
5 15 5 20
26 30 31 30
27 5 30 5
4 32 7 32
29 4 30 4
6 11 7 11
29 15 29 16
16 11 20 11
5 33 7 33
31 22 31 29
22 20 22 22
17 5 27 5
35 1 35 8
20 13 21 13
21 16 25 16
11 36 14 36
27 29 31 29
19 26 19 30
22 24 26 24
1 15 5 15
17 19 17 26
26 12 26 16
29 13 29 15
9 3 9 5
31 3 34 3
25 31 26 31
20 21 20 29
25 29 27 29
25 18 34 18
1 15 1 26
22 2 26 2
29 35 37 35
29 37 33 37
3 7 6 7
27 10 27 13
22 3 31 3
28 8 30 8
36 5 36 9
27 10 33 10
18 8 18 9
29 9 33 9
26 30 26 31
21 19 30 19
37 31 37 35
21 19 21 22
21 15 21 16
9 13 20 13
5 5 9 5
22 27 30 27
31 11 37 11
34 16 34 18
37 22 37 31
18 2 22 2
31 30 34 30
17 26 19 26
22 24 22 27
14 6 14 7
23 23 30 23
30 8 35 8
5 12 5 15
2 0 2 2
30 19 30 23
37 18 37 22
30 4 30 5
3 29 9 29
35 1 37 1
25 33 27 33
16 9 18 9
9 3 22 3
33 19 33 26
8 3 9 3
37 11 37 15
30 5 30 8
5 15 9 15
30 27 30 28
0 25 0 29
2 8 5 8
7 31 12 31
3 5 3 7
30 19 33 19
17 26 17 33
0 29 3 29
3 5 5 5
