40
27 24 27 23
3 37 3 36
25 8 26 8
4 7 4 8
11 30 11 31
1 36 1 37
23 15 24 15
2 20 3 20
23 24 23 23
27 22 28 22
2 36 1 36
3 14 2 14
31 30 30 30
25 14 25 15
36 34 37 34
27 19 26 19
26 9 27 9
7 5 7 4
7 0 7 1
11 34 11 33
28 22 28 23
10 23 11 23
21 17 22 17
5 34 5 35
11 23 11 22
15 28 15 27
37 14 36 14
5 29 5 28
5 35 4 35
27 28 27 29
37 12 37 13
22 17 23 17
35 9 35 8
34 28 34 29
1 1 1 0
15 26 14 26
4 27 4 28
20 7 19 7
33 6 32 6
31 19 31 20
160
4 8 4 13
3 6 6 6
13 0 14 0
8 16 8 27
8 35 9 35
37 32 37 34
17 18 20 18
35 1 35 8
8 28 8 31
4 28 5 28
26 28 26 29
26 21 26 28
32 32 32 33
13 31 16 31
8 4 8 16
32 33 34 33
23 19 26 19
26 8 26 12
16 31 17 31
9 1 9 19
5 16 5 28
1 6 1 8
37 13 37 20
4 35 8 35
3 8 3 10
0 5 0 13
32 29 34 29
7 28 8 28
21 13 21 16
14 28 26 28
21 16 21 21
2 7 2 14
14 10 14 26
15 3 15 19
16 21 16 23
9 19 9 21
37 3 37 8
4 33 4 35
30 29 32 29
15 3 22 3
32 10 32 14
24 12 24 15
11 33 18 33
13 17 13 30
28 23 35 23
6 28 6 29
28 23 28 27
15 27 17 27
37 8 37 13
24 8 24 9
32 32 35 32
0 3 0 5
29 10 32 10
1 0 3 0
24 33 31 33
15 20 15 25
21 8 21 13
1 14 2 14
9 29 9 31
32 4 34 4
1 26 1 28
0 19 0 28
10 1 11 1
6 28 7 28
32 31 32 32
25 21 25 27
32 33 32 36
35 32 37 32
24 5 32 5
19 7 28 7
3 0 13 0
1 4 1 6
13 8 13 17
26 19 26 21
0 28 1 28
19 16 21 16
21 16 24 16
2 4 2 7
14 28 14 30
0 13 0 19
9 21 9 22
9 31 9 35
37 20 37 23
28 27 36 27
11 8 13 8
8 27 8 28
13 1 13 8
23 17 23 19
28 7 31 7
1 14 1 26
3 8 4 8
3 6 3 8
11 22 11 25
9 35 24 35
24 15 25 15
19 4 19 7
3 20 3 24
32 14 32 16
35 8 37 8
11 31 11 33
1 4 2 4
17 36 17 37
13 1 35 1
14 30 30 30
24 8 26 8
6 6 6 14
17 27 19 27
27 29 30 29
12 22 12 28
24 15 24 16
28 10 28 23
18 21 21 21
21 21 25 21
8 31 9 31
10 1 10 6
6 14 6 28
11 22 12 22
17 18 17 19
3 10 3 15
28 10 29 10
16 31 16 32
11 8 11 22
31 20 37 20
16 32 32 32
11 1 11 3
9 31 11 31
19 27 25 27
9 22 9 29
4 20 4 28
9 1 10 1
1 37 9 37
32 4 32 5
14 26 14 28
3 0 3 6
16 21 18 21
32 5 32 6
16 23 23 23
11 31 13 31
15 19 17 19
30 30 30 31
1 36 1 37
7 4 8 4
9 35 9 37
27 23 27 29
35 23 37 23
30 31 32 31
3 15 3 20
26 12 26 19
32 6 32 10
15 19 15 20
27 23 28 23
36 13 37 13
28 7 28 10
15 25 15 27
19 7 19 16
6 1 6 6
1 28 4 28
11 3 11 4
5 9 5 16
27 9 27 23
