50
4 2 3 2
28 1 29 1
36 28 35 28
29 11 29 10
33 37 33 38
34 13 34 12
24 37 25 37
22 8 23 8
14 1 14 2
31 19 31 18
1 1 1 2
35 13 34 13
22 2 23 2
20 2 20 3
23 38 22 38
32 24 31 24
28 28 27 28
32 35 32 34
37 14 36 14
31 35 31 34
31 16 31 15
34 37 34 36
31 21 32 21
33 8 33 9
30 34 30 35
27 28 27 27
25 35 25 34
10 6 10 7
17 0 17 1
31 18 32 18
34 23 33 23
29 1 29 0
4 3 4 2
19 32 19 33
3 2 3 3
29 34 29 35
33 10 34 10
21 13 20 13
11 10 11 9
3 20 2 20
36 19 35 19
16 10 16 9
0 21 0 22
9 29 8 29
7 22 8 22
23 8 23 9
13 32 12 32
2 13 2 12
16 33 15 33
10 16 11 16
150
36 6 36 14
33 18 33 23
15 9 15 11
29 9 33 9
33 38 34 38
5 0 12 0
26 11 27 11
19 27 27 27
9 5 15 5
3 5 9 5
2 12 2 16
19 0 29 0
0 12 2 12
15 34 15 35
2 16 11 16
34 15 34 21
12 22 12 32
12 32 17 32
18 28 24 28
17 16 18 16
19 37 22 37
35 19 35 28
18 16 18 28
8 19 8 22
12 35 13 35
15 33 15 34
1 35 12 35
32 21 32 29
17 25 17 32
16 16 17 16
23 9 26 9
31 15 34 15
28 35 29 35
15 5 15 9
2 16 2 20
13 14 13 15
20 22 28 22
28 17 28 18
26 3 26 9
7 8 7 9
19 16 19 20
8 22 8 29
18 9 22 9
11 15 11 16
19 20 19 27
14 6 14 8
15 13 17 13
34 11 34 12
22 9 22 12
35 15 35 19
12 18 12 22
32 34 36 34
3 27 3 32
25 34 27 34
11 15 13 15
17 23 17 25
27 30 27 34
14 8 14 16
24 31 24 35
4 37 19 37
31 15 31 17
32 14 36 14
25 34 25 37
24 10 29 10
31 24 31 27
15 0 19 0
1 2 4 2
1 6 14 6
3 3 12 3
34 15 35 15
29 38 33 38
16 4 20 4
27 11 34 11
17 13 20 13
12 32 12 35
23 2 23 9
15 1 15 3
3 3 3 5
17 5 17 13
29 9 29 10
31 17 31 23
32 18 32 21
15 3 15 5
17 13 17 16
34 36 34 38
30 35 33 35
32 12 32 14
27 15 31 15
22 37 22 38
34 12 34 13
0 22 2 22
4 2 8 2
15 1 17 1
17 32 22 32
12 0 15 0
27 19 30 19
17 1 22 1
15 9 16 9
32 29 32 34
4 0 4 2
7 8 13 8
27 34 27 38
22 12 32 12
8 22 12 22
28 17 30 17
15 3 20 3
34 10 34 11
2 22 8 22
13 35 15 35
36 14 36 29
29 35 29 37
29 0 29 9
28 22 28 35
31 23 31 24
26 9 29 9
30 19 30 35
25 37 26 37
8 2 14 2
16 8 16 9
34 21 34 29
17 16 17 23
13 8 14 8
4 0 5 0
27 15 27 19
32 12 34 12
31 34 32 34
4 18 12 18
3 32 12 32
26 14 32 14
16 4 16 5
24 28 24 31
36 34 36 36
28 16 28 17
36 29 36 34
29 35 30 35
27 38 29 38
22 38 26 38
27 19 27 20
19 12 22 12
34 36 36 36
2 20 2 22
1 2 1 6
22 32 22 37
32 18 33 18
14 16 16 16
16 5 17 5
22 1 22 9
7 9 11 9
27 27 27 30
20 13 20 22
