208
1 9 1 10
26 4 26 5
5 4 5 5
24 30 25 30
28 19 27 19
27 19 26 19
29 22 29 23
20 0 20 1
14 21 14 22
0 8 1 8
22 23 21 23
26 24 26 25
27 24 26 24
27 15 26 15
29 13 30 13
24 1 23 1
21 3 20 3
20 8 20 9
28 23 27 23
10 9 11 9
30 11 29 11
21 22 20 22
2 17 2 16
27 16 28 16
22 17 22 16
23 2 22 2
17 30 18 30
4 2 5 2
29 16 29 15
5 15 6 15
25 29 24 29
15 21 14 21
25 12 25 13
9 27 9 26
8 29 8 30
29 7 28 7
4 7 4 8
24 0 24 1
20 9 21 9
17 26 17 27
23 1 23 2
23 8 24 8
11 2 10 2
1 24 2 24
13 21 13 20
6 1 6 0
20 30 19 30
5 7 6 7
9 26 10 26
22 22 22 23
3 4 4 4
12 25 12 24
1 14 2 14
19 30 19 29
29 27 28 27
5 27 4 27
27 7 27 6
27 14 27 15
23 29 23 30
13 20 13 19
27 17 28 17
21 10 21 11
17 25 17 26
10 2 10 3
2 15 3 15
25 26 26 26
2 25 3 25
5 18 5 17
0 17 0 16
21 23 21 24
5 3 6 3
17 24 17 25
23 11 24 11
25 14 25 15
27 23 27 22
21 2 21 3
0 9 1 9
26 16 26 17
17 25 18 25
25 18 25 19
11 4 11 3
9 18 10 18
21 9 21 10
2 22 3 22
21 19 20 19
7 22 6 22
29 2 30 2
2 3 1 3
26 22 26 23
0 24 1 24
0 18 0 17
18 25 19 25
11 29 11 30
26 15 26 16
28 1 27 1
12 19 12 18
9 5 9 4
27 4 28 4
4 3 5 3
13 2 13 1
21 1 22 1
17 29 18 29
9 8 9 9
20 23 21 23
11 3 11 2
1 18 0 18
26 18 25 18
21 23 21 22
27 6 26 6
23 17 22 17
4 27 4 26
4 26 4 25
24 7 25 7
2 4 3 4
0 16 0 15
4 25 4 24
1 7 2 7
5 6 5 7
11 26 12 26
23 10 23 11
23 24 23 25
10 28 9 28
7 10 7 9
5 5 5 6
6 18 6 17
1 9 2 9
18 12 17 12
7 4 7 5
2 14 2 15
4 6 4 7
29 11 28 11
22 17 22 18
18 20 19 20
28 20 27 20
17 8 16 8
18 27 18 26
26 5 27 5
21 24 21 23
8 14 8 13
7 1 6 1
12 26 13 26
19 20 19 19
7 28 8 28
2 13 2 12
11 27 11 26
8 17 8 16
9 10 8 10
5 21 5 20
20 7 20 8
16 15 15 15
11 26 11 25
6 1 6 2
24 27 25 27
0 15 0 14
3 17 2 17
1 11 0 11
6 29 6 30
7 8 8 8
21 18 21 19
13 26 13 27
5 20 6 20
19 0 20 0
22 13 22 12
10 7 9 7
23 11 22 11
0 4 0 3
6 15 6 16
18 9 18 8
16 12 15 12
14 21 14 20
20 17 20 18
26 11 26 10
29 23 28 23
19 7 19 8
4 5 5 5
8 5 8 6
3 29 2 29
8 15 9 15
23 12 23 11
9 16 9 17
1 1 0 1
7 24 7 23
15 15 15 16
4 9 4 10
23 15 23 14
22 20 22 19
6 28 7 28
8 21 8 20
14 4 13 4
5 28 5 27
24 15 23 15
6 27 6 26
1 8 1 9
13 19 12 19
30 23 30 24
24 1 25 1
9 14 10 14
0 11 0 10
4 18 3 18
13 4 13 3
6 20 5 20
3 24 3 23
8 10 8 11
18 21 17 21
0 5 0 4
7 28 7 27
7 2 8 2
5 14 5 15
192
5 25 7 25
1 24 1 27
6 16 6 17
24 6 26 6
19 8 19 10
13 16 14 16
26 26 26 29
8 12 9 12
28 11 28 12
3 15 5 15
9 3 10 3
2 17 2 21
20 1 22 1
21 22 23 22
23 22 23 23
10 26 14 26
9 17 9 24
20 8 24 8
5 20 8 20
9 9 9 12
25 24 26 24
14 20 14 22
20 20 20 21
13 8 16 8
21 21 21 22
9 24 12 24
19 27 19 28
26 25 26 26
26 16 26 17
11 9 12 9
20 8 20 10
11 2 11 6
21 19 21 21
10 22 14 22
4 4 6 4
28 28 28 30
1 17 1 23
9 15 9 17
1 2 2 2
11 9 11 15
10 18 10 22
14 26 15 26
26 12 27 12
5 7 5 8
3 18 7 18
5 5 5 6
4 24 6 24
0 14 7 14
27 15 29 15
23 22 27 22
6 12 7 12
28 27 28 28
22 12 22 15
7 9 9 9
0 1 2 1
8 2 9 2
19 17 19 19
13 27 13 29
11 19 12 19
27 1 29 1
4 1 11 1
7 12 7 14
26 19 26 21
11 17 11 19
20 18 22 18
0 10 0 14
6 4 9 4
9 3 9 4
7 21 7 23
27 22 27 26
19 24 22 24
24 11 28 11
7 14 7 15
16 6 16 8
2 16 2 17
18 28 19 28
27 15 27 20
0 17 1 17
3 23 3 25
9 15 11 15
16 8 16 17
14 15 14 16
24 6 24 8
20 18 20 19
0 7 2 7
5 8 6 8
10 26 10 27
19 19 19 24
2 10 4 10
25 30 27 30
9 9 11 9
13 29 18 29
27 5 27 8
16 17 19 17
19 19 20 19
27 22 30 22
3 18 3 20
6 6 7 6
15 26 17 26
22 1 22 2
8 3 9 3
27 1 27 5
5 29 7 29
8 27 8 28
25 15 27 15
10 27 13 27
3 20 5 20
2 12 4 12
2 2 2 7
0 7 0 10
19 25 19 27
6 23 6 24
11 16 11 17
6 17 9 17
16 8 18 8
1 17 2 17
5 25 5 27
18 8 19 8
18 30 23 30
22 10 22 11
22 18 22 19
7 14 10 14
25 24 25 27
23 30 25 30
26 26 27 26
29 1 29 10
19 25 23 25
22 11 22 12
5 6 6 6
19 17 26 17
19 11 21 11
14 16 14 20
9 2 11 2
21 10 22 10
24 8 24 10
3 25 5 25
4 4 4 7
19 10 19 11
9 24 9 25
5 17 6 17
3 20 3 22
22 12 24 12
7 29 13 29
25 1 27 1
4 11 4 12
4 7 5 7
1 23 1 24
23 15 25 15
2 10 2 12
27 20 27 22
17 27 19 27
9 25 9 28
2 7 4 7
18 29 18 30
11 2 22 2
23 25 24 25
8 28 9 28
20 21 21 21
23 23 23 25
26 6 26 7
11 15 11 16
13 8 13 16
25 27 25 30
24 10 24 11
3 15 3 18
22 15 23 15
26 17 26 19
2 9 2 10
29 10 29 15
7 6 7 9
6 6 6 7
0 1 0 2
22 1 25 1
18 8 18 13
28 7 28 11
30 18 30 22
6 23 7 23
4 1 4 4
5 15 7 15
27 30 28 30
19 10 20 10
12 20 14 20
6 24 9 24
15 27 17 27
14 22 14 26
10 17 10 18
3 22 3 23
11 6 11 9
5 27 5 29
9 4 9 7
2 9 7 9
24 12 26 12
