309
3 14 4 14
8 36 7 36
37 36 36 36
18 23 18 24
8 8 8 7
26 29 27 29
14 4 14 3
22 25 22 26
37 23 36 23
30 21 31 21
16 3 16 4
16 8 16 7
6 18 6 17
27 33 26 33
23 9 22 9
10 36 10 35
33 36 33 35
15 3 15 4
9 12 9 13
36 22 35 22
28 35 29 35
30 22 29 22
27 22 27 23
14 35 13 35
34 25 35 25
36 36 35 36
13 35 13 34
8 6 8 5
18 24 18 25
7 17 8 17
8 32 9 32
4 9 5 9
16 1 16 2
13 34 12 34
29 36 28 36
5 12 6 12
31 27 31 26
22 19 23 19
22 22 23 22
25 2 25 3
0 33 0 32
35 36 34 36
26 2 25 2
23 32 22 32
4 27 4 26
11 11 11 12
5 21 4 21
10 25 10 26
25 36 24 36
10 23 10 24
22 26 23 26
20 30 19 30
17 25 17 24
35 6 35 5
9 7 10 7
25 25 24 25
18 22 19 22
24 9 23 9
2 13 2 12
19 22 19 21
6 17 7 17
18 26 19 26
36 17 37 17
21 12 22 12
20 25 20 24
13 0 12 0
10 29 10 28
24 32 23 32
5 17 6 17
10 26 9 26
11 33 11 34
28 24 27 24
29 28 29 27
5 30 5 31
10 24 10 25
8 5 7 5
22 5 22 6
28 36 28 35
33 31 34 31
24 23 25 23
20 22 21 22
0 32 1 32
8 7 9 7
7 2 6 2
17 18 17 19
4 34 3 34
28 27 28 28
3 21 3 22
21 22 21 21
11 9 10 9
8 12 8 13
19 30 18 30
21 34 20 34
9 36 8 36
13 1 13 0
31 3 31 4
9 14 9 15
33 23 32 23
25 6 26 6
37 31 36 31
36 31 35 31
3 13 4 13
2 35 1 35
22 11 22 10
23 29 22 29
4 26 4 25
18 37 18 36
28 4 29 4
34 10 34 9
7 12 7 11
12 0 12 1
21 24 21 25
22 23 21 23
16 17 16 16
23 25 23 24
4 13 4 12
0 18 0 17
9 26 9 27
9 35 8 35
33 11 32 11
1 32 2 32
30 5 30 4
12 2 12 3
19 8 19 9
0 7 0 6
5 9 5 10
16 21 16 20
34 36 34 35
3 28 3 29
10 37 10 36
8 21 7 21
29 33 28 33
12 3 13 3
34 37 34 36
6 27 6 26
27 20 27 19
14 36 14 35
32 12 32 13
9 37 8 37
0 8 1 8
6 10 7 10
27 1 27 2
37 30 37 31
34 7 34 6
9 7 9 6
5 6 6 6
10 36 11 36
29 11 28 11
1 28 2 28
4 12 5 12
35 16 35 17
10 11 11 11
3 7 3 8
28 35 27 35
1 26 2 26
26 13 26 12
14 15 15 15
17 16 17 15
34 36 35 36
31 26 30 26
9 34 9 33
19 14 19 15
11 27 11 28
31 8 30 8
22 13 21 13
32 11 32 10
37 31 36 31
36 28 35 28
27 25 26 25
14 11 14 10
22 32 22 31
1 33 1 32
25 14 25 15
5 10 5 11
35 3 36 3
23 19 24 19
8 31 7 31
29 6 30 6
11 32 11 31
13 8 13 7
20 10 20 9
19 37 20 37
28 14 28 15
26 10 27 10
13 37 13 36
32 3 32 2
0 36 1 36
25 37 25 36
26 5 25 5
37 32 37 31
34 9 35 9
27 36 28 36
4 17 3 17
6 26 5 26
25 36 26 36
34 18 34 17
33 6 33 7
22 6 23 6
32 13 31 13
8 30 7 30
2 28 2 29
8 33 7 33
31 10 30 10
13 4 14 4
9 8 9 7
34 26 33 26
11 12 10 12
36 21 36 22
4 10 5 10
13 7 13 8
25 31 25 30
5 10 6 10
4 14 5 14
11 31 12 31
3 34 2 34
28 16 27 16
19 9 19 10
5 31 6 31
9 31 8 31
13 14 13 13
28 31 28 32
2 19 3 19
30 10 30 11
23 22 24 22
37 22 37 23
6 36 6 37
8 17 8 18
35 34 35 33
12 5 11 5
11 28 12 28
25 30 25 29
35 1 34 1
19 15 18 15
26 12 26 11
6 13 6 14
20 0 20 1
12 11 12 12
31 12 30 12
7 35 6 35
30 34 31 34
7 11 8 11
7 34 7 35
32 14 32 15
20 17 21 17
15 11 15 12
31 21 31 20
14 4 14 5
20 2 20 3
20 14 19 14
17 8 17 9
2 34 3 34
10 8 9 8
8 9 8 10
23 23 22 23
25 11 24 11
3 30 4 30
13 30 12 30
26 33 26 34
1 8 1 9
11 5 11 4
22 10 23 10
36 23 35 23
15 23 15 24
6 35 6 34
8 37 9 37
6 14 7 14
7 16 7 15
35 33 35 32
7 17 8 17
32 22 32 21
33 35 32 35
10 12 9 12
13 10 13 9
21 3 21 2
13 29 14 29
8 18 9 18
30 30 30 29
25 2 24 2
21 13 21 12
3 6 3 5
32 19 32 20
5 26 5 25
24 14 24 13
36 10 36 11
0 17 1 17
19 16 19 15
3 19 3 18
33 15 34 15
13 15 14 15
30 26 30 25
24 36 24 35
1 18 1 19
20 34 20 33
26 37 25 37
10 27 10 26
33 7 33 8
32 15 32 14
31 20 31 19
25 24 25 25
9 32 9 31
11 24 11 23
20 36 20 35
29 18 28 18
22 14 22 15
7 18 7 17
11 4 11 5
21 21 22 21
27 35 27 34
19 32 20 32
190
7 31 7 33
34 17 34 31
28 20 30 20
28 36 35 36
11 5 11 7
13 28 13 33
12 1 12 4
9 27 9 31
24 22 24 24
3 10 3 17
23 13 24 13
6 24 9 24
35 32 35 36
11 34 11 35
6 2 6 3
2 25 4 25
19 17 19 21
36 22 36 25
14 10 16 10
22 15 22 21
27 24 27 26
5 11 5 12
29 4 30 4
15 21 19 21
27 26 27 29
28 15 29 15
18 2 21 2
32 20 32 21
17 15 17 17
30 3 30 4
28 22 28 28
6 31 7 31
23 27 23 32
11 7 11 8
8 17 9 17
32 9 32 10
16 10 19 10
32 10 32 14
6 3 6 6
28 22 29 22
23 26 27 26
3 29 6 29
2 29 3 29
4 21 4 25
28 18 28 20
19 21 19 23
24 19 24 22
32 23 32 26
3 18 3 22
36 6 37 6
3 27 7 27
15 19 15 21
11 35 14 35
9 7 10 7
3 10 6 10
1 25 2 25
23 6 23 7
18 30 18 32
34 6 36 6
35 31 36 31
10 25 18 25
18 14 19 14
7 36 8 36
1 32 1 35
34 15 34 17
32 8 32 9
11 5 14 5
28 33 28 36
23 26 23 27
24 22 28 22
1 35 1 36
28 15 28 18
23 7 23 9
3 29 3 34
26 36 28 36
29 15 34 15
36 0 36 3
26 1 31 1
14 3 14 5
1 6 2 6
10 7 11 7
9 15 11 15
27 31 27 34
28 11 28 15
7 27 9 27
9 4 12 4
6 19 6 24
9 24 9 25
26 3 26 4
30 20 30 25
0 3 1 3
26 6 26 11
26 4 26 6
28 32 28 33
6 6 9 6
1 3 6 3
23 12 23 13
18 25 21 25
36 18 36 22
29 16 32 16
28 28 28 32
14 10 14 13
21 32 23 32
7 33 7 35
21 32 21 37
7 14 7 15
23 12 24 12
37 17 37 23
29 21 29 22
29 4 29 10
28 28 32 28
1 6 1 9
14 13 14 15
26 11 28 11
34 6 34 15
9 37 20 37
20 37 21 37
6 17 6 19
22 12 22 15
18 25 18 30
19 21 22 21
27 29 27 31
30 20 32 20
36 25 36 31
11 15 14 15
18 2 18 3
9 33 13 33
14 7 16 7
26 3 27 3
20 1 26 1
3 17 6 17
34 31 34 35
21 25 24 25
24 24 24 25
16 7 23 7
9 15 9 17
9 27 17 27
19 10 23 10
26 1 26 3
2 29 2 32
23 6 26 6
15 18 15 19
1 25 1 32
22 21 22 23
26 24 27 24
6 6 6 10
5 11 8 11
35 17 37 17
14 35 17 35
23 10 23 12
7 17 7 21
13 13 14 13
12 1 18 1
7 21 15 21
12 17 17 17
11 8 11 11
37 23 37 24
7 15 7 17
1 35 7 35
32 26 32 28
30 3 36 3
9 17 12 17
29 15 29 16
9 4 9 6
3 27 3 29
9 31 9 33
14 32 18 32
3 17 3 18
6 12 9 12
25 3 26 3
6 17 7 17
34 17 35 17
18 13 18 14
19 15 19 17
35 31 35 32
7 35 7 36
11 11 11 15
14 3 18 3
20 32 21 32
9 33 9 37
6 12 6 17
18 1 20 1
7 30 7 31
19 10 19 14
8 11 11 11
14 32 14 35
29 10 32 10
14 15 15 15
9 25 9 27
24 13 24 19
