32
3 17 4 17
22 14 22 13
18 3 18 4
4 4 4 3
13 7 12 7
15 18 16 18
22 4 22 5
1 21 0 21
1 0 0 0
22 6 21 6
18 14 18 13
3 25 3 24
21 15 22 15
3 4 3 5
0 14 0 13
18 6 18 5
6 3 7 3
2 1 2 0
22 10 22 11
5 2 6 2
22 8 22 7
4 10 4 11
22 11 21 11
20 21 21 21
6 4 7 4
6 7 7 7
15 22 15 21
5 24 5 23
14 17 14 18
5 23 5 22
21 10 22 10
2 14 2 13
168
4 17 4 20
2 6 3 6
0 21 0 23
2 0 3 0
13 14 20 14
17 17 22 17
22 10 22 12
20 7 22 7
22 20 22 23
2 13 2 15
9 23 9 24
8 16 8 17
1 24 3 24
9 0 15 0
3 22 5 22
22 17 22 19
1 2 6 2
3 23 3 24
4 14 6 14
2 17 2 19
6 14 6 17
4 7 7 7
1 19 1 22
14 6 14 10
0 1 0 13
3 23 9 23
3 9 3 10
16 4 18 4
16 16 17 16
12 14 12 18
20 14 20 15
2 22 3 22
12 6 13 6
16 22 21 22
1 9 1 13
18 7 18 8
10 21 10 23
18 5 22 5
2 13 3 13
12 20 16 20
13 6 13 10
1 6 1 8
16 18 21 18
21 21 21 22
18 4 23 4
16 11 18 11
3 24 6 24
16 20 16 22
3 16 4 16
9 23 10 23
18 8 18 10
22 19 23 19
14 10 18 10
6 18 12 18
16 20 21 20
4 11 5 11
22 13 25 13
1 13 1 18
15 4 16 4
18 13 20 13
0 0 0 1
22 23 25 23
20 12 20 13
22 7 22 10
21 20 22 20
3 10 3 13
6 0 9 0
5 16 5 17
22 5 22 7
6 0 6 2
11 10 11 13
22 13 22 15
15 0 15 4
8 8 10 8
20 11 21 11
14 6 19 6
4 20 4 21
18 1 25 1
13 1 13 6
7 2 7 3
8 17 9 17
18 19 22 19
10 7 10 8
19 7 20 7
7 3 7 4
8 5 8 8
10 21 11 21
4 21 8 21
17 7 18 7
19 25 20 25
12 7 12 14
3 5 3 6
10 8 11 8
13 10 14 10
18 2 18 4
1 2 1 4
20 6 21 6
15 24 15 25
9 9 11 9
11 2 11 8
1 8 1 9
15 12 15 13
11 22 16 22
7 1 7 2
18 11 18 13
9 1 13 1
18 4 18 5
7 7 7 9
22 19 22 20
22 12 22 13
16 1 18 1
11 14 11 17
1 4 5 4
3 16 3 22
3 7 4 7
7 9 9 9
5 10 6 10
5 9 5 10
1 1 1 2
16 16 16 18
4 14 4 15
6 10 6 14
0 23 3 23
2 19 2 22
1 19 2 19
4 15 4 16
11 13 11 14
11 21 11 22
1 6 2 6
4 3 7 3
4 17 5 17
1 1 3 1
8 13 8 16
23 19 23 22
15 13 18 13
3 15 3 16
20 8 20 11
8 21 10 21
6 9 6 10
8 13 11 13
20 13 22 13
3 5 8 5
0 0 2 0
9 24 15 24
15 4 15 5
7 1 9 1
13 10 13 14
19 6 20 6
7 2 11 2
10 14 11 14
22 15 22 17
0 17 0 21
1 18 1 19
15 25 19 25
13 14 13 16
3 13 4 13
10 14 10 15
18 8 20 8
7 9 7 10
0 13 1 13
11 14 12 14
12 18 12 20
21 11 21 12
13 16 16 16
4 7 4 11
11 9 11 10
4 11 4 13
14 18 16 18
