309
33 32 32 32
22 1 22 2
22 14 21 14
20 15 21 15
22 15 22 16
32 0 33 0
11 34 12 34
21 4 21 3
23 4 23 5
15 4 14 4
0 11 1 11
20 32 21 32
7 18 8 18
34 5 34 4
32 28 31 28
31 31 30 31
1 12 2 12
24 4 23 4
34 32 33 32
21 15 22 15
16 19 16 18
9 28 9 27
2 12 3 12
26 24 26 25
8 11 9 11
2 22 1 22
5 26 6 26
25 15 25 14
7 1 8 1
11 33 11 34
4 34 3 34
26 1 27 1
27 15 27 14
25 9 24 9
19 25 20 25
22 15 22 14
25 24 26 24
6 33 6 32
16 15 15 15
10 33 11 33
29 1 29 0
5 19 5 18
9 9 8 9
32 33 32 34
15 19 15 20
5 29 4 29
23 20 24 20
16 16 16 15
23 18 23 17
33 28 34 28
7 21 7 20
6 10 7 10
25 25 25 24
20 33 20 32
21 18 22 18
31 19 31 18
17 30 16 30
7 15 7 16
18 3 18 2
2 9 2 10
32 7 32 8
23 21 23 20
11 28 11 29
10 15 9 15
18 15 18 16
33 33 32 33
4 13 5 13
34 18 33 18
16 3 15 3
32 17 31 17
21 33 21 34
8 2 9 2
8 33 7 33
5 16 5 15
16 22 16 21
6 11 5 11
21 27 22 27
1 31 1 32
30 24 31 24
34 4 33 4
5 22 4 22
10 16 10 17
8 1 8 2
9 16 10 16
4 6 4 5
8 15 8 16
22 29 23 29
11 16 12 16
19 34 19 33
2 10 2 11
32 33 31 33
22 24 23 24
32 27 32 28
33 32 33 33
27 1 27 2
23 2 24 2
6 32 5 32
33 0 34 0
20 26 19 26
30 27 31 27
22 18 22 17
20 13 20 14
34 6 34 5
12 28 12 27
19 15 19 14
23 7 24 7
25 21 26 21
26 8 27 8
7 33 6 33
26 18 26 19
10 20 9 20
15 3 15 4
32 32 32 33
10 34 10 33
31 2 31 1
27 2 28 2
2 30 3 30
5 20 4 20
27 8 27 9
20 7 21 7
8 32 7 32
25 14 26 14
32 8 32 9
12 17 11 17
6 33 6 32
20 16 21 16
26 23 27 23
2 11 2 12
31 32 32 32
16 12 15 12
22 33 22 32
17 32 17 33
23 5 22 5
21 8 22 8
1 32 2 32
20 14 20 15
9 34 10 34
21 32 21 31
4 23 3 23
9 5 9 4
32 32 33 32
5 6 4 6
32 11 32 10
7 34 7 33
6 19 6 20
4 5 4 4
1 16 2 16
15 4 15 5
4 27 5 27
23 1 23 2
5 13 5 12
18 20 18 19
4 24 4 23
34 5 33 5
32 33 32 32
0 26 1 26
17 3 17 2
24 6 23 6
4 19 5 19
26 24 26 23
28 3 29 3
20 20 20 21
27 26 27 25
6 13 6 12
15 12 15 11
34 22 34 23
9 33 9 34
24 29 24 28
34 27 33 27
26 33 26 34
24 2 25 2
15 33 15 34
32 15 32 14
18 17 19 17
8 18 9 18
17 33 17 34
3 27 4 27
7 33 8 33
24 21 24 22
1 8 0 8
4 20 4 19
9 6 8 6
21 29 21 28
10 21 10 20
21 16 21 15
6 16 5 16
28 22 28 23
16 33 17 33
2 31 3 31
23 6 23 7
17 21 17 22
33 25 33 26
25 5 25 4
20 0 19 0
0 30 0 31
0 31 1 31
24 9 24 8
4 19 4 20
30 31 30 30
33 33 32 33
11 27 11 28
10 3 11 3
2 4 3 4
9 2 10 2
28 20 28 21
14 4 15 4
5 0 5 1
13 6 13 7
34 10 34 11
3 26 2 26
26 16 26 15
1 26 1 25
25 19 25 20
27 23 27 24
25 10 24 10
29 22 30 22
4 23 5 23
32 34 31 34
4 32 4 31
29 7 29 6
22 31 23 31
6 26 6 27
33 34 33 33
24 7 24 6
18 21 19 21
0 18 0 17
26 11 26 10
21 15 21 16
11 3 12 3
6 21 7 21
19 26 18 26
30 10 31 10
18 8 18 9
19 33 20 33
27 12 27 11
2 32 3 32
9 20 9 19
10 19 11 19
25 4 26 4
18 5 18 4
26 14 26 13
9 7 10 7
1 9 2 9
7 2 6 2
23 24 22 24
19 0 19 1
28 25 29 25
3 32 3 33
1 23 1 24
27 19 27 18
17 34 18 34
10 27 10 28
27 24 26 24
22 27 22 28
26 10 26 9
15 6 14 6
7 16 6 16
10 2 10 3
1 22 1 23
15 32 15 31
33 21 33 20
7 13 7 12
8 25 7 25
6 6 6 7
8 4 8 5
17 4 17 5
10 3 9 3
23 2 24 2
24 18 23 18
12 32 12 33
23 9 23 8
2 9 2 10
17 31 17 30
33 32 34 32
2 1 2 2
4 25 4 24
14 3 15 3
23 14 23 13
23 7 23 6
22 8 22 9
22 2 23 2
26 30 27 30
26 19 27 19
4 24 4 25
21 9 21 10
6 27 6 26
4 10 3 10
10 28 10 27
5 27 5 28
28 21 29 21
20 30 21 30
5 12 4 12
3 31 3 32
20 10 20 11
24 28 25 28
2 24 3 24
23 8 23 7
27 0 26 0
8 7 8 8
29 33 29 32
13 5 14 5
25 3 24 3
2 20 1 20
24 0 23 0
20 21 20 20
20 31 20 30
29 27 30 27
2 19 3 19
32 14 32 13
189
7 21 12 21
25 28 31 28
0 25 0 33
1 11 1 18
20 6 20 11
22 9 26 9
3 33 3 34
8 33 10 33
22 7 22 9
19 4 23 4
24 8 28 8
6 8 6 9
12 33 17 33
0 1 0 4
0 4 0 8
27 10 28 10
6 18 9 18
8 2 8 3
1 11 5 11
32 28 34 28
22 6 22 7
33 33 34 33
30 23 34 23
0 23 1 23
0 23 0 25
28 33 30 33
2 12 3 12
25 26 28 26
23 2 24 2
3 22 3 23
17 27 20 27
33 8 34 8
20 25 20 27
12 24 12 27
34 12 34 23
19 1 24 1
4 28 4 29
12 27 17 27
18 32 19 32
12 21 12 24
23 18 27 18
24 5 24 6
23 3 23 4
3 23 3 24
22 26 25 26
14 5 14 6
2 29 2 34
6 31 6 32
22 6 23 6
26 23 28 23
28 23 30 23
28 2 28 8
5 1 5 4
23 6 23 7
24 25 26 25
8 28 11 28
8 9 8 16
15 14 15 15
24 6 24 8
23 4 26 4
31 27 31 28
25 2 28 2
33 26 33 27
10 11 15 11
5 32 6 32
28 23 28 26
27 19 30 19
15 11 15 14
31 28 31 33
6 7 6 8
12 16 18 16
5 16 5 18
2 29 4 29
30 22 30 23
3 23 5 23
17 25 20 25
32 13 32 19
20 6 22 6
31 27 33 27
16 15 20 15
34 8 34 11
34 11 34 12
6 5 8 5
18 16 18 19
20 18 20 20
2 2 3 2
34 0 34 8
34 23 34 28
10 33 11 33
28 8 28 10
5 4 5 8
5 28 8 28
3 2 3 4
12 1 12 3
5 19 9 19
1 23 2 23
12 16 12 21
17 30 17 33
24 1 30 1
5 1 12 1
14 5 15 5
3 12 4 12
8 31 8 33
20 25 24 25
20 15 23 15
5 16 6 16
30 19 32 19
22 19 23 19
20 23 20 25
26 13 28 13
12 3 15 3
22 26 22 28
28 13 32 13
23 4 23 6
3 33 8 33
19 3 19 4
10 16 12 16
19 32 20 32
9 18 9 19
1 29 2 29
30 33 31 33
19 21 26 21
22 28 22 32
20 18 23 18
10 7 10 11
26 9 26 13
6 5 6 7
5 28 5 32
8 3 8 5
26 21 26 23
20 17 20 18
31 24 31 27
28 8 30 8
5 8 5 11
1 18 5 18
7 31 8 31
23 19 27 19
2 23 3 23
19 18 20 18
15 3 19 3
24 2 24 3
15 5 15 11
5 19 5 23
17 27 17 30
34 32 34 33
4 16 5 16
23 33 28 33
6 30 6 31
32 9 32 10
14 34 15 34
9 17 9 18
21 2 23 2
10 12 10 16
20 27 20 29
30 8 33 8
31 33 32 33
4 12 6 12
8 5 14 5
32 10 32 13
4 27 4 28
13 34 14 34
19 18 19 21
29 9 32 9
6 9 6 12
14 19 18 19
3 32 5 32
6 16 8 16
2 34 3 34
8 8 8 9
11 33 12 33
5 23 5 28
4 4 5 4
33 8 33 13
20 33 23 33
19 1 19 3
22 14 27 14
20 15 20 17
16 21 19 21
3 4 4 4
24 2 25 2
22 9 22 14
34 28 34 32
20 32 22 32
23 28 25 28
15 15 16 15
17 33 20 33
2 0 2 2
8 16 10 16
31 10 32 10
