312
16 26 15 26
5 2 4 2
18 23 19 23
2 1 2 2
26 29 26 30
4 14 5 14
5 28 6 28
15 2 15 1
5 3 5 4
3 13 2 13
1 29 1 30
26 27 26 28
8 30 7 30
11 3 11 4
6 3 7 3
22 10 22 11
30 12 29 12
27 19 27 18
6 26 6 27
1 27 0 27
25 17 26 17
19 29 18 29
6 14 7 14
27 18 26 18
3 14 3 13
14 12 15 12
11 23 11 22
1 1 1 2
5 1 5 2
20 10 19 10
4 23 3 23
21 9 20 9
5 14 6 14
25 30 25 29
20 6 19 6
28 31 29 31
21 27 20 27
4 3 5 3
23 29 23 28
22 28 22 27
26 12 25 12
21 3 22 3
25 28 24 28
25 31 25 30
3 25 2 25
17 2 17 3
24 13 24 12
18 8 18 7
13 12 14 12
6 31 7 31
7 1 7 0
10 2 10 3
11 2 11 3
19 23 19 24
0 29 1 29
28 27 27 27
1 14 1 13
20 5 19 5
10 29 10 28
30 16 29 16
14 18 14 19
8 1 8 2
27 3 27 2
3 23 3 22
30 17 30 16
3 3 4 3
18 25 18 26
22 9 22 10
11 1 11 2
19 11 19 12
19 3 18 3
13 13 13 12
31 12 30 12
2 0 2 1
20 2 20 1
3 10 3 9
12 31 12 30
7 26 6 26
21 28 21 27
1 11 1 12
30 3 30 4
10 1 9 1
25 12 25 13
1 23 2 23
16 1 17 1
15 12 15 11
12 18 12 19
11 0 11 1
23 25 23 26
23 5 23 4
12 30 12 29
13 6 12 6
27 31 28 31
2 11 1 11
0 14 1 14
24 9 24 10
19 10 19 11
29 23 28 23
28 19 27 19
7 12 7 13
6 12 5 12
0 25 0 24
16 8 15 8
22 14 22 13
1 12 2 12
30 16 30 15
23 2 23 1
21 22 21 21
20 11 20 10
27 5 28 5
6 20 7 20
27 29 26 29
8 6 9 6
11 1 10 1
21 2 21 1
30 14 29 14
29 14 28 14
31 17 30 17
17 1 17 2
12 12 12 13
15 8 14 8
5 22 6 22
13 31 13 30
6 26 5 26
3 2 3 3
15 13 16 13
27 19 26 19
30 15 29 15
2 9 2 10
2 14 3 14
4 17 4 16
3 1 3 2
21 25 21 24
20 24 20 23
7 30 6 30
21 15 21 14
28 23 27 23
6 27 7 27
20 23 19 23
30 30 30 29
13 7 13 6
17 13 17 12
30 13 31 13
28 25 29 25
16 25 16 24
26 19 25 19
6 4 6 3
23 12 22 12
12 13 13 13
20 21 19 21
1 25 1 26
21 6 21 5
28 17 28 16
24 27 24 26
22 29 22 28
24 18 23 18
20 22 21 22
7 2 7 1
0 30 0 29
14 14 13 14
25 16 25 15
24 17 24 18
24 12 25 12
10 1 10 2
12 25 12 26
8 20 8 19
1 24 1 25
25 11 24 11
0 17 1 17
28 18 27 18
25 6 25 7
21 16 21 15
10 17 9 17
22 12 21 12
14 30 15 30
27 16 27 17
3 9 4 9
29 20 29 21
6 9 7 9
5 4 6 4
24 2 24 3
1 18 0 18
8 9 9 9
17 24 18 24
25 29 25 28
3 20 2 20
26 20 26 19
17 11 16 11
27 20 26 20
6 8 5 8
13 17 12 17
23 13 23 14
12 1 12 0
21 21 20 21
5 0 5 1
19 1 19 2
4 31 3 31
14 29 14 30
6 23 5 23
26 21 25 21
5 17 6 17
30 29 30 28
31 0 31 1
20 4 20 5
12 28 13 28
27 11 26 11
7 9 8 9
12 7 12 8
18 19 17 19
29 18 28 18
2 26 2 27
18 26 17 26
8 18 7 18
2 12 2 11
8 14 8 13
29 19 28 19
1 13 1 12
13 15 14 15
6 17 6 16
23 22 24 22
16 13 17 13
31 14 31 15
18 20 18 19
22 10 23 10
23 21 24 21
13 12 12 12
27 30 28 30
31 27 31 28
17 23 17 24
5 29 4 29
20 16 19 16
9 14 8 14
1 29 1 28
24 8 24 9
17 26 16 26
12 12 11 12
25 24 26 24
27 15 28 15
23 15 23 16
1 17 2 17
19 23 18 23
26 31 27 31
21 0 20 0
20 3 19 3
28 16 27 16
4 6 4 5
6 2 7 2
28 9 28 10
18 1 17 1
8 14 9 14
2 20 2 19
23 18 22 18
20 27 20 28
4 29 4 30
16 14 16 15
0 29 1 29
24 5 25 5
29 31 30 31
29 11 28 11
5 8 5 7
25 23 26 23
19 19 19 18
31 23 31 24
1 16 2 16
19 24 20 24
9 12 9 11
15 26 14 26
28 20 28 21
2 21 2 22
31 2 31 3
14 30 14 31
0 1 1 1
21 22 21 23
6 14 6 13
17 1 18 1
8 31 9 31
20 5 20 6
22 22 23 22
11 13 12 13
15 30 14 30
30 24 30 25
8 27 8 28
5 27 4 27
8 26 9 26
13 18 12 18
22 19 22 20
15 25 15 26
28 18 28 17
7 2 6 2
30 21 31 21
28 31 29 31
4 30 4 29
21 8 22 8
16 11 17 11
17 16 17 15
0 24 1 24
25 5 24 5
1 21 2 21
19 6 18 6
24 9 23 9
24 24 25 24
5 31 6 31
18 29 18 28
11 14 11 13
24 18 23 18
16 7 15 7
28 3 28 2
7 6 8 6
29 12 29 11
20 20 19 20
6 18 6 17
7 27 7 26
187
25 12 27 12
18 19 20 19
27 18 27 23
20 10 20 13
6 10 6 13
7 3 7 4
27 12 27 14
2 24 3 24
25 15 26 15
28 17 30 17
0 22 1 22
9 19 10 19
14 25 14 26
0 18 3 18
22 3 22 4
8 17 8 19
6 19 8 19
8 25 10 25
7 1 7 3
5 16 5 19
5 1 6 1
20 17 20 19
6 4 6 6
0 22 0 26
29 25 29 26
3 18 3 22
30 26 30 27
20 19 20 21
8 19 8 25
14 13 17 13
1 28 1 29
17 2 18 2
10 23 18 23
6 6 8 6
6 6 6 10
25 19 25 20
3 4 6 4
23 30 24 30
1 22 2 22
25 8 25 12
12 8 14 8
9 6 12 6
3 24 3 26
23 27 27 27
3 22 6 22
21 27 22 27
12 4 12 6
13 13 14 13
17 29 24 29
24 21 25 21
9 18 9 19
27 4 27 6
1 25 1 26
21 12 21 14
10 9 10 13
19 3 22 3
14 8 20 8
22 5 24 5
14 26 15 26
28 14 28 15
27 24 27 27
26 17 27 17
7 29 12 29
14 12 16 12
24 29 24 30
15 27 15 29
3 13 4 13
21 12 25 12
27 12 30 12
17 15 19 15
27 27 27 31
11 12 11 13
3 22 3 24
0 18 0 20
0 11 0 15
27 6 27 10
25 15 25 19
8 5 9 5
20 21 20 24
24 21 24 22
11 2 11 3
22 16 23 16
4 11 4 13
14 1 14 8
12 3 12 4
14 13 14 15
20 9 20 10
17 14 17 15
22 21 24 21
25 2 27 2
1 26 3 26
19 2 19 3
27 27 30 27
20 25 25 25
2 21 2 22
29 7 29 8
19 2 25 2
23 31 27 31
26 14 27 14
22 4 22 5
6 28 6 30
29 5 29 7
12 29 15 29
21 10 21 12
19 25 20 25
20 24 20 25
0 20 1 20
22 16 22 18
20 6 20 8
9 1 14 1
9 30 13 30
10 19 10 23
8 13 10 13
4 16 5 16
15 26 15 27
2 10 6 10
3 2 3 3
18 22 18 23
14 25 19 25
26 15 28 15
16 12 17 12
10 2 11 2
30 12 30 17
27 17 27 18
12 26 12 29
17 13 17 14
21 14 21 15
25 21 25 22
2 10 2 11
10 19 12 19
6 1 7 1
20 6 27 6
1 1 2 1
7 24 7 26
7 26 7 29
7 13 8 13
2 13 2 15
14 8 14 12
17 19 18 19
20 21 22 21
5 19 6 19
14 1 15 1
30 11 30 12
7 3 8 3
6 13 6 15
11 3 12 3
22 13 22 16
12 19 14 19
15 10 20 10
27 4 30 4
4 13 4 16
19 15 19 16
10 25 10 26
8 13 8 17
2 1 5 1
10 25 13 25
27 23 27 24
8 6 9 6
6 30 9 30
18 2 19 2
18 22 19 22
19 16 22 16
20 9 23 9
8 19 9 19
1 26 1 28
2 11 2 13
17 13 20 13
13 25 13 26
24 29 26 29
25 20 25 21
7 1 9 1
22 13 25 13
11 12 14 12
19 21 19 22
15 1 18 1
22 27 23 27
3 3 3 4
17 15 17 19
27 10 27 12
15 29 17 29
9 6 9 9
8 3 8 5
27 17 28 17
10 13 11 13
6 19 6 22
0 15 0 18
6 22 6 28
