135
16 12 16 11
15 12 16 12
10 6 10 5
16 1 15 1
10 13 11 13
4 14 5 14
4 5 3 5
9 6 10 6
14 9 13 9
16 2 16 1
4 6 5 6
8 6 9 6
10 14 10 13
10 15 10 14
5 6 5 7
5 5 5 6
9 15 10 15
13 1 13 0
4 15 4 14
3 12 4 12
14 12 15 12
7 6 8 6
6 5 5 5
10 0 11 0
4 4 4 5
9 16 9 15
14 1 13 1
13 12 14 12
0 0 1 0
13 11 13 12
2 9 3 9
16 15 15 15
2 0 3 0
14 11 13 11
14 8 14 9
0 1 0 0
4 12 5 12
7 7 7 6
12 2 11 2
12 3 12 2
14 10 14 11
2 1 2 0
13 8 14 8
7 5 6 5
14 9 14 10
10 16 9 16
10 15 10 16
4 3 4 4
4 13 4 12
11 15 10 15
6 7 7 7
4 1 4 0
6 8 6 7
7 8 6 8
13 9 13 8
0 2 0 1
12 4 12 3
0 3 0 2
4 2 4 3
15 2 16 2
4 14 4 13
17 15 16 15
0 4 0 3
15 9 14 9
12 5 12 4
8 5 7 5
3 14 4 14
3 15 3 14
2 10 2 9
17 16 17 15
15 1 15 2
15 8 15 9
11 4 10 4
16 1 15 1
7 7 7 8
4 16 4 15
13 10 13 9
11 14 11 15
5 16 4 16
6 7 7 7
13 11 13 10
3 10 2 10
6 16 5 16
3 16 3 15
12 11 13 11
16 2 16 1
16 8 15 8
10 1 10 0
4 10 3 10
5 2 4 2
11 11 12 11
5 10 4 10
5 1 4 1
2 16 3 16
10 14 11 14
6 15 6 16
11 10 11 11
16 7 16 8
5 0 5 1
12 10 11 10
6 14 6 15
13 5 12 5
1 16 2 16
12 9 12 10
9 14 10 14
9 15 9 14
6 10 5 10
6 11 6 10
7 11 6 11
10 15 9 15
1 15 1 16
11 9 12 9
16 3 16 2
14 2 14 1
5 14 6 14
0 12 1 12
10 14 10 15
6 6 6 7
9 14 10 14
11 10 11 9
5 1 5 2
8 11 7 11
1 4 0 4
12 10 11 10
16 14 15 14
6 1 5 1
1 1 2 1
12 11 12 10
5 6 4 6
16 16 17 16
12 4 11 4
4 12 3 12
1 5 1 4
16 13 16 14
1 2 1 1
165
7 6 7 7
0 15 2 15
10 15 10 16
17 16 17 17
1 6 2 6
13 17 14 17
9 1 12 1
1 4 2 4
3 15 4 15
13 7 13 8
15 3 17 3
5 8 5 9
10 3 10 4
13 9 14 9
0 6 1 6
13 16 13 17
3 3 4 3
15 10 16 10
5 3 6 3
15 7 17 7
6 0 6 2
13 15 13 16
5 8 6 8
15 0 16 0
16 9 16 10
2 10 3 10
7 7 8 7
3 6 3 7
12 9 13 9
0 7 0 8
10 6 10 7
1 1 1 3
1 3 1 4
10 4 11 4
10 7 10 8
0 9 1 9
15 6 15 7
13 0 14 0
1 12 2 12
9 13 9 15
9 3 10 3
6 3 6 4
14 13 14 14
1 13 1 14
17 3 17 4
7 12 7 13
9 0 9 1
3 0 3 1
11 13 12 13
2 10 2 11
12 10 12 12
15 0 15 1
11 16 12 16
5 15 6 15
13 11 14 11
8 8 9 8
9 12 9 13
8 12 9 12
3 3 3 4
0 11 0 13
3 4 3 5
13 13 13 14
4 15 5 15
8 8 8 9
12 13 13 13
14 15 15 15
6 15 7 15
9 13 10 13
0 0 1 0
3 12 3 13
7 15 8 15
14 10 15 10
8 0 8 1
16 8 17 8
11 17 12 17
6 2 6 3
4 0 6 0
8 7 9 7
9 17 10 17
8 17 9 17
14 10 14 11
12 14 12 15
17 15 17 16
12 15 13 15
6 8 7 8
1 9 2 9
15 15 16 15
5 7 5 8
14 12 14 13
13 8 13 9
5 16 6 16
3 0 4 0
4 2 4 3
4 5 4 6
10 13 11 13
2 1 3 1
17 14 17 15
0 11 1 11
16 15 16 17
15 8 15 9
2 9 2 10
17 0 17 1
6 2 7 2
3 5 4 5
15 1 15 2
11 2 11 3
11 4 13 4
8 3 9 3
12 12 12 13
2 4 3 4
15 9 15 10
7 8 8 8
2 16 2 17
7 1 8 1
1 8 1 9
14 0 14 1
3 15 3 16
9 3 9 5
7 5 9 5
1 7 1 8
1 14 2 14
9 1 9 2
1 4 1 6
4 6 7 6
9 2 9 3
1 12 1 13
16 9 17 9
13 2 13 3
1 0 1 1
5 13 5 15
10 16 10 17
14 8 15 8
16 11 17 11
8 15 9 15
1 11 2 11
11 3 12 3
7 5 7 6
14 11 14 12
14 14 14 15
15 5 15 6
13 2 15 2
6 4 6 5
10 16 11 16
12 15 12 16
13 3 13 4
3 13 4 13
15 2 15 3
13 6 13 7
13 15 14 15
3 16 3 17
1 3 2 3
9 7 10 7
8 10 8 12
7 4 7 5
2 15 3 15
7 1 7 2
2 12 3 12
14 6 15 6
4 8 5 8
0 5 0 6
14 11 15 11
12 9 12 10
13 4 13 6
15 7 15 8
1 6 1 7
