213
26 1 27 1
14 11 13 11
23 18 23 19
15 10 15 11
16 19 15 19
15 1 15 2
11 27 11 26
24 12 24 11
26 5 25 5
20 20 21 20
18 0 18 1
15 11 14 11
22 23 22 22
24 22 25 22
21 12 21 11
13 1 12 1
18 21 17 21
1 14 0 14
21 16 21 17
3 14 3 15
23 23 22 23
7 17 7 18
5 10 4 10
8 2 8 1
6 18 5 18
27 12 26 12
1 25 2 25
6 26 6 25
11 26 12 26
4 20 4 21
27 11 27 12
17 22 18 22
10 21 10 20
19 25 19 24
10 13 9 13
2 26 1 26
15 25 15 26
1 1 2 1
26 14 26 15
23 13 23 12
23 24 23 23
1 5 2 5
7 26 7 27
17 21 17 22
21 4 20 4
4 8 5 8
19 27 20 27
20 27 20 26
10 14 10 13
14 19 13 19
22 4 21 4
26 23 26 24
9 25 9 24
3 26 3 27
7 21 7 22
8 3 9 3
26 6 27 6
9 26 9 25
2 23 3 23
0 12 0 11
14 22 15 22
0 18 0 17
26 17 25 17
21 22 21 21
22 22 22 21
9 16 9 15
5 22 5 23
20 22 20 21
16 24 16 25
7 16 7 17
25 12 24 12
6 0 7 0
2 13 1 13
3 0 2 0
21 5 20 5
1 17 1 18
5 3 6 3
24 23 24 22
20 4 19 4
6 15 5 15
22 26 21 26
5 2 6 2
16 6 16 5
15 16 14 16
16 0 16 1
26 15 25 15
23 19 22 19
18 14 18 13
5 21 5 20
11 14 11 15
27 27 27 26
8 17 8 16
6 27 6 26
18 1 18 2
14 10 15 10
12 13 13 13
25 14 24 14
21 14 21 13
7 10 7 9
24 27 24 26
12 26 12 25
9 22 10 22
14 13 15 13
2 25 2 24
27 20 26 20
9 17 10 17
12 4 12 3
2 24 2 23
3 11 3 12
20 12 20 13
8 23 9 23
25 23 24 23
17 14 18 14
4 16 4 17
13 4 13 5
6 1 6 0
26 12 25 12
7 20 7 21
23 14 23 13
19 1 19 2
25 18 26 18
25 24 25 25
14 26 14 27
14 7 14 6
2 6 1 6
5 7 4 7
9 4 8 4
13 2 14 2
2 15 2 14
13 13 13 14
10 27 10 26
12 6 13 6
20 10 20 9
21 19 20 19
2 20 1 20
25 12 25 13
6 19 7 19
23 27 23 26
6 25 5 25
11 9 10 9
2 27 2 26
4 2 5 2
13 6 13 7
10 0 9 0
20 13 19 13
9 13 9 14
19 13 19 14
19 11 19 10
0 17 1 17
24 6 24 5
14 23 13 23
6 2 6 1
13 9 13 10
8 26 8 27
7 2 8 2
20 16 21 16
7 1 7 2
25 13 25 14
26 19 27 19
15 3 16 3
15 12 16 12
20 6 21 6
5 19 6 19
2 26 2 25
22 7 22 8
9 6 9 7
24 12 25 12
27 12 26 12
18 22 18 23
21 10 20 10
9 18 9 17
16 3 17 3
16 10 16 11
1 0 1 1
18 15 18 16
21 26 21 27
21 4 21 5
1 1 1 2
19 26 19 27
24 7 23 7
19 10 19 9
5 0 4 0
2 4 3 4
6 5 6 4
19 16 20 16
25 22 25 23
27 2 27 3
22 14 22 15
27 7 27 8
8 4 7 4
10 22 10 23
21 27 21 26
25 16 24 16
23 2 22 2
12 14 11 14
25 6 25 7
3 27 2 27
10 8 11 8
1 7 1 8
3 4 2 4
14 4 14 5
19 9 18 9
21 17 21 18
11 14 12 14
14 12 14 13
26 12 26 13
27 10 27 11
3 2 4 2
3 7 3 8
2 25 2 24
16 12 15 12
4 4 3 4
1 8 1 7
186
25 9 25 11
3 6 3 8
13 24 14 24
8 16 13 16
20 10 23 10
4 0 6 0
24 9 25 9
9 0 12 0
21 13 22 13
0 19 1 19
22 13 23 13
5 1 5 2
17 22 17 24
20 17 20 19
15 4 16 4
10 10 10 13
19 12 23 12
5 16 8 16
8 18 8 19
6 23 7 23
5 16 5 18
22 5 23 5
17 15 19 15
22 25 22 27
3 21 4 21
22 27 26 27
14 6 14 8
1 15 3 15
0 1 2 1
23 9 23 10
19 15 19 17
7 7 9 7
23 1 23 5
1 20 5 20
18 9 20 9
23 10 24 10
26 11 26 13
10 9 10 10
22 17 23 17
7 21 11 21
15 10 15 12
7 19 7 21
14 6 15 6
21 16 22 16
4 18 4 19
1 2 1 6
15 24 17 24
22 16 22 17
26 20 26 24
14 9 14 11
5 15 5 16
13 14 13 16
16 1 20 1
20 19 22 19
3 21 3 23
18 8 18 9
7 18 7 19
17 16 17 18
1 26 6 26
2 23 3 23
5 2 7 2
7 0 9 0
10 23 10 25
15 19 15 20
23 10 23 12
11 4 15 4
1 20 1 26
10 9 14 9
25 14 25 15
0 15 1 15
17 5 18 5
22 5 22 8
0 15 0 19
1 12 1 13
19 27 22 27
12 1 12 3
0 11 0 14
1 13 1 15
0 11 5 11
1 18 2 18
25 4 25 5
10 25 12 25
24 18 26 18
15 6 17 6
8 16 8 18
18 9 18 12
24 22 24 23
10 6 14 6
8 18 10 18
6 23 6 26
2 18 3 18
20 19 20 21
17 15 17 16
3 8 5 8
19 17 20 17
12 25 14 25
12 1 16 1
15 12 15 13
25 7 25 9
19 24 19 27
17 22 23 22
26 24 26 26
7 22 7 23
23 1 24 1
15 27 19 27
14 13 14 16
7 0 7 2
23 17 25 17
12 14 13 14
25 11 26 11
1 6 3 6
5 8 5 11
18 13 21 13
15 13 16 13
9 0 9 3
21 15 21 16
4 18 5 18
15 19 20 19
3 17 4 17
15 12 18 12
22 24 26 24
25 15 25 17
12 0 12 1
20 16 21 16
14 24 15 24
20 9 21 9
26 4 26 7
15 20 15 22
26 26 27 26
18 5 18 7
24 13 26 13
18 24 19 24
18 5 20 5
16 13 17 13
5 18 5 20
5 2 5 8
15 2 15 4
26 0 26 4
14 16 16 16
7 17 7 18
15 26 18 26
18 2 19 2
23 22 24 22
10 26 15 26
5 23 6 23
11 21 14 21
24 1 24 4
19 2 19 4
17 24 18 24
23 8 23 9
22 8 23 8
10 23 12 23
23 12 25 12
14 2 15 2
25 7 26 7
18 7 18 8
14 8 14 9
21 23 22 23
20 1 20 5
14 21 14 24
5 11 5 15
14 11 14 13
26 13 26 18
2 23 2 24
3 15 3 17
15 2 18 2
4 21 7 21
23 17 23 20
9 3 9 7
15 4 15 6
26 18 26 20
17 13 17 15
6 26 10 26
16 5 17 5
24 4 25 4
3 18 4 18
20 5 21 5
22 23 22 24
23 20 23 22
14 24 14 25
17 13 18 13
9 14 12 14
14 16 14 21
23 13 24 13
15 8 18 8
27 1 27 3
