55
2 24 3 24
17 1 17 2
7 20 7 21
14 7 14 8
19 18 20 18
24 29 24 28
8 14 9 14
4 7 4 6
11 14 10 14
3 29 3 28
5 9 5 10
4 13 3 13
10 18 10 17
21 28 21 27
9 7 9 6
0 20 1 20
0 11 0 10
17 0 17 1
8 10 9 10
14 26 15 26
29 5 28 5
19 3 19 2
17 10 16 10
4 16 4 17
7 29 6 29
26 18 27 18
7 26 6 26
19 8 19 7
9 26 9 27
13 17 13 18
16 23 15 23
16 22 16 21
11 28 10 28
25 22 25 21
12 22 11 22
7 11 7 10
8 1 9 1
17 2 18 2
8 13 8 12
17 19 16 19
28 19 29 19
15 26 15 25
27 4 28 4
7 14 8 14
18 23 19 23
16 12 16 11
8 19 8 18
23 22 22 22
29 12 29 11
27 18 27 19
28 10 29 10
12 4 11 4
23 10 24 10
29 22 28 22
23 26 23 27
145
16 21 19 21
14 0 18 0
15 1 16 1
20 26 20 28
16 17 16 19
23 8 23 11
7 7 7 8
16 10 16 11
22 21 22 22
20 18 20 21
11 18 13 18
13 18 13 19
10 28 12 28
3 13 3 18
7 8 13 8
7 13 7 16
10 14 10 17
6 29 17 29
15 14 20 14
7 8 7 10
5 10 7 10
5 13 6 13
28 4 28 5
20 21 22 21
16 8 16 10
28 8 28 11
12 23 15 23
29 25 29 26
20 14 20 16
20 6 20 8
23 11 23 17
3 24 5 24
11 22 15 22
0 4 0 6
14 28 20 28
14 25 14 28
7 10 9 10
16 17 19 17
22 21 25 21
4 6 5 6
9 14 10 14
9 2 9 3
15 20 15 22
29 19 29 20
18 8 20 8
7 7 17 7
6 18 8 18
11 2 11 4
8 12 8 14
1 23 1 27
9 6 11 6
5 6 5 10
22 26 29 26
14 20 15 20
3 7 3 11
28 5 28 8
3 18 3 24
8 22 10 22
6 12 6 13
20 8 23 8
20 28 24 28
20 8 20 14
12 12 19 12
12 16 20 16
3 11 3 13
5 6 6 6
0 10 1 10
15 22 15 23
6 22 8 22
20 26 21 26
26 7 26 8
3 4 3 7
10 12 12 12
29 20 29 25
24 4 28 4
11 18 11 22
4 17 5 17
6 26 11 26
24 28 26 28
0 4 3 4
10 27 10 28
15 25 16 25
21 26 22 26
15 24 15 25
27 19 29 19
15 20 17 20
3 4 11 4
16 21 16 25
1 10 1 20
26 8 28 8
28 11 29 11
9 11 15 11
19 26 20 26
10 17 10 22
18 0 18 2
2 0 2 1
19 17 19 21
11 4 11 6
3 18 6 18
9 1 9 2
7 12 8 12
6 21 6 22
13 5 28 5
16 8 18 8
14 8 16 8
18 2 19 2
12 13 14 13
11 2 18 2
2 1 9 1
8 18 8 21
7 23 12 23
19 2 22 2
12 23 12 28
17 29 18 29
9 11 9 14
17 7 19 7
20 21 20 26
6 21 7 21
6 22 6 26
12 28 14 28
6 27 6 29
5 17 10 17
0 6 0 10
9 10 9 11
10 17 16 17
12 12 12 13
13 1 15 1
23 8 26 8
6 27 9 27
3 11 8 11
9 2 11 2
11 6 20 6
10 12 10 14
0 29 6 29
7 6 9 6
19 21 19 23
22 13 22 21
8 11 8 12
3 24 3 26
6 13 7 13
9 27 10 27
27 14 27 19
20 16 20 18
12 10 16 10
5 13 5 17
