115
6 6 6 5
1 7 2 7
20 29 20 28
35 29 35 30
4 5 4 4
34 32 34 31
33 30 33 31
21 8 21 9
34 24 34 25
3 35 4 35
0 19 1 19
38 36 37 36
27 30 27 29
28 2 28 1
3 17 3 16
34 11 33 11
29 32 30 32
10 32 10 33
15 26 15 25
1 15 2 15
33 1 33 2
33 27 33 28
7 31 6 31
30 31 30 30
23 26 24 26
19 33 20 33
37 1 37 0
3 2 3 1
32 24 32 25
34 18 33 18
29 31 29 30
38 11 37 11
27 12 27 11
38 2 37 2
21 15 21 14
20 20 20 21
27 27 27 28
13 6 13 5
36 24 36 25
33 17 34 17
14 22 14 21
24 26 25 26
35 24 34 24
34 24 34 23
8 13 8 12
6 31 6 30
11 2 11 1
17 1 16 1
19 3 18 3
20 6 19 6
19 15 19 14
0 6 0 5
25 26 25 25
30 10 30 11
12 22 12 21
38 27 38 28
0 7 1 7
29 9 29 10
36 7 37 7
17 33 17 32
15 15 15 14
10 30 11 30
2 35 1 35
25 21 26 21
36 22 36 23
34 15 33 15
24 36 24 37
1 0 0 0
19 9 18 9
29 4 30 4
27 6 27 7
8 26 8 25
16 16 16 17
32 4 32 5
14 8 15 8
13 33 12 33
30 11 29 11
12 24 12 25
21 28 22 28
25 20 25 21
4 4 5 4
14 24 15 24
4 10 4 11
23 13 23 12
27 3 27 2
38 0 38 1
4 9 4 10
20 13 20 14
28 4 29 4
1 16 0 16
0 24 1 24
32 1 32 2
21 1 21 0
30 34 31 34
10 22 9 22
12 25 13 25
11 27 12 27
3 29 2 29
33 33 33 32
18 21 19 21
21 35 20 35
16 17 16 18
15 11 14 11
14 27 15 27
35 37 34 37
4 19 3 19
3 16 2 16
13 22 12 22
32 20 32 19
16 26 16 27
24 16 25 16
18 37 18 38
15 25 16 25
28 24 29 24
19 24 18 24
185
1 24 2 24
0 5 6 5
21 21 25 21
8 16 8 25
12 14 15 14
26 25 27 25
30 9 32 9
4 25 4 35
13 4 16 4
0 5 0 8
33 31 34 31
14 21 19 21
3 27 3 36
20 30 20 33
30 4 37 4
22 28 27 28
15 27 16 27
28 1 28 3
34 17 34 23
5 3 9 3
17 18 19 18
2 6 2 7
13 8 15 8
19 14 20 14
28 5 32 5
5 11 9 11
12 22 12 27
16 18 17 18
15 8 15 10
24 37 34 37
2 22 2 24
27 28 27 29
11 12 11 21
30 32 33 32
6 5 8 5
37 7 37 11
37 30 37 36
0 1 0 5
6 30 11 30
17 32 19 32
38 1 38 6
25 19 26 19
33 23 34 23
38 6 38 17
30 29 30 30
26 11 27 11
34 17 38 17
19 11 19 14
4 25 8 25
28 20 33 20
33 11 33 15
31 33 31 34
26 23 33 23
3 18 3 19
35 30 37 30
11 21 11 30
31 34 34 34
21 14 21 21
22 25 22 28
15 0 16 0
27 28 30 28
15 27 15 28
3 1 11 1
34 23 36 23
1 19 1 24
24 30 29 30
2 8 2 11
34 12 34 17
33 11 37 11
30 17 34 17
1 19 3 19
2 11 4 11
19 14 19 18
11 1 16 1
16 0 20 0
19 2 27 2
5 3 5 4
26 32 30 32
4 10 15 10
21 12 23 12
25 25 26 25
10 33 12 33
27 11 29 11
32 25 34 25
20 33 20 35
32 5 32 9
28 3 28 5
16 0 16 1
20 18 20 21
8 5 13 5
1 24 1 35
15 10 15 12
10 16 10 26
16 27 16 35
19 6 19 11
1 35 1 37
19 6 28 6
8 12 11 12
3 18 5 18
16 35 16 36
19 21 20 21
15 14 19 14
29 29 29 30
5 4 13 4
1 9 1 17
2 16 8 16
11 21 12 21
3 36 11 36
37 4 37 7
25 19 25 21
7 33 10 33
2 6 10 6
12 21 12 22
26 19 32 19
29 10 29 11
20 14 21 14
26 21 26 23
11 36 16 36
11 12 15 12
32 25 32 27
20 28 22 28
34 25 36 25
4 35 12 35
9 3 11 3
0 0 0 1
4 20 4 25
0 8 2 8
30 30 35 30
33 2 37 2
27 25 32 25
34 31 34 34
16 35 20 35
29 11 33 11
1 37 14 37
25 21 25 25
32 2 33 2
2 24 2 26
29 38 30 38
26 11 26 19
26 21 31 21
2 15 7 15
0 28 0 30
15 35 16 35
31 15 33 15
19 2 19 6
2 15 2 16
30 3 30 4
19 22 19 32
19 21 19 22
6 38 8 38
8 16 10 16
21 9 30 9
0 1 3 1
14 21 14 25
24 1 28 1
6 30 6 32
10 6 16 6
30 28 33 28
21 9 21 12
38 17 38 28
14 25 16 25
34 34 34 37
28 1 38 1
12 33 12 35
16 1 24 1
2 11 2 15
30 28 30 29
20 30 24 30
4 11 5 11
20 33 31 33
12 27 15 27
16 23 16 25
23 29 27 29
30 30 30 32
1 17 1 19
37 2 37 4
33 28 38 28
3 19 3 27
16 6 19 6
33 20 33 23
13 25 14 25
16 4 16 6
20 9 21 9
20 21 20 28
15 12 15 14
