121
7 16 7 15
11 7 12 7
4 13 3 13
6 16 7 16
14 9 15 9
2 13 1 13
15 0 16 0
11 8 11 7
8 3 8 2
1 18 0 18
12 6 12 5
9 13 8 13
6 4 6 5
14 10 14 9
9 12 9 13
13 6 12 6
15 7 15 8
1 7 1 8
16 5 16 4
15 1 15 0
8 4 8 3
5 16 6 16
13 10 14 10
18 3 17 3
13 4 12 4
3 13 2 13
4 6 4 5
9 3 9 2
16 7 15 7
5 6 4 6
1 17 1 18
1 1 0 1
3 14 3 13
10 8 11 8
14 1 15 1
5 5 5 6
13 3 13 4
1 8 2 8
5 17 5 16
10 9 10 8
4 0 5 0
0 8 1 8
10 3 9 3
2 14 3 14
11 9 10 9
18 2 17 2
13 12 12 12
3 14 4 14
1 14 2 14
1 13 1 14
10 4 10 3
9 7 10 7
18 1 18 2
10 12 9 12
3 15 3 14
5 18 5 17
17 2 17 1
18 2 17 2
4 5 5 5
13 11 13 10
1 4 2 4
16 1 16 2
3 16 3 15
14 11 13 11
0 9 0 8
7 5 7 4
5 4 6 4
6 18 5 18
17 7 16 7
17 4 18 4
1 2 1 1
3 10 4 10
1 12 1 13
4 16 3 16
0 10 0 9
15 11 14 11
15 17 16 17
6 17 6 18
5 0 5 1
5 3 5 4
17 5 16 5
16 11 15 11
4 4 4 5
3 1 4 1
11 10 11 9
7 4 8 4
14 14 14 15
13 2 12 2
13 14 14 14
3 4 4 4
1 8 1 9
5 17 6 17
13 5 13 6
9 11 10 11
17 13 17 12
6 3 7 3
18 12 18 13
2 4 3 4
8 13 7 13
10 5 10 4
1 16 1 17
4 17 4 16
2 1 3 1
1 10 0 10
3 17 4 17
12 3 13 3
12 5 13 5
2 5 2 4
12 6 12 5
2 17 3 17
11 12 10 12
6 9 6 10
5 9 6 9
17 16 17 15
12 7 12 6
13 1 14 1
9 16 9 15
2 12 1 12
11 7 12 7
5 16 5 17
9 17 9 16
179
9 3 10 3
11 6 11 8
9 13 9 14
14 0 14 1
10 10 10 11
1 1 1 3
2 2 2 3
3 6 4 6
4 1 4 2
15 16 15 18
8 12 8 14
13 4 13 5
9 13 10 13
3 0 3 1
18 10 18 11
5 7 6 7
9 9 10 9
1 1 3 1
16 13 16 14
9 6 9 8
11 4 11 5
16 13 18 13
14 10 15 10
15 14 16 14
9 15 11 15
7 10 7 13
2 7 2 8
17 17 18 17
12 9 12 10
11 5 12 5
8 1 9 1
7 6 8 6
9 14 9 15
7 7 7 8
14 7 14 8
1 3 1 5
16 10 16 13
12 0 12 1
9 8 9 9
11 0 12 0
15 4 15 5
12 15 13 15
13 6 14 6
2 8 4 8
11 8 11 9
17 6 17 8
2 3 3 3
3 3 3 4
3 11 3 12
6 10 7 10
12 18 13 18
10 11 10 12
0 2 0 3
17 3 17 6
2 15 2 16
2 16 2 18
14 18 15 18
5 15 6 15
4 18 5 18
13 11 14 11
8 14 9 14
15 10 16 10
16 8 17 8
0 12 0 13
16 9 16 10
2 14 3 14
14 8 14 9
5 1 8 1
9 1 9 2
10 12 10 13
6 7 7 7
3 18 4 18
4 4 5 4
4 14 4 15
4 2 4 3
10 10 12 10
4 3 7 3
1 11 1 12
14 9 15 9
12 8 13 8
5 15 5 17
3 13 3 14
8 3 9 3
13 10 14 10
5 4 5 5
0 12 1 12
6 14 7 14
15 7 15 8
16 15 17 15
15 2 15 3
13 9 14 9
3 4 4 4
12 4 13 4
8 8 9 8
10 3 11 3
8 1 8 2
4 12 4 14
6 14 6 15
1 5 1 6
13 0 13 3
5 6 5 7
12 10 13 10
0 16 2 16
13 17 13 18
17 2 17 3
3 12 3 13
8 0 8 1
5 7 5 8
8 9 9 9
13 11 13 15
16 8 16 9
11 8 12 8
12 5 12 6
13 4 14 4
3 1 4 1
16 14 16 15
2 18 3 18
8 18 9 18
4 14 5 14
4 16 4 17
13 18 14 18
13 0 14 0
9 5 9 6
12 11 13 11
0 16 0 17
17 0 17 1
15 14 15 15
9 1 11 1
4 15 4 16
4 8 5 8
1 6 1 9
14 6 14 7
14 1 15 1
11 0 11 1
1 12 3 12
4 8 4 10
5 5 5 6
7 8 8 8
15 8 15 9
3 16 4 16
1 11 2 11
15 3 15 4
5 11 5 12
4 12 5 12
9 18 10 18
15 1 15 2
8 17 8 18
9 5 11 5
3 0 6 0
13 15 14 15
13 8 13 9
15 1 17 1
2 14 2 15
16 6 17 6
7 10 8 10
7 3 7 6
5 5 6 5
1 9 1 11
5 8 5 11
15 6 15 7
6 6 7 6
8 6 8 7
5 17 5 18
11 3 13 3
3 5 3 6
18 11 18 13
10 9 10 10
0 9 1 9
1 5 3 5
7 9 7 10
15 15 15 16
3 9 3 11
6 9 7 9
7 3 8 3
7 13 7 14
0 3 1 3
15 7 16 7
11 4 12 4
15 5 15 6
