308
9 15 8 15
16 12 16 13
9 1 8 1
26 16 26 17
2 26 2 25
9 9 9 10
7 4 6 4
19 6 19 5
8 16 9 16
25 15 24 15
26 27 25 27
22 9 22 8
25 12 26 12
12 25 12 26
27 24 26 24
2 18 2 19
6 25 6 24
1 1 2 1
13 19 13 20
22 20 22 21
16 13 15 13
6 11 7 11
28 16 27 16
5 26 5 27
19 26 20 26
22 22 21 22
26 15 25 15
24 23 24 22
26 9 26 10
3 1 3 0
22 0 22 1
9 13 9 12
12 3 11 3
19 2 19 3
5 18 5 17
3 3 4 3
7 10 8 10
25 21 25 20
8 6 9 6
26 8 26 9
3 25 3 26
24 8 23 8
7 6 6 6
5 25 5 26
8 13 9 13
18 1 19 1
12 2 12 1
6 1 5 1
4 27 4 26
8 7 8 6
24 16 23 16
2 17 3 17
10 1 9 1
25 2 25 1
27 26 28 26
5 3 5 4
2 1 2 2
5 22 4 22
10 12 10 11
27 16 26 16
18 26 18 27
26 12 26 13
27 12 26 12
14 19 13 19
14 9 13 9
7 1 6 1
8 10 8 9
20 26 20 27
25 26 24 26
22 19 22 20
16 11 15 11
26 12 25 12
14 10 14 9
21 3 21 2
5 28 6 28
13 28 14 28
6 26 6 25
26 26 26 27
11 2 12 2
16 9 16 8
22 20 21 20
19 27 19 26
6 18 5 18
23 0 23 1
9 19 9 18
15 1 16 1
4 3 5 3
23 10 23 11
9 3 9 4
27 25 27 26
17 19 17 20
4 15 3 15
11 18 10 18
3 4 4 4
2 11 1 11
17 17 17 16
5 27 5 28
5 2 6 2
6 15 6 14
0 0 0 1
9 10 8 10
10 20 9 20
8 10 7 10
26 22 27 22
13 2 13 1
19 22 19 21
10 2 10 1
27 8 26 8
19 15 19 16
25 6 24 6
14 26 13 26
7 7 8 7
23 19 22 19
7 13 8 13
25 3 25 4
15 12 16 12
8 4 7 4
2 14 3 14
12 10 13 10
26 11 26 12
8 1 8 0
27 26 26 26
4 5 4 6
18 17 17 17
7 5 7 6
26 14 26 15
18 2 19 2
14 27 13 27
16 20 16 19
18 5 18 4
12 17 12 18
20 8 21 8
3 5 3 4
27 27 27 26
2 22 1 22
6 1 6 0
23 11 24 11
26 8 25 8
24 26 24 27
5 24 5 25
2 5 3 5
6 20 6 21
26 13 26 14
13 4 14 4
24 10 23 10
13 10 13 11
7 10 7 9
24 21 25 21
19 10 20 10
7 11 7 10
8 28 8 27
26 12 27 12
23 1 23 2
7 27 6 27
7 9 7 8
9 28 9 27
4 9 3 9
17 7 16 7
26 3 25 3
14 28 14 27
15 16 15 17
11 11 11 10
26 27 27 27
3 4 3 3
3 26 2 26
8 15 8 16
1 14 2 14
11 13 10 13
25 22 26 22
10 11 11 11
17 1 18 1
2 14 2 13
10 18 10 17
20 3 21 3
14 4 15 4
12 4 13 4
14 18 14 17
24 22 24 21
20 18 20 17
14 0 13 0
28 17 27 17
11 16 12 16
2 2 2 3
21 16 21 17
25 21 25 22
27 15 27 16
4 24 4 23
19 17 18 17
4 13 5 13
19 4 20 4
15 2 15 3
2 25 3 25
24 12 24 13
19 26 20 26
10 9 10 10
2 7 1 7
7 2 8 2
12 16 12 17
9 7 10 7
23 9 22 9
17 14 18 14
18 15 17 15
13 21 13 22
15 7 14 7
6 2 7 2
14 1 15 1
4 25 4 24
22 19 22 20
14 24 13 24
20 12 21 12
26 15 27 15
25 23 25 24
19 7 19 6
18 10 18 11
19 18 20 18
23 16 22 16
7 24 7 23
4 14 4 15
19 5 18 5
28 21 28 20
17 6 17 7
21 15 20 15
27 16 28 16
8 11 9 11
9 14 9 15
1 18 2 18
6 5 7 5
19 3 19 4
15 20 16 20
23 20 23 19
13 15 13 14
4 22 3 22
2 9 1 9
20 11 20 12
16 7 15 7
18 27 19 27
10 8 9 8
16 10 17 10
26 14 26 13
4 15 4 16
17 2 17 1
26 28 26 27
12 19 12 20
25 12 24 12
23 27 23 28
27 15 27 16
4 11 5 11
17 24 16 24
26 16 25 16
5 9 5 8
7 22 6 22
6 6 6 5
25 1 24 1
0 14 0 13
7 20 6 20
17 28 16 28
24 12 25 12
26 17 26 16
3 18 4 18
18 14 18 13
24 13 25 13
4 19 4 20
15 13 15 12
13 9 13 8
5 8 6 8
3 27 3 26
18 18 19 18
0 15 0 14
23 14 24 14
23 5 23 4
15 0 14 0
22 11 22 12
2 6 2 7
19 18 18 18
28 7 27 7
18 17 18 16
16 12 16 11
11 4 10 4
19 27 18 27
0 28 0 27
12 15 12 14
22 1 23 1
10 6 10 5
6 13 6 12
14 15 13 15
5 14 4 14
3 26 3 27
20 13 19 13
20 12 20 13
13 19 12 19
18 27 19 27
18 16 18 15
24 25 23 25
3 12 3 13
13 5 12 5
25 25 24 25
14 12 14 13
17 20 17 21
26 27 26 28
0 3 1 3
7 2 6 2
8 7 9 7
3 27 3 26
16 2 17 2
23 15 23 16
9 16 9 17
24 11 24 12
24 12 24 13
191
17 10 20 10
3 14 3 15
11 10 17 10
25 22 25 24
12 14 12 17
17 10 17 11
5 12 6 12
14 27 15 27
18 4 19 4
2 27 6 27
23 2 26 2
7 12 7 14
20 9 21 9
9 15 10 15
4 10 4 12
24 24 25 24
2 20 2 26
18 1 18 3
13 25 14 25
20 26 21 26
12 2 12 5
12 6 12 7
5 12 5 13
9 13 9 15
25 5 26 5
24 19 24 20
23 2 23 3
9 1 9 2
6 28 15 28
21 22 25 22
7 10 10 10
7 6 7 8
23 8 25 8
19 4 19 6
8 2 8 3
25 8 28 8
16 0 17 0
22 21 23 21
25 11 25 12
13 12 15 12
6 20 9 20
4 8 6 8
17 23 17 25
22 13 22 15
5 1 9 1
2 26 2 27
12 18 13 18
2 18 4 18
26 26 26 28
2 15 2 18
21 26 26 26
17 7 20 7
9 18 9 20
3 25 5 25
15 17 15 18
17 25 17 26
25 15 25 16
25 5 25 8
6 10 7 10
17 26 17 27
23 16 25 16
20 13 21 13
2 19 2 20
2 12 2 13
6 25 13 25
15 8 16 8
12 2 14 2
8 5 8 6
19 16 19 19
14 8 15 8
19 16 20 16
9 7 9 8
17 22 20 22
14 23 17 23
3 3 3 5
2 28 3 28
25 20 25 22
0 1 5 1
9 2 12 2
10 7 10 10
20 7 24 7
16 3 16 8
27 20 27 22
15 12 15 14
10 10 11 10
23 8 23 10
13 0 14 0
26 28 27 28
9 18 12 18
27 16 28 16
5 23 5 25
14 25 14 27
25 10 26 10
5 1 5 3
24 20 25 20
2 7 2 12
7 6 8 6
16 1 16 3
5 18 5 19
1 27 2 27
1 3 2 3
18 25 20 25
2 27 2 28
16 15 16 17
25 14 25 15
22 3 23 3
0 13 0 14
25 12 25 13
11 21 14 21
25 20 27 20
4 12 5 12
0 13 2 13
12 7 13 7
20 10 20 13
23 10 23 16
2 13 2 15
25 13 25 14
20 7 20 9
21 3 22 3
26 10 28 10
22 16 22 20
4 8 4 10
20 9 20 10
16 17 17 17
3 3 5 3
20 22 20 25
14 0 14 2
10 7 12 7
10 10 10 13
28 15 28 16
6 8 7 8
14 0 16 0
18 3 21 3
16 11 16 15
2 3 2 7
9 15 9 17
9 13 10 13
18 3 18 4
8 3 10 3
17 26 20 26
15 18 15 19
12 5 12 6
7 14 8 14
8 3 8 5
26 2 26 5
26 24 26 25
16 11 17 11
17 1 17 2
26 10 26 13
20 16 22 16
9 17 9 18
14 23 14 25
6 27 6 28
12 17 14 17
17 0 24 0
21 20 21 22
2 19 3 19
9 7 10 7
17 17 17 18
20 22 21 22
5 19 5 23
20 13 20 14
5 15 9 15
14 17 14 21
15 19 16 19
4 18 5 18
5 25 6 25
17 0 17 1
22 16 23 16
22 20 22 21
15 14 15 17
26 25 26 26
26 13 26 16
6 12 7 12
19 13 20 13
26 16 26 18
14 17 15 17
28 16 28 20
22 15 22 16
16 3 18 3
2 12 4 12
3 14 4 14
5 0 5 1
23 21 24 21
14 21 14 23
16 18 17 18
26 16 27 16
27 20 28 20
12 18 12 19
3 15 5 15
16 19 19 19
