108
6 3 5 3
8 10 9 10
9 33 9 34
34 32 34 31
7 30 7 31
9 8 8 8
34 17 33 17
34 12 33 12
25 31 25 30
1 13 2 13
9 5 10 5
32 5 32 4
3 9 2 9
10 13 10 14
13 18 13 19
8 11 8 10
17 12 16 12
2 21 3 21
17 17 17 16
1 20 2 20
1 14 0 14
5 29 6 29
10 33 9 33
1 19 2 19
31 20 30 20
3 19 3 20
2 33 3 33
22 3 22 4
0 25 1 25
0 0 1 0
29 17 30 17
21 24 21 23
33 5 32 5
1 8 1 7
5 31 6 31
17 7 18 7
30 0 30 1
12 21 13 21
31 16 30 16
23 0 23 1
23 20 23 21
33 21 33 20
11 24 11 25
1 28 1 29
1 22 2 22
2 10 2 11
16 28 16 27
32 20 31 20
31 0 32 0
32 34 32 33
5 3 5 4
10 18 9 18
34 31 33 31
32 5 32 6
1 9 1 8
22 8 22 7
1 10 1 9
0 3 1 3
1 8 2 8
11 25 10 25
1 3 2 3
13 16 12 16
30 3 31 3
17 16 16 16
25 21 25 22
19 6 18 6
15 13 15 14
19 21 19 20
20 8 21 8
24 16 25 16
17 14 17 15
14 9 14 10
25 16 25 17
22 4 21 4
19 27 19 26
31 20 31 21
10 25 9 25
0 15 1 15
31 25 31 24
25 9 25 8
13 0 13 1
3 30 3 29
25 22 25 23
25 26 25 25
33 31 33 30
24 5 24 6
15 0 15 1
33 10 33 11
14 5 14 6
7 16 7 15
14 15 14 14
32 16 32 17
6 0 6 1
30 1 30 2
31 2 31 1
30 17 31 17
21 6 21 5
7 12 7 13
21 23 22 23
6 29 6 30
27 16 27 15
17 13 17 12
14 24 15 24
15 31 15 32
26 34 25 34
27 25 27 26
16 27 15 27
28 29 28 28
192
9 31 9 33
31 21 34 21
31 19 31 21
21 8 23 8
5 11 5 12
3 4 5 4
34 9 34 21
23 21 26 21
12 16 14 16
12 15 12 16
17 12 17 15
19 24 19 26
28 21 29 21
27 23 27 26
14 1 15 1
9 4 9 9
32 33 34 33
7 31 7 34
9 34 19 34
27 12 27 15
31 6 32 6
16 9 16 11
17 15 17 19
6 30 6 31
21 5 30 5
1 0 5 0
19 32 19 34
4 15 7 15
21 5 21 8
2 3 7 3
8 12 8 21
0 6 0 9
15 19 15 20
23 3 31 3
31 17 31 19
15 1 15 3
18 30 25 30
8 10 9 10
30 26 31 26
5 12 8 12
2 9 2 11
32 1 33 1
15 20 15 24
30 25 30 26
0 29 1 29
5 34 7 34
25 23 27 23
11 27 12 27
28 21 28 24
1 9 2 9
9 22 9 25
7 1 7 3
6 30 10 30
18 21 23 21
15 19 17 19
10 31 12 31
25 30 31 30
33 1 33 3
34 7 34 9
3 33 3 34
9 18 9 22
28 1 31 1
13 28 17 28
24 18 25 18
31 33 32 33
2 3 2 8
26 21 28 21
14 32 15 32
25 23 25 24
1 9 1 15
6 31 6 33
15 24 19 24
23 21 23 24
29 21 31 21
12 28 13 28
31 15 31 17
11 22 11 27
7 1 12 1
31 26 31 30
14 14 15 14
15 6 15 9
21 4 21 5
10 5 16 5
26 4 30 4
19 4 21 4
15 32 17 32
12 28 12 31
5 16 5 20
3 20 3 21
1 29 1 31
1 15 1 25
25 17 25 18
7 31 9 31
30 4 30 5
12 27 15 27
1 0 1 7
11 4 18 4
13 1 14 1
3 21 8 21
12 16 12 27
10 14 14 14
12 1 13 1
33 11 33 12
18 26 19 26
2 19 4 19
20 11 20 12
10 27 11 27
30 26 30 29
3 20 5 20
2 20 2 22
33 12 33 17
4 12 5 12
2 8 3 8
2 22 9 22
5 0 10 0
5 28 5 30
3 25 3 27
5 4 9 4
13 19 15 19
16 5 17 5
2 19 2 20
15 9 15 14
1 29 3 29
32 1 32 4
32 14 32 17
15 15 17 15
27 12 28 12
25 17 27 17
18 19 29 19
4 28 5 28
34 21 34 28
15 9 16 9
23 8 25 8
14 16 16 16
33 3 33 9
19 0 25 0
19 34 25 34
10 30 10 31
29 21 29 28
9 10 9 18
9 25 9 28
19 0 19 4
23 8 23 12
28 24 28 26
10 0 19 0
3 25 5 25
17 9 17 12
22 18 24 18
3 8 3 10
17 32 19 32
31 30 33 30
31 6 31 11
9 28 12 28
4 15 4 19
3 34 5 34
34 28 34 33
32 17 33 17
25 0 32 0
5 30 5 34
17 15 27 15
17 19 18 19
9 9 15 9
4 10 8 10
31 3 31 6
19 26 27 26
32 0 32 1
18 4 19 4
31 11 33 11
17 28 17 32
25 30 25 34
14 14 14 16
5 25 9 25
0 9 0 11
1 25 1 29
20 24 23 24
31 1 31 3
2 13 2 19
3 10 4 10
27 17 31 17
23 3 23 4
18 26 18 30
28 12 33 12
17 12 20 12
33 9 34 9
17 5 17 9
3 29 3 33
18 4 18 6
1 7 1 9
23 24 23 25
2 11 5 11
9 4 11 4
15 20 19 20
