304
5 31 6 31
4 13 4 12
28 16 28 17
8 16 7 16
9 25 9 26
29 5 29 4
0 22 1 22
23 1 23 0
27 13 26 13
3 7 3 8
16 18 16 19
6 8 6 7
14 0 14 1
8 25 8 24
25 15 26 15
4 8 5 8
30 5 29 5
22 31 23 31
19 6 20 6
29 21 28 21
28 17 29 17
7 29 8 29
12 1 12 0
13 16 12 16
5 18 5 17
6 29 6 28
5 8 6 8
12 31 12 30
8 2 9 2
30 21 29 21
7 31 7 30
28 6 27 6
20 8 20 9
1 18 0 18
23 30 24 30
8 17 8 16
1 23 1 24
3 13 4 13
5 27 5 26
31 27 30 27
17 25 18 25
28 18 28 19
2 24 2 25
30 18 30 17
10 29 10 30
22 17 23 17
3 22 3 23
28 21 28 20
6 13 6 14
15 4 16 4
6 1 5 1
8 31 7 31
3 14 2 14
16 14 17 14
30 19 30 18
0 0 0 1
13 29 14 29
18 0 19 0
9 31 9 30
2 21 3 21
28 25 28 26
29 21 28 21
5 30 4 30
12 3 11 3
4 30 3 30
25 29 24 29
12 10 13 10
1 24 1 25
28 13 27 13
13 27 14 27
29 18 28 18
14 16 13 16
19 18 18 18
10 25 10 24
27 8 28 8
16 1 17 1
7 12 7 13
18 12 17 12
17 24 17 25
27 1 26 1
11 4 12 4
15 23 16 23
7 23 7 22
24 3 24 4
23 15 24 15
24 4 25 4
6 30 5 30
28 5 28 6
27 14 26 14
15 17 16 17
16 31 16 30
0 24 1 24
5 25 4 25
16 22 17 22
29 5 28 5
11 28 11 29
15 25 16 25
8 29 8 28
13 16 13 15
1 2 1 3
1 21 2 21
27 12 28 12
5 7 5 8
1 16 1 17
20 9 19 9
8 16 8 15
21 14 20 14
4 3 4 2
23 31 23 30
6 31 6 30
5 30 5 31
27 16 28 16
18 9 18 10
1 24 2 24
7 2 8 2
15 8 16 8
20 11 20 10
5 6 5 7
24 5 25 5
20 14 19 14
19 26 18 26
8 12 9 12
23 30 23 29
0 2 1 2
16 19 16 20
1 25 0 25
5 3 5 2
6 30 6 29
24 12 25 12
25 3 25 2
7 13 8 13
12 25 13 25
15 15 15 16
21 22 22 22
31 5 30 5
28 18 28 17
26 15 27 15
29 0 28 0
6 20 6 19
21 10 21 9
23 27 23 26
4 29 4 30
24 6 25 6
30 27 29 27
17 29 18 29
0 3 0 2
24 25 23 25
29 6 29 5
4 13 5 13
17 10 17 9
14 25 15 25
30 18 29 18
17 15 17 16
10 31 9 31
27 30 27 29
7 20 7 21
10 14 9 14
6 21 6 20
17 23 17 24
23 9 22 9
4 4 4 3
1 20 0 20
29 20 29 21
22 30 22 29
22 1 22 2
4 3 3 3
28 5 27 5
29 21 30 21
12 30 11 30
30 4 31 4
9 2 9 1
25 14 25 15
5 9 4 9
14 8 14 9
22 18 21 18
28 0 27 0
28 30 28 29
10 30 10 31
1 0 0 0
14 15 14 16
19 0 19 1
22 19 22 18
13 31 13 30
11 5 11 4
7 1 6 1
16 20 16 21
16 27 17 27
0 31 1 31
30 21 30 22
25 26 26 26
25 15 26 15
15 25 15 24
12 13 11 13
2 31 2 30
23 8 24 8
20 27 19 27
22 22 22 23
2 3 2 4
8 30 8 31
26 10 27 10
11 9 11 10
8 24 9 24
1 1 1 0
24 27 25 27
1 15 0 15
11 15 12 15
10 20 10 19
11 20 12 20
11 1 12 1
25 17 24 17
10 9 10 8
0 1 1 1
3 29 2 29
14 14 14 13
12 2 12 3
4 16 4 17
6 2 7 2
22 26 22 25
30 5 30 6
4 2 3 2
17 12 17 13
30 11 29 11
15 11 15 12
10 22 11 22
6 20 7 20
5 29 4 29
29 12 30 12
16 29 15 29
25 18 26 18
17 24 17 23
23 14 23 15
6 9 7 9
19 2 19 3
4 29 4 28
0 2 0 1
29 23 30 23
12 0 11 0
17 31 16 31
27 21 27 22
14 28 15 28
28 3 28 4
22 23 22 24
12 17 12 18
20 28 21 28
20 16 20 15
19 14 19 13
7 21 6 21
6 7 7 7
22 2 23 2
4 17 4 18
24 20 24 21
27 18 27 17
20 4 21 4
14 2 14 3
22 6 22 7
8 21 8 20
19 1 19 2
16 10 15 10
30 16 31 16
6 10 6 9
11 3 10 3
29 27 29 26
31 21 31 22
11 4 10 4
5 7 4 7
19 2 19 1
9 28 10 28
3 2 4 2
22 24 22 23
9 15 10 15
31 9 30 9
14 29 14 28
20 26 19 26
31 22 31 21
22 25 22 26
12 27 11 27
10 4 11 4
27 3 26 3
9 1 9 0
9 10 10 10
0 16 1 16
30 3 30 4
13 7 13 8
18 14 18 15
29 8 29 9
4 2 4 1
20 29 19 29
22 16 22 17
30 6 30 5
24 17 24 16
21 16 20 16
2 18 2 19
14 3 14 2
21 2 20 2
18 24 17 24
29 7 29 8
6 12 7 12
29 26 29 27
28 6 28 5
26 23 25 23
5 0 4 0
13 28 13 29
11 10 12 10
5 4 4 4
195
19 26 21 26
13 24 15 24
30 2 30 4
13 23 13 24
15 22 15 24
23 18 26 18
27 6 27 10
29 19 31 19
30 10 31 10
2 24 3 24
4 7 7 7
18 30 24 30
12 12 12 14
5 21 6 21
5 28 6 28
10 5 10 8
19 9 21 9
3 23 8 23
16 30 17 30
5 13 5 16
17 9 19 9
16 21 16 23
30 8 30 9
22 29 23 29
2 25 3 25
3 27 7 27
19 19 23 19
3 23 3 24
24 29 24 30
1 26 3 26
29 2 30 2
27 20 28 20
11 0 17 0
30 4 30 5
3 3 6 3
27 10 27 13
26 2 27 2
2 14 4 14
23 0 27 0
19 1 19 3
2 24 2 25
16 9 17 9
23 17 23 18
19 16 19 19
20 23 22 23
12 3 12 4
6 28 6 29
15 26 15 27
18 26 19 26
28 20 28 21
29 27 29 30
8 2 8 7
17 1 19 1
14 11 16 11
3 15 4 15
13 25 13 29
5 13 8 13
10 23 13 23
10 0 11 0
23 18 23 19
17 0 17 1
1 3 1 4
16 3 19 3
5 17 5 20
27 0 27 2
1 4 2 4
21 1 24 1
5 17 10 17
18 26 18 29
19 3 21 3
3 21 3 23
0 1 1 1
10 5 12 5
7 25 7 27
8 15 10 15
10 12 12 12
15 24 17 24
21 9 22 9
8 20 8 23
3 17 5 17
1 26 1 31
12 5 14 5
15 16 17 16
24 30 29 30
27 5 27 6
23 26 23 29
20 16 24 16
30 9 30 10
28 19 29 19
29 16 31 16
30 10 30 12
3 0 4 0
16 4 16 6
27 2 27 5
11 29 11 30
23 26 26 26
26 14 26 15
12 20 13 20
17 0 23 0
17 28 17 30
15 21 16 21
22 26 23 26
8 13 8 15
7 4 7 7
23 17 27 17
3 0 3 1
4 14 4 15
15 14 15 16
7 30 9 30
8 10 8 13
11 0 11 2
16 3 16 4
6 1 6 3
3 1 3 3
19 13 19 16
12 15 13 15
22 8 22 9
31 16 31 19
12 10 13 10
17 13 19 13
2 7 2 14
8 2 11 2
6 29 11 29
13 30 14 30
16 9 16 11
13 10 13 11
26 21 28 21
29 19 29 27
2 4 2 7
13 20 13 23
22 8 24 8
9 8 10 8
24 15 24 16
17 30 18 30
25 2 26 2
15 27 17 27
8 20 12 20
9 30 9 31
24 15 26 15
1 17 3 17
11 30 13 30
29 17 29 18
23 19 23 25
16 11 16 15
15 16 15 21
4 30 4 31
28 16 29 16
13 4 16 4
12 14 15 14
10 8 10 10
23 25 23 26
26 26 28 26
28 5 29 5
12 3 15 3
25 2 25 4
4 9 6 9
6 8 9 8
1 31 4 31
22 27 22 29
17 27 17 28
29 5 30 5
24 1 24 8
27 13 27 15
7 7 8 7
8 10 10 10
5 20 5 21
17 16 19 16
10 10 12 10
4 30 7 30
15 30 16 30
22 23 22 26
4 7 4 9
19 5 19 9
21 26 22 26
1 22 1 26
31 10 31 16
13 15 13 20
24 8 24 15
30 5 30 8
16 6 16 8
3 26 3 27
2 7 4 7
15 24 15 26
26 18 29 18
12 4 12 5
3 15 3 17
26 18 26 21
10 15 12 15
27 15 27 17
1 17 1 22
13 11 14 11
14 30 15 30
7 25 13 25
1 1 3 1
17 26 18 26
