26 4
10132000114001000403120302
13413224004043001042400140
14112040404020130230043042
04330230220410232232033204
21014024223033001302100203
03031204024000041002322210
43024400023003000200003210
04020001303242000434442022
00123032014022340340200010
14220440110004043023031230
41412300004000400400101300
12300330404442014000100341
00304203000430031200410000
44202000001333114200403244
42100004030130030223020001
30340231404010303421300110
01121100100440030213141004
01014232014022432141020430
03013003031011033421032100
10040411000002040011004220
02000202100000020030340030
33130020403400040000010141
40211012100011010303204341
13340433001202200222014401
40200430322043000121401413
33000014334323200234021012
