22 4
4332442121123223231340
2022441142242113400301
3040134322012444020222
1323331434211211424443
3214320441410143224324
2332130143424011400203
3344042320022321222040
4402234124210223104401
1131440343121231020434
0100424403333004333423
1304341322410421401404
3131314144042133114101
4132422120031432313413
4043220221304331412430
4000301130143431222403
0424211114214343024200
1140113241402343324101
4323231013242413230312
2011341101313131222321
0340014200031301420121
0000331123330030400022
3124101223112302434442
