23 4
24141112432224221032330
00323023243221204214144
21400020240221121404024
01223030312343213343103
00030212424320121024312
04132102402014004441302
02303043003444321133241
44211033120130103044131
30010000143300430020243
30033414431244342440040
11112211224232231000442
11213414224200241110031
41131231212043334132413
03114100110132004030240
24301043241442403220023
32133202202340342414013
31324100140412003403031
44201401330120012024220
30304232123112224041201
41304300130023021100033
40034011323333044004420
34034114100211033304414
31014100203400342340240
