22 4
0100242104414011213203
4211421240032431113221
3343244041320013142324
2202144120332134132110
3144431301100344344440
3321002003033024113431
2040301130321320234420
2111340410221014010003
3213310212110442044241
1304122341123134232001
2424333401131330040113
2304423113422030240203
1023343222024321134130
1304244223133412204110
3024304133444042221302
1232231141140422421102
4334441424322341020422
1134030023201223424443
3224343341341234440314
1322434322140013240022
0213213411204422433010
0410223130114143131030
