23 4
14434330332224010012210
24021033133401422012301
23101343121042112002402
34011333000031021041213
21432232040301042324304
00414123111143202012403
01404001230320131044320
24120412003320214111301
01112234134322320144133
44303040030033004032401
14340232334440302210321
03344001042110012302420
23330034244120110334440
13234340401342300320133
02440400100041014244302
20121214031210040434302
41312040104114034042311
23004444240304020323021
41140124142204230124120
40244332000240432041034
01413000212112232140124
03422202042022331311123
23333223410110341302431
