23 4
33012213314140201234044
03312011400041004102200
00204143421103042321240
13120124003220314202221
43300430340100004303241
12331412024000144303003
30434232214313442033420
20433200214030033031303
03201224441011110440140
34012314410100214421000
31022304420213131404340
03100203424413333203012
22004442233104300422101
33300301003102442421313
13000103420203222343003
24314002123142213043414
42141011242043011041104
24132300412142401332340
12221333044122040412042
24132400222140021344400
31103333032222141112411
31214043034231204321441
30020240213340220411131
