22 4
4333023142211012104241
0300303221121003224421
4311231011232342023243
3141220411234341441423
3101311330331110424201
0240330244411444434443
2130123302242233434444
4140344303341211323242
2110432013320113202334
4013410100332122202333
2100043203243104213012
3122120423022413341333
3114422033414301312213
4423420342422304434110
0014000422221434420300
1100214212032021322422
3441344200132413023223
2122340013042430344111
3121102123324122131114
1010211314204434130034
3120434124144411010000
4003043420434004121400
