24 4
301040032244102343123404
200120101304314012403021
400030104030012113134320
034034232203402031441113
041001113030324334002320
003113002340001434223302
000232331010024220211240
042431410032100400432014
132432003441012332221130
240111404034401003323310
211001233100133102020222
100043322243404434022124
202041332410011401240014
220002040100211321423402
010223230230022031340123
303140310132413242203013
414200001323011002103101
003342444310430040204111
004120440002030240024140
114100202034000342141004
102033040243204122430040
331333004014324220100120
404444400344223424100011
003201002131031434300044
