26 4
24232043112040342020100400
02000033003304010101440301
43200030002030130000004120
20004011002400124422200300
40342420000000302400004010
00104001133012322400142000
33014403441111233330020222
31010330031024000230001004
40011311201000101334412420
11420020410000010431034301
40142313032302044400300040
04201031340241023033201420
13303302140000021024000334
20024200044004412000100043
22100240002200321043203440
40020000030110041410200300
30312140330401012131010030
10040410002403302040010444
24030422143334402421002021
20023320042001230041001201
04002100023200420202032030
32301101030122030003101040
44020400001030040124202300
00413003321110334220303014
14310324230010300113330041
13042413400312244402412010
