26 4
02243002010230423030324224
40300030314000310104120400
00000403044443224030031130
40114020213321401004000314
04401010203301120103040011
44000232314000223412434034
00030110200102100201000001
33320000232310012304100000
30000130001120014031133220
10421413020304003430020210
13144210302401200000444314
34022240021442000040120330
12110420022010203000100000
00302001003040010130023000
00034330344400212311444440
40403100110010010202200004
22402212331100034003332400
00002310213402032432200003
11132220030040210113304401
11030210010333400400010430
40430330440220003021010300
04200003410224201040421304
02044200324103001110020102
40214430010214230310034034
00240200440002402043230001
02134033143310400032142222
