26 4
32100030100200042001200020
00322214243304103234411410
04400433001300303423302024
00423403002433400000100203
30000024004004010004203004
24420001000003304104101320
00004411243214204210243043
02114033121303413124201220
01230212120102102001200403
44203222201210000440001434
40434230100110042013030012
10134042003022220300440202
33004010000300000024103011
22000120241430340342300022
33433120001004002030112300
44141300413024102200000131
30000432440201123030221200
02313310232001043030200411
00000342333002040020004034
34014044000042001101100142
14040010000434010401332311
40030003010201010222104002
04100200020304300302143000
44133040244201031003003100
01044040323142040114110031
02010302003303210010331401
