22 4
4342003342203021214443
2234441303441024402421
2343043144044311011412
0341200012330133144011
1021311224421143432002
3133321430311101242440
2224130302443211434301
4020441244034314242211
2100000032443411112203
0313112324304433221112
0231231303311433144031
4231243332304420144103
2421340233401140234134
3131341042120040222020
1444341030203310212230
2023210103333424133414
1400134240032433341222
0221322422204213023410
0110341210421243341020
4202301122410431113112
0101441212231423230240
4320031234323321432040
