24 4
131000134404401042443404
420044022022102000004204
103220134242412330034030
102032103001203244040100
301040410204332242344242
033203112231210433104221
020342204001011141113440
402323414203324241100000
303111401041420344441341
012014043200142124011312
032332210011020200100224
102000033200130334300043
201010041034124222033300
032013042000010000020300
030304044330104331211040
203002440214033010032102
002010220013020104134302
200120230110041013104341
304210310014302301004440
102131412222310334040341
023004220442010421233023
132234431243142421344020
104433442233133411324133
202113034002303433110100
