26 4
30221434110130010222030232
10101400230301020102200100
03323300421434104133400400
20400040322101023010102001
20034032410304220032312300
40130434030432440314423310
22230000020001000410110423
32200001200104230433210032
01000300424312340200101220
31034021231010440001102100
01030034440000400304404210
30100030100301000003441022
22204404103333033043402134
44110120031002103003404244
13322044340232010040310432
00401010143000330110430430
00100003103011002012400101
10424043020000230000200201
00000002402304401111012040
03214404020330310304100022
01040040302030012120300423
40002430002010040220040412
44102003323010223230244000
00443124000012100100303100
20440044230430411132300423
12214441003004020110002200
