22 4
2330434233144401444331
2442442213012320343202
1303022103120441344110
2313100433142141203013
4414410444222014133232
3100213441323334312023
0412403440310010401443
2403113211244222034201
4213030402244332122112
0313322010422102222141
3041140444414204141102
0013101144434202113434
2411241122204331234214
4221014223023413201223
1242143043020002344014
4232014442141324322111
0130342024023400300233
3301232013130044012232
1321302440013032240144
2413024303223201320013
3101403413343141001312
3303013222143331313111
