23 4
43042143340000142413112
33210440110000101243343
34120320242301303203341
20202043012042044422020
32420001131041334003042
20110332341142214344020
23102112202310131330100
32002342224424133022413
13202140100402412034313
12340442031112414012204
00334021000132101431034
43011234404404100031141
34011200112132244040132
01033343001104023133243
12430000344420320322311
14324404110004302423022
03041233411210113143444
31140040011133332242122
01322122040003343014044
23023222430040342200242
02442402243140032303400
14121044141131203110130
21200033423304021033124
