23 3
01210030130203022003020
02000100003013011112021
12020322100113302000322
31000301311131110022100
00003233010203310012210
10301302120023300110331
33300220120002002123321
03102121000230222002002
32113000000233232010103
03012120030013330231130
00120023031203303033002
20233202002300000000211
11103230001130030021301
20120201000301003221010
30100331022301003010322
31223030100020121001003
02003213100000023000010
33202313001000101000110
31213130221003100000030
20000012021023100020012
00000302012213210003223
23002300222200320101000
01011020103033303303320
