23 3
00130103003300010031311
00310223232023010123030
23202120230121330123020
03303020020130003001232
00103030000002330002030
01021030012102331000012
01202110000032231320303
11111032010130221000020
01133311012330010010202
00012110001002030021303
30100010011100113102102
03003300031030002011113
02021220210001230010130
00230321312002030002120
23232023022102030000003
00100120311000303233301
02103100230230220000301
31030002021311020220023
22030101223031220003300
22200000303123100001022
11032020130201132213320
01131003323302210103000
00030000012123222000000
