22 3
1101202000331220101022
3133302331313023333210
2000221122120300023013
0012331201120013100320
3302130023002013132022
0000032011003003131021
1002111001032003033022
0100000332033202303012
1020002031213110010212
1033001322130323032201
1333221300220002020020
3233213201320030020020
0132110312031012300200
2101020122001002110000
0130110132002110121000
2313023103001312211233
1231302330000011002312
0100023032202232022131
0210030332003203022001
0030300103200030101320
0113012100203100300102
0300010331101020300312
