22 3
0000010232120023031020
0001201300300101030311
0000320102323231012130
1022330010311013131032
3020100102330003013001
3322121231020322321001
0330110121023012100031
1020001203320020331000
2003302213300000201001
3030311201022200123010
1210101301213300132230
0322101003300212120120
1312202300303301022120
3121202223012210301113
0001102300202122000000
2221110313213301002300
0020030003213100131203
2020333200001122212222
1100332003020331020030
0000300020203130121100
2313133333220002331030
2300030023001113023312
