22 3
2232210312010223010300
0233223210020210131133
1131010211203021000201
0031102201030120003020
1102000003022120313012
2330211203100300131230
2203103301102331201000
0103303300031000222021
2230223100301103303332
2310000010000100031110
0130022330002023302321
0020201220000133032300
0133331000321032103100
0300230320000000032100
0100301020003012221102
3121303031010120020231
2111102332331100133210
0211001003232312103002
2100023030133321002002
2111201012323300003220
0201302031003312232323
0021131012200012230101
