22 3
0000112023131021213123
2302100001001123231320
1313300221332200002032
3230031310123322133202
2111102203123002200110
2320023000200031131010
2020221322310300030023
0000001231302121012012
2312112003131230201303
0030233002100110023022
2200330000300010011331
2123030000020131100310
0333332303330001031201
1010212230232231100030
0030223021220100202202
3022200000100101311320
3121303000210103003031
1003230321311223101300
0033001320302032002010
0110012303022110300320
0201111300302100033200
1311000300010002202110
