122
19 11 19 10
31 20 32 20
17 15 17 16
14 7 14 8
6 9 6 8
9 25 9 26
14 23 15 23
22 29 21 29
31 10 31 11
31 28 30 28
14 18 15 18
29 19 29 18
3 5 2 5
32 19 32 18
27 25 28 25
29 26 29 25
14 4 14 5
22 22 22 23
31 15 30 15
30 26 30 25
12 4 13 4
26 29 26 30
22 30 22 29
1 28 2 28
25 27 25 26
15 18 15 19
18 16 18 17
15 8 16 8
30 24 31 24
15 7 16 7
7 10 8 10
22 12 22 13
14 5 14 6
23 12 24 12
15 0 16 0
26 3 27 3
4 21 4 20
20 12 20 11
22 18 21 18
17 2 17 1
22 29 22 28
32 31 32 30
30 27 31 27
30 15 29 15
22 31 22 32
29 2 28 2
28 0 28 1
17 1 17 0
14 17 13 17
32 30 32 29
16 17 16 16
16 8 16 9
14 6 15 6
17 23 16 23
8 30 7 30
9 16 9 17
30 5 31 5
26 18 27 18
22 32 23 32
8 1 8 2
32 28 31 28
3 18 3 19
31 11 32 11
21 24 22 24
25 1 25 2
25 9 24 9
27 3 27 4
13 26 13 25
20 11 20 10
25 18 25 19
20 29 20 30
29 11 29 10
5 11 5 10
19 15 20 15
23 15 22 15
19 23 20 23
15 19 16 19
29 5 29 6
9 17 10 17
13 4 14 4
16 23 16 24
16 4 17 4
0 0 0 1
2 7 2 8
21 19 21 20
4 10 3 10
21 31 22 31
22 15 21 15
5 10 5 9
16 0 16 1
0 1 0 2
23 30 23 31
2 8 3 8
3 4 3 3
21 20 21 21
31 19 31 20
7 9 6 9
25 10 24 10
3 6 3 7
14 4 14 5
15 17 14 17
9 23 9 24
17 6 17 5
14 5 14 6
3 8 4 8
29 6 29 7
21 1 22 1
19 14 19 13
26 20 26 19
16 1 17 1
7 26 7 27
17 4 18 4
31 1 31 0
32 23 31 23
12 13 12 12
17 1 18 1
12 18 12 17
18 25 18 24
24 9 24 8
2 28 2 27
11 2 10 2
32 32 31 32
178
25 26 25 28
15 6 15 10
14 6 14 8
28 15 28 18
20 20 20 23
31 23 31 24
29 10 29 14
25 21 25 26
24 19 25 19
26 5 26 6
29 18 32 18
18 1 19 1
27 18 27 26
19 1 22 1
22 2 25 2
28 7 28 13
27 6 31 6
26 26 27 26
9 32 14 32
5 18 5 27
25 2 28 2
2 29 2 31
19 19 19 24
29 10 32 10
18 1 18 4
21 21 24 21
12 10 12 12
11 30 18 30
26 12 27 12
24 6 25 6
27 26 28 26
28 13 28 15
6 8 10 8
0 7 3 7
15 16 15 23
20 10 24 10
29 7 29 10
25 6 26 6
14 19 14 24
18 17 19 17
3 3 12 3
32 25 32 29
16 16 16 19
25 26 26 26
26 12 26 13
29 18 29 25
0 2 0 7
26 13 28 13
22 24 22 28
16 10 19 10
9 26 9 29
5 27 7 27
26 6 26 12
16 19 19 19
15 10 16 10
28 29 32 29
22 1 22 2
16 7 16 9
19 10 20 10
19 24 22 24
7 27 7 29
20 23 22 23
31 24 31 26
21 12 24 12
14 6 15 6
28 26 31 26
18 12 19 12
4 4 5 4
27 18 28 18
2 19 3 19
4 8 6 8
19 7 23 7
28 7 29 7
10 8 14 8
0 7 0 10
29 0 31 0
5 9 6 9
22 28 25 28
15 16 16 16
7 12 12 12
11 10 12 10
24 12 24 19
21 15 21 18
16 9 21 9
32 11 32 18
31 0 31 5
12 3 12 7
5 0 7 0
28 2 28 3
7 0 8 0
19 12 21 12
17 26 19 26
18 7 19 7
23 31 23 32
29 0 29 4
1 20 3 20
31 20 31 21
17 13 17 16
31 6 31 7
24 6 24 8
13 5 16 5
16 16 17 16
8 10 11 10
28 25 29 25
32 18 32 20
27 4 29 4
32 20 32 24
19 17 19 18
5 17 10 17
8 20 8 23
21 32 23 32
8 26 8 32
3 19 3 20
32 3 32 10
0 30 1 30
25 2 25 6
10 26 11 26
0 2 8 2
25 15 27 15
22 28 22 31
26 6 27 6
8 2 10 2
16 7 18 7
19 17 20 17
24 21 25 21
17 0 17 5
10 17 10 19
20 26 20 30
10 21 10 26
11 26 17 26
12 3 13 3
32 24 32 25
20 17 20 20
16 5 17 5
19 26 20 26
4 4 4 8
31 26 31 27
6 26 8 26
2 15 2 19
9 7 12 7
12 21 12 24
25 19 26 19
1 21 1 26
3 7 3 10
1 20 1 21
19 13 19 17
21 18 21 21
9 26 10 26
29 15 29 18
13 3 13 5
8 9 8 10
12 7 13 7
25 15 25 19
6 8 6 9
21 30 21 32
23 29 28 29
8 26 9 26
1 26 1 30
14 24 16 24
28 28 28 29
20 30 21 30
10 19 10 21
3 3 3 7
31 21 31 23
3 10 8 10
12 24 14 24
3 10 3 19
0 23 0 30
26 19 26 24
10 17 12 17
12 12 12 17
12 12 18 12
16 5 16 7
19 12 19 13
23 29 23 31
17 0 29 0
12 17 12 21
24 8 24 10
