214
29 6 28 6
5 3 5 2
10 23 10 24
30 21 30 22
24 31 24 30
21 7 20 7
20 32 21 32
8 15 8 16
8 1 7 1
6 4 6 3
2 22 3 22
5 16 4 16
28 19 28 18
23 18 23 19
1 11 2 11
22 5 21 5
4 17 5 17
30 30 31 30
26 29 26 30
5 4 5 3
16 26 15 26
30 13 29 13
9 25 9 24
20 4 20 3
12 2 12 3
28 16 27 16
8 4 9 4
1 22 2 22
25 9 24 9
11 3 11 4
1 18 1 17
31 7 30 7
7 12 7 11
12 18 12 19
19 8 19 9
10 15 10 14
28 9 28 10
5 9 4 9
10 13 11 13
1 31 0 31
22 14 22 13
2 11 3 11
32 23 32 24
9 19 9 20
8 28 8 29
27 23 27 22
10 31 10 32
27 12 27 13
5 19 5 20
15 2 15 3
20 27 19 27
24 15 25 15
28 10 27 10
15 9 14 9
23 12 22 12
28 6 28 7
10 25 9 25
2 8 3 8
4 1 3 1
18 11 19 11
22 8 22 9
4 9 3 9
32 32 31 32
9 0 8 0
3 1 3 2
24 6 24 7
31 23 30 23
22 2 22 3
16 11 16 10
29 4 29 5
11 1 11 2
21 8 20 8
12 21 12 20
21 23 22 23
25 27 25 26
5 28 5 29
2 10 1 10
1 32 1 31
3 28 3 27
28 5 28 4
17 32 17 31
3 16 3 17
0 23 0 24
21 14 22 14
2 21 3 21
16 12 16 11
21 13 21 14
7 4 6 4
5 17 5 16
23 19 24 19
28 29 27 29
10 26 11 26
24 30 24 29
27 4 27 5
15 31 16 31
30 31 31 31
26 1 26 2
14 9 14 10
21 31 22 31
16 11 15 11
12 17 12 16
12 16 11 16
3 9 2 9
7 14 8 14
4 18 5 18
24 5 24 4
28 7 28 8
3 17 2 17
21 16 21 15
12 12 12 13
11 26 11 25
27 5 26 5
17 27 17 26
24 9 23 9
17 21 17 22
3 18 3 17
25 31 24 31
25 7 25 6
13 21 12 21
32 6 32 7
19 5 19 6
20 25 20 26
14 7 15 7
3 15 3 16
9 4 9 5
5 24 4 24
8 32 8 31
8 31 7 31
28 14 28 13
3 3 3 4
3 4 3 5
31 32 30 32
24 31 24 30
25 32 25 31
21 5 21 6
16 13 16 12
5 3 4 3
14 30 15 30
17 23 18 23
1 26 2 26
15 3 16 3
0 24 1 24
27 8 27 7
6 4 5 4
24 20 23 20
4 10 3 10
3 5 3 6
22 14 23 14
7 31 6 31
11 0 11 1
22 6 22 5
25 31 24 31
8 29 9 29
13 18 12 18
24 29 24 28
1 5 2 5
3 2 3 3
3 3 3 4
3 17 4 17
24 30 24 29
21 9 21 8
12 18 11 18
14 8 13 8
29 29 28 29
2 5 2 6
8 14 9 14
4 17 5 17
30 23 30 24
0 12 1 12
24 28 23 28
19 2 19 3
30 7 29 7
4 27 4 28
22 24 22 25
28 29 28 28
1 12 2 12
24 29 24 28
30 17 29 17
29 5 28 5
32 24 31 24
31 24 31 25
28 18 27 18
9 29 10 29
22 13 21 13
1 24 2 24
29 17 29 16
24 31 24 30
30 24 29 24
23 28 23 27
3 14 3 15
10 29 11 29
24 30 24 29
6 9 6 8
24 28 23 28
26 26 26 27
22 21 23 21
13 31 12 31
31 25 30 25
30 25 29 25
11 29 12 29
28 5 27 5
26 2 25 2
29 16 28 16
25 2 25 3
25 3 25 4
3 4 3 5
4 14 3 14
23 27 23 26
15 30 16 30
16 30 17 30
6 31 6 30
24 29 24 28
2 12 3 12
25 4 25 5
186
19 9 19 11
10 19 11 19
25 20 25 26
3 16 3 21
3 8 3 10
13 22 17 22
17 30 17 31
28 20 28 21
21 6 25 6
16 3 19 3
23 14 23 16
11 15 13 15
3 21 3 22
25 5 26 5
17 25 22 25
12 21 16 21
28 16 28 17
6 10 9 10
25 5 25 6
9 25 9 26
3 5 3 6
12 29 12 31
28 3 28 4
16 3 16 6
22 17 22 23
16 10 16 12
2 28 4 28
26 5 27 5
4 28 6 28
11 19 12 19
20 26 23 26
11 15 11 16
21 27 21 29
14 5 14 10
12 3 16 3
28 17 28 20
17 26 20 26
4 16 4 19
9 5 9 10
9 14 9 15
9 3 9 5
9 20 12 20
9 18 11 18
23 26 25 26
30 22 30 27
9 15 11 15
6 8 6 10
3 8 6 8
3 6 3 7
20 26 20 28
23 16 24 16
22 9 23 9
4 24 4 28
3 16 4 16
15 26 17 26
25 20 28 20
29 0 29 7
29 25 29 26
11 17 11 18
15 26 15 28
9 3 12 3
23 26 23 28
16 32 18 32
17 25 17 26
17 31 18 31
12 3 12 9
25 19 27 19
16 6 19 6
22 23 22 25
16 31 16 32
26 8 28 8
3 6 4 6
2 24 4 24
4 19 10 19
1 23 1 27
12 19 14 19
4 15 4 16
25 26 29 26
23 13 27 13
23 20 25 20
29 13 29 22
1 27 1 31
11 16 23 16
16 18 16 20
21 6 21 8
11 13 12 13
3 10 3 11
4 12 4 13
2 4 5 4
23 28 24 28
6 28 6 30
22 25 24 25
1 9 2 9
0 20 1 20
28 8 32 8
8 0 12 0
29 24 29 25
9 24 9 25
5 2 6 2
21 29 27 29
6 23 8 23
2 9 2 17
9 20 9 23
5 17 11 17
27 29 30 29
28 13 29 13
18 32 21 32
25 6 25 11
8 23 9 23
11 14 21 14
29 10 29 13
19 9 22 9
21 29 21 32
27 13 28 13
14 23 14 25
13 24 13 25
12 13 17 13
16 29 16 31
23 4 24 4
1 17 2 17
28 4 28 8
12 31 16 31
14 10 15 10
17 22 17 25
17 26 17 30
4 31 12 31
21 14 21 15
4 13 4 15
25 16 27 16
11 13 11 14
4 15 9 15
16 20 16 21
9 26 15 26
1 27 3 27
3 7 3 8
11 11 11 13
21 13 21 14
28 8 28 13
29 7 32 7
1 23 6 23
21 4 23 4
30 29 30 32
0 6 2 6
1 31 4 31
27 13 27 16
27 16 27 17
20 2 24 2
0 18 0 20
2 4 2 6
11 11 15 11
16 6 16 10
0 27 1 27
30 27 30 29
4 24 9 24
3 11 3 12
16 18 18 18
9 13 11 13
25 15 25 16
2 6 2 9
8 0 8 2
13 25 14 25
24 2 24 4
7 11 11 11
15 10 15 11
25 16 25 19
19 6 21 6
8 2 9 2
5 20 9 20
9 23 14 23
29 22 30 22
27 22 29 22
27 28 27 29
18 4 21 4
1 17 1 20
9 5 10 5
23 16 23 20
21 13 23 13
6 2 8 2
23 9 23 13
3 12 4 12
11 18 16 18
24 4 28 4
12 20 12 21
8 18 9 18
1 20 1 23
5 2 5 4
