220
24 13 24 14
8 23 7 23
7 23 6 23
1 27 1 26
19 8 20 8
3 3 3 4
9 11 9 12
23 14 23 13
26 11 26 12
23 25 23 24
26 14 27 14
7 15 6 15
17 23 18 23
10 1 10 2
26 19 25 19
7 17 6 17
19 6 19 7
1 3 1 4
2 27 1 27
4 24 5 24
16 1 15 1
4 6 5 6
19 13 19 14
12 22 12 21
18 26 18 27
27 10 27 9
21 6 22 6
0 7 0 6
6 25 5 25
20 6 21 6
7 19 8 19
21 17 21 18
25 15 24 15
26 13 25 13
7 0 8 0
12 4 13 4
14 6 13 6
7 26 6 26
19 19 19 20
9 20 10 20
12 6 11 6
16 13 17 13
12 5 12 4
6 26 6 25
6 24 7 24
8 15 7 15
15 1 15 2
18 15 19 15
2 26 2 27
8 0 8 1
4 25 4 26
24 12 24 13
13 4 13 5
13 26 13 25
5 24 6 24
10 20 10 19
8 20 7 20
19 5 20 5
15 2 15 3
22 6 23 6
19 18 18 18
2 25 2 26
4 23 3 23
5 9 4 9
18 6 18 7
21 6 21 7
10 16 10 17
7 24 7 23
22 5 22 6
20 26 20 27
27 9 27 8
7 23 8 23
25 19 24 19
27 3 26 3
11 10 10 10
12 1 13 1
9 10 8 10
0 17 1 17
23 18 24 18
1 6 2 6
21 12 21 13
24 10 24 9
16 2 17 2
23 20 23 21
3 25 4 25
25 3 25 2
2 13 2 14
16 4 16 5
15 3 15 4
8 17 7 17
19 4 19 5
13 19 13 20
23 16 22 16
5 3 4 3
21 7 21 8
19 11 19 12
18 7 18 8
14 21 15 21
16 3 16 4
16 16 16 15
14 4 14 5
25 7 25 8
22 27 22 26
17 7 17 6
16 5 16 6
26 6 25 6
19 5 19 6
20 8 20 9
18 16 18 15
8 12 7 12
25 9 26 9
27 8 27 7
10 11 9 11
0 6 1 6
27 7 27 6
8 10 8 11
15 4 15 5
26 7 25 7
6 24 7 24
8 7 9 7
20 5 20 6
7 4 6 4
15 14 15 13
2 14 3 14
14 2 15 2
21 26 20 26
19 25 19 26
20 12 21 12
9 7 9 8
10 10 9 10
23 9 23 8
14 3 14 4
7 24 8 24
1 13 1 14
3 5 4 5
2 24 3 24
19 6 18 6
22 20 21 20
21 24 22 24
21 12 22 12
14 8 14 7
22 26 23 26
27 6 27 5
3 14 4 14
23 8 23 7
16 4 16 5
24 1 24 2
20 25 19 25
23 15 23 14
24 19 23 19
10 9 10 10
16 6 15 6
24 22 25 22
9 8 9 9
19 20 18 20
22 10 21 10
9 9 10 9
1 15 1 16
19 3 18 3
27 21 27 20
23 14 22 14
18 0 18 1
26 10 27 10
26 3 25 3
8 11 8 12
10 7 9 7
25 3 25 4
18 9 17 9
22 9 22 10
4 14 5 14
25 4 24 4
26 21 26 20
7 10 8 10
27 5 26 5
24 18 24 19
21 27 21 26
25 22 24 22
24 4 24 5
15 2 15 3
26 5 25 5
24 3 25 3
10 10 10 11
14 0 15 0
10 9 10 10
19 26 19 27
9 25 10 25
21 26 21 25
21 13 21 14
23 19 23 18
19 7 18 7
3 12 2 12
15 0 15 1
2 1 2 0
23 4 24 4
17 13 18 13
20 26 19 26
20 6 19 6
19 26 18 26
6 15 5 15
19 17 19 18
15 3 15 4
13 6 12 6
7 3 7 4
10 10 11 10
21 20 22 20
18 13 19 13
18 26 18 25
15 6 15 7
10 22 9 22
11 10 11 11
4 19 4 18
15 20 16 20
26 26 26 25
21 19 21 20
24 11 24 12
14 5 14 6
7 14 8 14
11 14 12 14
22 2 22 1
14 4 14 5
179
19 6 22 6
10 11 10 12
24 5 25 5
20 17 20 19
23 24 24 24
26 4 27 4
8 13 10 13
4 3 4 5
23 17 23 18
8 22 9 22
11 16 11 17
12 10 12 12
8 21 8 22
17 22 17 26
15 16 15 17
22 24 23 24
17 20 18 20
0 3 4 3
15 13 19 13
22 13 23 13
8 14 8 16
13 3 17 3
0 26 0 27
8 22 8 23
20 21 21 21
4 9 4 10
20 17 23 17
14 7 15 7
23 24 23 26
5 14 8 14
5 26 8 26
17 22 19 22
24 5 24 8
17 2 17 3
26 4 26 8
20 19 20 21
21 23 21 25
22 6 23 6
9 4 9 5
14 26 15 26
15 5 15 7
26 12 26 15
22 20 26 20
26 9 26 12
7 13 8 13
8 26 9 26
23 13 23 17
20 9 20 10
11 13 14 13
21 20 22 20
20 13 20 15
10 12 10 13
0 3 0 8
18 25 19 25
9 10 9 11
4 11 4 12
11 22 15 22
7 17 7 20
6 13 7 13
19 12 22 12
4 5 4 9
4 12 4 13
21 21 21 23
20 2 21 2
24 2 24 4
17 20 17 22
19 25 21 25
0 0 2 0
14 5 15 5
18 7 18 8
13 5 14 5
14 13 14 15
7 17 9 17
8 13 8 14
18 23 18 25
12 6 12 10
10 17 10 19
8 12 8 13
12 3 13 3
19 2 19 6
17 17 18 17
8 23 8 24
14 16 15 16
8 23 9 23
21 21 22 21
2 26 4 26
9 16 11 16
14 7 14 11
10 19 15 19
24 4 26 4
11 17 12 17
11 12 12 12
11 25 11 26
25 1 25 2
0 15 4 15
8 24 8 26
15 19 15 21
24 13 25 13
4 10 4 11
20 10 21 10
5 15 7 15
6 23 6 25
10 17 11 17
4 15 4 17
15 16 19 16
24 15 26 15
21 8 24 8
15 7 18 7
15 21 15 22
11 4 12 4
4 13 4 15
22 19 24 19
19 15 20 15
17 26 23 26
23 1 25 1
27 15 27 16
4 15 5 15
22 12 22 13
24 15 24 19
16 17 17 17
9 22 11 22
2 5 4 5
18 17 20 17
14 15 14 16
18 8 21 8
8 14 9 14
20 9 24 9
0 16 0 26
8 1 13 1
13 1 13 3
20 15 20 16
26 8 26 9
17 3 17 4
7 11 9 11
0 13 3 13
17 2 19 2
6 11 7 11
19 15 19 16
25 12 26 12
3 13 4 13
26 22 26 24
1 25 4 25
15 9 15 13
24 2 25 2
0 26 1 26
4 25 5 25
4 26 4 27
11 26 14 26
12 4 12 6
24 9 26 9
15 26 17 26
9 10 12 10
24 24 26 24
23 1 23 6
11 12 11 13
16 20 17 20
23 13 24 13
4 26 5 26
8 16 9 16
10 11 11 11
1 26 2 26
2 18 4 18
15 5 16 5
15 19 20 19
5 25 6 25
18 6 18 7
4 17 4 18
7 15 7 17
12 3 12 4
4 11 6 11
15 7 15 9
8 19 8 21
15 4 15 5
19 12 19 13
26 20 26 22
4 18 4 25
1 10 4 10
22 19 22 20
21 18 21 20
