124
8 5 8 6
9 1 9 0
15 15 15 16
16 19 15 19
12 13 13 13
15 9 15 10
19 15 19 16
16 20 17 20
19 13 19 12
18 13 19 13
17 19 16 19
16 16 16 15
12 18 12 17
8 16 9 16
8 17 8 16
8 14 8 13
11 9 12 9
15 13 15 12
15 14 15 13
4 1 5 1
13 2 13 1
0 9 0 8
20 16 20 15
16 10 16 11
9 2 9 1
10 20 11 20
12 16 11 16
1 5 1 4
11 1 11 0
13 20 13 21
16 8 16 7
8 19 8 20
1 12 2 12
10 11 10 10
12 9 12 10
18 3 17 3
7 15 6 15
16 21 16 20
14 15 15 15
7 14 8 14
17 16 16 16
19 2 18 2
0 8 0 7
3 5 4 5
11 12 11 13
9 5 8 5
21 17 21 16
0 10 0 9
0 7 1 7
11 10 11 9
9 6 10 6
6 21 6 20
17 18 17 19
16 4 16 3
17 1 17 2
10 15 11 15
21 5 21 4
20 2 19 2
16 18 17 18
8 6 8 7
19 3 18 3
18 21 17 21
2 5 3 5
11 15 12 15
4 12 3 12
18 8 17 8
17 10 16 10
17 9 17 10
10 2 10 3
15 4 15 3
1 16 1 17
10 19 11 19
15 0 16 0
18 4 17 4
12 1 12 2
1 4 0 4
8 2 9 2
16 1 15 1
10 10 11 10
20 1 20 2
12 2 12 3
12 20 13 20
18 9 17 9
10 16 10 15
0 12 1 12
3 7 3 8
4 7 3 7
10 17 11 17
9 7 9 6
4 5 4 4
1 7 1 6
10 21 10 20
21 16 20 16
17 9 16 9
17 4 16 4
1 6 2 6
3 0 3 1
3 17 4 17
17 8 16 8
10 3 9 3
3 7 2 7
10 7 9 7
0 16 1 16
18 3 18 4
4 17 4 18
3 1 3 2
4 18 4 19
16 0 16 1
3 5 4 5
2 6 2 5
20 9 20 10
3 2 3 3
4 4 4 3
16 8 15 8
10 6 10 7
13 7 13 6
4 19 5 19
7 3 6 3
8 4 8 3
8 5 8 6
20 13 21 13
6 11 6 12
16 5 16 6
19 13 20 13
176
6 16 6 17
11 14 11 16
10 7 10 8
8 7 8 9
11 10 12 10
4 13 4 14
14 14 14 17
12 17 14 17
14 12 14 13
11 9 14 9
12 21 13 21
11 21 12 21
12 3 13 3
0 13 0 15
11 10 11 13
11 2 11 3
17 10 17 11
9 6 11 6
11 7 15 7
4 11 5 11
19 1 21 1
6 7 8 7
1 13 1 14
2 18 2 19
2 5 4 5
17 17 17 18
9 17 9 18
7 17 9 17
15 3 15 5
13 13 13 14
17 19 17 20
11 16 11 17
18 15 20 15
9 13 11 13
9 21 11 21
7 18 7 19
17 3 20 3
5 4 6 4
5 1 8 1
9 4 9 6
17 17 18 17
16 15 17 15
2 2 4 2
13 3 14 3
11 6 12 6
6 17 6 18
15 10 15 12
20 15 20 16
8 6 8 7
20 10 20 11
14 17 15 17
9 3 9 4
16 13 17 13
7 0 9 0
4 0 4 2
4 0 5 0
2 11 3 11
2 12 3 12
16 6 16 7
3 14 4 14
3 12 3 13
14 3 15 3
8 20 9 20
17 15 17 17
14 8 15 8
16 11 16 13
0 9 0 11
5 21 8 21
5 7 6 7
15 7 15 8
16 17 16 19
17 20 17 21
11 3 11 4
7 13 7 17
16 1 16 2
18 10 20 10
1 8 2 8
4 11 4 13
15 15 16 15
1 12 1 13
16 4 16 6
5 19 6 19
9 20 10 20
19 18 19 19
20 19 21 19
13 21 17 21
5 11 8 11
8 1 8 3
17 11 18 11
8 9 8 11
20 0 21 0
9 16 11 16
13 14 14 14
4 3 5 3
9 12 9 13
4 21 5 21
17 18 17 19
13 8 14 8
1 11 2 11
6 19 7 19
4 3 4 5
11 0 11 2
16 10 16 11
8 9 9 9
15 13 16 13
16 3 17 3
1 8 1 9
18 17 20 17
5 0 7 0
18 11 18 12
16 19 16 20
11 2 14 2
10 14 11 14
16 1 19 1
1 2 1 3
18 12 18 14
0 11 0 13
4 14 4 21
8 3 9 3
18 14 18 15
6 17 7 17
11 17 11 19
10 0 11 0
3 11 4 11
8 7 9 7
12 15 12 17
14 2 16 2
15 17 16 17
0 6 0 9
2 19 2 21
0 11 1 11
14 9 16 9
19 19 20 19
5 20 6 20
15 7 16 7
12 19 12 21
5 1 5 3
10 7 11 7
7 19 11 19
15 13 15 15
3 3 4 3
11 13 13 13
12 10 15 10
16 9 16 10
1 12 2 12
1 2 2 2
1 3 1 8
7 12 7 13
0 15 0 17
17 19 19 19
2 5 2 7
8 20 8 21
11 19 12 19
20 10 21 10
20 4 21 4
2 21 4 21
5 6 5 7
20 3 20 4
8 13 9 13
14 13 15 13
6 19 6 20
11 6 11 7
9 0 10 0
7 13 8 13
8 11 8 13
16 2 16 3
0 9 1 9
15 5 15 7
13 20 16 20
9 15 9 16
18 14 19 14
17 6 17 10
14 8 14 9
17 3 17 6
5 4 5 6
3 10 4 10
