205
21 21 21 20
13 11 13 12
3 16 3 15
27 28 26 28
10 0 11 0
15 18 15 17
28 29 28 28
25 10 25 9
26 14 26 15
19 19 18 19
4 4 4 3
6 10 6 9
18 19 17 19
24 29 24 28
23 23 22 23
26 10 25 10
29 21 29 20
20 26 21 26
10 10 10 9
17 1 17 0
14 3 14 4
4 13 5 13
29 18 28 18
24 12 24 13
4 5 4 4
27 18 27 17
25 12 24 12
13 16 13 17
26 17 26 16
0 25 0 24
11 12 11 13
1 13 2 13
29 20 28 20
8 14 9 14
8 0 9 0
19 2 18 2
22 2 22 1
15 4 15 5
27 10 26 10
25 17 26 17
18 20 17 20
18 4 17 4
12 12 12 13
5 12 4 12
25 5 24 5
7 13 8 13
24 13 25 13
3 10 4 10
6 6 5 6
14 28 15 28
15 26 16 26
19 1 19 2
18 21 18 22
14 8 14 7
27 17 28 17
2 19 2 18
2 16 1 16
5 13 5 12
27 15 27 14
2 6 2 7
3 25 2 25
8 6 7 6
16 19 16 18
12 18 12 19
18 22 18 23
5 10 5 11
3 15 2 15
15 15 14 15
21 0 20 0
3 8 4 8
15 22 14 22
2 18 1 18
17 21 18 21
26 9 26 8
5 6 5 7
19 25 19 24
22 4 22 3
14 26 13 26
3 19 4 19
0 26 1 26
23 0 23 1
10 28 10 29
11 18 12 18
9 28 10 28
1 11 2 11
27 27 27 28
12 10 11 10
19 26 19 27
3 2 2 2
19 12 19 11
25 4 25 5
10 20 10 21
2 25 2 24
12 27 11 27
18 1 19 1
20 16 20 17
12 9 12 10
14 17 14 16
11 25 11 26
28 24 27 24
24 21 24 20
6 12 6 13
11 10 11 9
23 1 24 1
25 13 25 12
21 6 20 6
5 28 6 28
11 0 12 0
1 26 1 25
2 28 2 27
17 12 17 11
13 26 13 25
27 25 26 25
5 23 5 24
27 28 27 29
1 16 1 15
22 6 22 7
26 25 26 26
16 18 16 17
10 28 11 28
4 23 5 23
18 0 18 1
18 23 19 23
2 26 2 25
26 13 26 14
6 28 6 27
15 3 15 2
9 4 8 4
25 18 24 18
1 1 1 2
0 22 0 21
16 1 16 0
6 15 7 15
1 14 1 13
14 25 14 24
24 26 25 26
13 20 13 21
4 12 4 11
2 25 3 25
28 18 27 18
29 5 29 4
6 29 7 29
16 26 16 25
11 26 12 26
29 28 29 27
6 27 6 26
27 3 28 3
14 21 14 20
13 12 14 12
27 8 27 7
25 0 25 1
7 23 6 23
11 28 12 28
16 17 17 17
18 6 17 6
2 7 3 7
17 17 18 17
0 6 0 7
22 0 21 0
6 26 6 25
1 25 2 25
8 18 8 17
8 29 8 28
8 7 8 8
21 0 21 1
12 8 11 8
15 2 15 1
9 27 9 28
15 7 15 8
10 17 11 17
0 2 0 1
18 1 17 1
17 1 17 2
5 9 5 10
19 27 18 27
3 25 4 25
19 20 18 20
2 25 3 25
21 1 21 2
27 0 27 1
27 22 28 22
13 10 13 11
25 1 26 1
27 13 26 13
20 17 20 18
17 14 17 15
29 4 28 4
9 18 10 18
15 25 15 26
22 3 22 2
26 14 25 14
26 1 25 1
29 24 28 24
20 2 20 3
15 21 15 20
27 9 27 10
19 13 19 12
24 23 24 24
10 22 10 23
29 3 29 2
14 4 15 4
29 9 29 8
0 7 0 8
0 1 0 0
26 21 27 21
195
14 11 17 11
6 23 6 25
12 7 13 7
13 14 13 15
23 21 23 26
7 10 9 10
14 13 16 13
20 10 20 11
11 27 11 29
3 7 5 7
19 11 20 11
17 19 17 20
20 21 22 21
19 12 24 12
2 20 3 20
14 12 14 13
24 20 28 20
23 29 27 29
10 9 11 9
7 24 10 24
26 26 26 27
25 26 25 28
8 1 8 4
14 15 17 15
9 0 12 0
18 17 26 17
25 7 25 8
12 10 12 11
24 2 25 2
29 25 29 27
13 28 15 28
7 1 8 1
12 18 12 19
12 28 13 28
29 15 29 22
20 11 21 11
19 2 19 3
26 8 26 10
22 7 22 11
11 17 11 20
19 18 20 18
12 0 12 1
1 15 1 18
3 0 3 3
14 24 14 27
17 11 19 11
9 10 12 10
22 11 23 11
13 15 13 17
12 24 14 24
11 9 20 9
23 26 25 26
17 4 19 4
5 26 7 26
26 8 29 8
24 1 24 2
22 21 22 23
19 3 19 4
12 1 15 1
17 6 17 7
26 17 28 17
24 7 24 10
8 4 8 8
5 23 6 23
18 21 18 25
20 6 20 9
7 27 8 27
23 7 24 7
6 1 7 1
15 28 18 28
28 15 29 15
8 8 9 8
3 5 3 6
29 1 29 2
17 2 17 4
3 5 5 5
15 17 18 17
5 12 5 14
2 20 2 24
25 10 25 11
4 1 6 1
22 1 22 2
8 17 11 17
25 21 25 22
10 27 11 27
11 8 11 9
10 24 12 24
29 22 29 25
24 11 24 12
25 8 26 8
9 0 9 6
20 18 20 21
14 22 14 24
3 25 4 25
7 24 7 26
12 26 12 28
25 2 29 2
28 17 28 20
11 29 22 29
21 13 26 13
25 11 25 12
8 12 14 12
18 21 20 21
1 2 1 6
9 6 9 7
18 20 18 21
2 27 7 27
14 7 17 7
23 5 23 7
22 1 24 1
23 21 25 21
6 13 8 13
9 8 9 10
9 6 10 6
8 13 8 15
19 1 22 1
5 7 5 10
10 6 12 6
21 2 21 7
5 12 7 12
14 12 19 12
1 6 1 13
15 26 15 28
5 20 5 23
7 1 7 3
21 7 22 7
1 15 2 15
3 13 3 20
22 29 23 29
15 1 19 1
14 10 14 11
26 7 26 8
18 27 18 28
1 20 2 20
29 8 29 12
20 13 21 13
17 15 20 15
17 27 18 27
15 4 17 4
0 24 2 24
12 19 17 19
17 22 17 27
26 13 26 15
5 14 5 20
26 15 28 15
17 6 20 6
1 6 3 6
20 13 20 15
5 10 7 10
18 28 24 28
3 7 3 9
17 20 17 22
13 27 13 28
14 20 14 22
25 26 26 26
3 0 4 0
11 17 13 17
25 12 26 12
24 10 25 10
3 20 3 21
7 12 8 12
8 27 10 27
8 15 8 17
13 7 14 7
1 13 1 15
11 20 14 20
14 15 14 16
19 3 20 3
21 11 22 11
18 25 20 25
22 7 23 7
27 29 29 29
12 6 12 7
26 17 26 18
8 26 12 26
26 27 29 27
19 2 21 2
20 25 20 27
1 0 1 2
8 27 8 28
20 15 21 15
29 12 29 15
13 17 15 17
9 20 11 20
12 10 14 10
4 25 6 25
24 28 25 28
7 26 7 27
3 9 3 13
29 2 29 8
3 3 3 5
2 24 2 27
4 0 9 0
18 17 18 20
14 13 14 15
