306
8 38 9 38
22 12 21 12
6 2 6 3
31 35 31 34
19 38 19 39
4 42 4 41
3 28 3 27
17 3 18 3
33 33 33 34
30 1 30 2
38 22 38 23
13 1 13 2
14 31 14 30
1 35 2 35
12 38 13 38
14 7 14 6
0 14 1 14
10 32 9 32
16 38 15 38
19 42 19 43
35 4 35 5
40 41 40 42
21 2 20 2
5 13 6 13
43 23 43 22
13 29 13 28
29 41 28 41
3 10 2 10
37 15 38 15
8 0 7 0
14 0 14 1
29 35 28 35
35 5 35 6
31 3 31 4
41 0 40 0
2 5 1 5
13 32 13 31
4 41 4 40
10 33 10 32
2 28 3 28
9 18 10 18
0 30 0 31
41 29 41 28
4 15 4 14
1 5 1 4
12 1 12 0
10 12 9 12
27 1 28 1
43 26 43 25
34 36 35 36
39 4 39 3
43 17 43 16
41 32 40 32
41 28 40 28
36 4 36 3
8 28 8 27
43 25 42 25
37 32 36 32
34 0 34 1
26 10 27 10
12 35 12 36
12 39 13 39
14 8 15 8
10 0 11 0
1 1 1 2
15 20 14 20
20 26 19 26
13 38 13 37
9 5 9 4
8 27 8 26
22 22 22 23
36 23 36 24
5 3 5 4
6 3 5 3
21 12 21 13
35 24 35 25
7 33 6 33
1 2 2 2
2 32 1 32
37 27 37 26
21 0 21 1
28 25 28 26
37 11 36 11
13 37 14 37
41 11 40 11
19 39 20 39
31 4 31 5
16 27 16 26
10 32 10 31
7 21 7 22
19 41 18 41
13 28 13 27
18 41 18 40
38 20 39 20
7 43 7 42
5 4 6 4
40 22 40 21
12 19 12 20
26 15 26 14
35 6 36 6
40 18 39 18
41 6 41 7
12 36 11 36
38 23 39 23
34 1 33 1
10 31 11 31
36 1 36 0
32 29 32 28
11 0 11 1
31 25 30 25
24 2 24 1
0 36 1 36
40 42 41 42
21 13 20 13
30 32 31 32
41 22 40 22
14 20 14 19
13 31 13 30
9 34 9 33
14 6 15 6
12 37 12 36
9 1 8 1
3 28 4 28
9 12 9 13
21 1 21 2
14 37 14 38
31 34 30 34
20 13 20 14
32 16 31 16
39 31 39 32
20 43 21 43
31 38 31 39
18 7 18 8
21 43 21 42
1 28 2 28
37 3 37 4
41 33 41 32
0 1 0 0
27 10 28 10
8 1 8 2
37 17 37 16
6 14 7 14
7 2 7 1
19 19 19 18
28 10 29 10
26 41 26 42
7 16 7 17
6 16 6 15
39 5 39 6
4 14 4 13
27 41 26 41
32 25 32 26
6 17 6 18
2 2 3 2
33 35 33 36
15 6 16 6
21 22 21 21
1 10 1 9
35 32 35 31
0 29 1 29
1 40 1 41
41 31 41 30
11 19 10 19
3 2 3 3
9 38 9 37
3 3 3 4
20 14 19 14
28 17 27 17
11 21 12 21
4 40 5 40
11 36 11 37
42 0 42 1
24 25 25 25
5 3 5 4
19 18 18 18
42 25 42 24
41 7 41 8
32 24 31 24
13 27 14 27
23 24 22 24
16 26 16 25
4 28 5 28
5 37 5 36
7 34 7 35
7 1 8 1
42 1 42 2
31 32 32 32
23 10 24 10
21 42 21 41
33 17 34 17
41 32 41 31
4 23 4 22
8 26 7 26
41 31 42 31
32 33 33 33
16 4 17 4
36 32 35 32
4 13 4 12
33 18 33 17
42 31 42 30
31 5 31 6
32 1 32 0
35 25 34 25
42 24 42 23
10 19 9 19
23 25 24 25
41 8 40 8
0 33 1 33
1 36 2 36
12 17 12 16
26 41 26 40
31 16 30 16
15 38 15 37
0 28 0 29
5 4 5 5
14 27 15 27
4 7 3 7
28 5 28 6
37 26 38 26
21 19 21 20
13 42 13 41
5 5 5 6
12 32 13 32
26 40 26 39
32 19 33 19
0 31 1 31
29 10 30 10
1 9 0 9
29 0 28 0
27 42 27 41
32 2 33 2
33 22 33 21
36 6 37 6
1 38 2 38
1 33 1 34
40 28 39 28
42 30 42 29
42 2 41 2
33 1 32 1
5 6 5 7
3 4 4 4
26 39 26 38
5 7 5 8
40 22 40 23
3 36 3 37
38 43 39 43
32 32 32 33
14 18 14 17
6 15 6 14
32 1 31 1
8 24 8 23
26 38 26 37
29 23 30 23
34 25 33 25
5 8 4 8
12 0 13 0
33 37 32 37
16 6 17 6
14 38 15 38
25 40 25 39
39 20 39 21
18 6 18 7
21 41 21 40
27 36 28 36
7 42 6 42
26 37 26 36
35 31 35 30
4 4 4 5
35 32 34 32
40 0 40 1
29 42 29 43
15 38 16 38
21 37 22 37
13 9 13 8
1 34 2 34
34 32 33 32
11 18 12 18
6 39 6 38
24 10 25 10
14 17 13 17
16 38 17 38
39 28 38 28
39 43 40 43
8 2 8 3
26 42 26 41
7 17 8 17
19 14 18 14
36 3 37 3
18 14 18 15
5 28 6 28
33 32 32 32
26 36 26 35
21 40 21 39
42 40 42 39
17 38 18 38
1 30 0 30
3 15 3 16
20 6 21 6
28 26 28 27
31 1 31 2
41 12 41 13
12 20 13 20
18 38 18 39
13 35 12 35
0 0 1 0
42 29 42 28
193
37 1 37 3
5 36 5 40
21 10 21 14
32 28 32 32
18 8 18 9
41 13 41 14
9 37 11 37
13 20 21 20
28 19 33 19
39 18 39 21
10 15 18 15
6 33 6 35
8 23 13 23
34 17 39 17
38 21 38 24
17 1 20 1
20 39 21 39
18 39 20 39
13 20 13 23
14 25 16 25
39 22 43 22
30 17 33 17
4 12 15 12
7 0 13 0
14 25 14 30
38 26 42 26
25 25 29 25
8 3 15 3
1 27 1 29
13 23 13 30
15 27 15 31
38 24 38 26
37 1 40 1
33 31 33 33
28 1 37 1
6 13 6 14
4 8 7 8
1 32 1 41
2 35 6 35
21 8 21 10
38 26 38 28
21 14 26 14
1 31 1 32
21 6 22 6
18 15 18 18
13 30 14 30
4 8 4 12
40 1 40 8
7 0 7 4
2 8 4 8
31 6 37 6
30 28 30 34
29 28 30 28
27 22 27 24
33 26 33 31
22 6 28 6
20 22 20 31
20 31 20 39
3 26 7 26
33 17 33 19
15 3 15 8
1 42 6 42
13 0 13 2
6 33 9 33
28 19 28 22
43 22 43 31
28 35 32 35
21 35 21 39
15 27 19 27
30 28 32 28
8 17 8 23
35 35 35 36
37 14 37 16
28 8 28 19
10 13 10 15
21 6 21 8
33 25 33 26
27 20 27 22
30 2 30 10
32 35 32 37
42 23 42 26
7 22 7 26
4 5 4 8
11 37 15 37
6 28 6 33
18 26 19 26
9 30 11 30
32 33 33 33
20 22 25 22
11 31 11 37
9 37 9 41
20 41 24 41
17 4 17 6
38 8 40 8
29 25 29 28
28 1 28 6
1 14 6 14
36 24 38 24
16 1 17 1
24 25 25 25
1 41 1 42
6 13 9 13
32 33 32 35
2 36 4 36
20 1 24 1
25 22 25 25
9 30 9 32
31 37 32 37
30 10 30 16
21 35 26 35
1 3 1 4
21 2 21 4
2 8 2 10
16 0 16 1
41 2 41 13
1 27 3 27
40 23 42 23
33 21 33 25
34 17 34 27
32 35 35 35
40 32 40 33
2 28 6 28
21 20 27 20
11 30 13 30
3 26 3 27
9 32 9 33
25 22 27 22
20 42 28 42
32 26 33 26
37 3 39 3
40 33 40 43
18 8 21 8
24 1 28 1
28 6 28 8
18 18 26 18
6 4 7 4
4 36 5 36
15 8 18 8
1 29 1 31
19 26 19 27
15 8 15 12
39 14 41 14
25 37 28 37
2 35 2 36
31 2 31 6
7 4 9 4
37 31 43 31
37 6 37 14
6 22 7 22
43 16 43 22
30 2 31 2
29 25 30 25
6 18 6 22
2 34 2 35
33 17 34 17
38 21 39 21
26 16 26 18
1 4 1 8
17 4 21 4
17 2 17 4
9 13 9 19
33 31 37 31
28 41 28 42
6 14 6 18
1 4 6 4
18 42 20 42
1 41 9 41
13 2 17 2
20 41 20 42
32 23 32 26
11 31 15 31
37 16 43 16
20 1 20 2
28 35 28 36
28 36 28 37
39 17 39 18
4 22 6 22
14 42 18 42
38 28 42 28
13 0 15 0
1 8 1 14
13 41 20 41
33 33 40 33
37 14 39 14
28 37 28 41
39 22 39 23
1 0 1 3
9 19 13 19
37 6 39 6
27 22 28 22
9 13 10 13
25 37 25 38
9 41 13 41
