305
13 27 13 26
31 33 31 32
8 28 7 28
24 45 23 45
31 2 30 2
35 16 34 16
30 3 29 3
23 20 23 21
24 0 24 1
38 32 38 33
23 4 23 3
19 42 19 41
15 27 15 26
2 23 2 24
15 44 15 43
35 5 34 5
19 10 19 11
1 44 1 43
29 42 30 42
32 1 32 0
2 38 3 38
8 3 8 2
18 2 17 2
40 27 40 28
41 26 41 25
22 8 22 9
35 19 36 19
17 0 17 1
39 29 40 29
23 19 22 19
35 31 35 30
25 12 25 11
45 17 45 18
20 18 19 18
41 20 42 20
30 38 30 39
7 9 7 10
41 6 41 7
5 7 5 8
31 3 30 3
5 40 5 41
21 32 21 31
39 37 39 38
32 26 33 26
43 24 42 24
15 26 14 26
7 28 7 29
38 33 37 33
13 26 13 25
27 36 26 36
37 26 38 26
5 6 5 7
12 19 13 19
11 25 10 25
42 13 42 14
42 14 42 15
37 19 38 19
23 21 24 21
35 17 35 18
24 10 23 10
34 2 34 3
1 8 2 8
34 5 34 6
23 10 22 10
13 25 13 24
14 43 14 44
5 41 5 42
35 37 36 37
22 19 22 20
44 19 45 19
30 2 29 2
17 10 18 10
8 0 8 1
28 20 28 21
30 42 30 43
41 25 40 25
8 41 9 41
30 39 30 40
8 4 9 4
25 30 24 30
8 14 8 13
3 12 3 13
17 1 16 1
27 13 27 14
34 6 34 7
22 9 21 9
20 15 21 15
21 26 21 27
34 7 33 7
29 2 29 1
11 21 10 21
34 18 34 17
21 9 20 9
12 2 12 3
14 26 14 25
43 23 43 22
22 10 22 11
31 32 31 31
3 43 3 42
39 7 40 7
36 4 35 4
14 38 15 38
3 42 3 41
45 45 45 44
27 14 27 15
42 15 43 15
12 26 13 26
15 6 16 6
20 37 20 36
4 15 3 15
34 3 34 4
28 8 28 7
13 45 14 45
16 22 16 21
17 2 17 1
7 6 7 5
20 45 20 44
10 21 10 20
23 3 23 2
43 42 42 42
8 13 7 13
33 42 33 41
28 17 28 18
28 45 27 45
1 31 2 31
18 44 18 43
14 25 13 25
6 41 5 41
16 1 15 1
35 25 35 26
10 28 11 28
14 15 15 15
29 1 28 1
28 39 27 39
5 8 5 9
28 18 29 18
3 41 3 40
23 39 23 38
5 15 4 15
27 45 27 44
17 35 16 35
10 0 9 0
13 43 13 42
13 17 14 17
9 31 10 31
23 45 22 45
27 34 28 34
42 42 42 41
16 35 15 35
36 38 35 38
2 8 3 8
31 34 31 33
13 34 13 35
32 0 31 0
43 22 43 21
18 10 19 10
33 7 32 7
29 3 29 4
28 27 27 27
27 20 28 20
19 41 19 40
20 44 19 44
35 30 35 29
34 4 34 5
31 0 30 0
10 31 11 31
43 21 43 20
27 29 27 30
39 38 40 38
5 42 5 43
44 27 44 28
24 18 23 18
19 40 19 39
5 18 6 18
26 19 26 20
21 27 21 28
19 5 20 5
31 11 31 12
19 11 19 12
28 20 29 20
17 5 16 5
19 44 19 43
5 7 6 7
3 13 4 13
43 20 43 19
31 31 31 30
28 7 28 6
34 17 35 17
37 33 36 33
15 35 15 36
29 18 30 18
12 0 12 1
3 35 2 35
40 25 39 25
24 4 24 5
38 19 38 18
6 34 6 35
11 35 10 35
32 23 32 24
32 7 31 7
31 30 31 29
3 39 2 39
30 3 29 3
15 30 14 30
13 25 12 25
3 8 4 8
10 26 11 26
33 41 33 40
45 18 44 18
14 45 15 45
6 18 6 19
10 35 9 35
30 40 30 41
19 43 19 42
27 30 27 31
2 31 3 31
9 0 8 0
27 44 27 43
18 41 18 40
29 3 28 3
19 42 19 41
27 15 28 15
15 1 15 2
24 35 24 36
12 1 12 2
7 12 6 12
8 0 7 0
20 9 19 9
34 5 34 6
42 41 42 40
6 8 7 8
36 33 35 33
34 16 34 17
6 7 6 8
38 34 38 35
9 41 9 40
8 15 8 16
19 41 19 40
2 24 3 24
27 43 27 42
24 1 24 2
20 36 21 36
34 6 34 7
3 24 3 25
6 19 6 20
6 20 5 20
7 0 7 1
22 20 22 21
3 31 4 31
30 0 29 0
2 19 2 20
35 33 34 33
23 24 23 23
39 25 38 25
13 35 14 35
38 35 39 35
22 21 21 21
25 4 24 4
38 25 37 25
28 1 27 1
11 31 12 31
45 36 45 35
37 25 37 26
15 2 14 2
29 0 29 1
39 35 40 35
28 15 29 15
29 15 29 14
18 40 18 39
3 25 3 26
40 16 41 16
44 18 43 18
14 35 14 36
34 17 34 18
38 18 39 18
39 18 40 18
26 35 26 34
28 6 28 5
4 8 5 8
40 35 41 35
40 38 41 38
21 21 20 21
14 2 14 3
24 32 24 33
39 34 40 34
19 18 19 17
33 40 34 40
22 45 21 45
12 3 12 4
6 12 6 11
1 12 1 13
14 11 14 12
7 29 7 30
6 11 5 11
18 43 18 42
28 3 27 3
5 20 5 21
40 18 40 19
41 40 41 39
42 40 41 40
39 22 40 22
27 1 27 2
41 40 40 40
24 36 23 36
23 23 24 23
194
7 1 8 1
21 43 21 45
21 31 21 36
23 36 26 36
27 35 27 39
20 21 20 29
16 6 16 7
7 1 7 5
14 36 15 36
42 20 42 24
41 35 41 38
39 14 44 14
5 43 15 43
16 2 23 2
7 5 7 8
24 31 27 31
10 25 12 25
1 43 5 43
39 6 42 6
35 18 35 20
15 41 15 43
9 9 9 20
36 29 40 29
42 19 42 20
9 20 10 20
4 5 7 5
23 38 25 38
24 4 29 4
5 9 5 11
38 10 38 14
25 21 27 21
8 40 9 40
29 33 31 33
40 19 42 19
1 13 1 15
4 13 4 15
16 5 20 5
40 19 40 22
20 5 20 11
23 36 23 38
41 35 45 35
37 6 39 6
39 8 39 9
44 14 44 20
35 29 36 29
4 5 4 13
10 20 10 25
14 12 14 17
24 5 28 5
42 4 42 6
2 20 4 20
39 6 39 8
16 21 20 21
42 44 45 44
29 1 29 4
41 38 41 39
38 10 39 10
29 14 35 14
28 21 29 21
11 2 12 2
15 41 17 41
24 23 35 23
24 4 24 5
10 12 10 20
5 41 5 43
45 8 45 9
3 40 8 40
20 5 24 5
40 28 40 29
35 14 38 14
17 1 29 1
4 20 9 20
42 24 42 28
20 29 21 29
5 30 7 30
21 36 23 36
4 13 7 13
40 28 42 28
18 37 18 39
5 8 5 9
41 44 42 44
9 40 19 40
11 26 11 28
15 36 21 36
5 9 8 9
6 8 7 8
12 2 16 2
33 24 42 24
39 9 39 10
35 4 35 8
38 44 41 44
17 41 21 41
35 29 35 38
1 13 4 13
12 31 21 31
30 41 41 41
12 17 12 25
35 38 41 38
29 4 35 4
24 30 24 31
27 21 28 21
4 31 12 31
3 38 3 40
26 20 29 20
43 15 43 18
21 41 21 43
14 12 19 12
35 8 39 8
30 26 33 26
41 41 41 44
15 43 15 45
12 25 12 28
11 2 11 3
39 10 39 14
34 18 35 18
31 7 31 12
5 26 9 26
16 5 16 6
24 12 24 21
13 19 13 24
14 17 14 24
29 14 29 20
24 21 24 23
34 33 34 40
42 20 44 20
31 29 35 29
19 9 19 10
19 12 24 12
35 26 37 26
21 28 24 28
5 21 5 26
43 18 43 19
11 3 14 3
6 35 9 35
13 24 14 24
19 10 19 12
27 27 33 27
14 3 14 4
35 18 43 18
24 21 25 21
10 2 11 2
31 33 31 39
14 17 16 17
5 26 5 30
31 7 34 7
19 39 19 40
27 39 31 39
34 40 40 40
9 37 9 40
23 2 24 2
9 35 9 37
24 2 25 2
5 35 6 35
12 28 12 31
21 29 21 31
24 23 24 28
14 24 14 30
21 43 30 43
20 11 22 11
27 31 27 35
35 23 37 23
9 26 11 26
15 37 18 37
8 9 8 16
8 2 10 2
41 15 41 16
33 26 35 26
25 2 27 2
8 1 17 1
30 18 34 18
31 33 34 33
27 39 27 42
16 17 19 17
18 39 19 39
27 2 27 3
19 39 27 39
8 2 8 9
15 37 15 38
4 15 4 20
41 39 41 41
27 27 27 31
33 25 33 26
14 4 14 12
33 26 33 27
3 26 3 38
41 15 43 15
37 26 37 28
30 41 30 43
35 20 35 23
24 12 31 12
3 26 5 26
21 15 21 28
24 28 24 30
42 28 44 28
