226
15 14 16 14
9 14 8 14
20 1 19 1
21 12 21 13
11 21 11 20
12 13 11 13
10 7 11 7
19 11 20 11
21 13 22 13
18 11 19 11
20 19 19 19
21 7 20 7
14 14 15 14
10 22 10 21
20 15 20 16
17 7 16 7
13 13 13 14
9 18 8 18
0 8 1 8
2 2 2 3
13 11 12 11
15 1 15 2
9 10 9 11
12 21 11 21
9 9 9 10
16 18 15 18
10 17 11 17
18 7 17 7
18 10 18 11
11 15 11 16
14 13 14 14
9 11 9 12
17 20 17 21
1 17 1 16
14 10 14 11
12 12 11 12
10 8 10 7
9 16 8 16
11 22 10 22
10 12 10 11
14 9 14 10
3 5 4 5
3 13 2 13
19 7 18 7
20 6 20 5
18 5 17 5
4 12 4 13
21 6 20 6
12 14 12 13
19 6 19 7
2 14 2 15
21 15 20 15
11 8 10 8
13 12 13 11
8 20 9 20
9 3 10 3
13 1 13 2
10 19 11 19
19 20 19 21
3 0 2 0
14 12 14 13
11 9 11 8
18 20 18 19
19 2 18 2
13 20 14 20
14 11 14 12
21 1 20 1
5 7 5 8
8 11 9 11
22 17 21 17
20 7 20 8
2 9 3 9
7 20 8 20
7 2 7 3
15 9 14 9
16 21 16 20
4 11 5 11
2 10 2 9
14 20 15 20
18 9 18 10
13 19 13 20
4 3 4 2
7 21 7 20
16 20 16 19
14 21 14 20
8 20 8 19
6 12 6 11
21 5 21 6
5 6 5 7
20 14 20 13
7 1 6 1
7 20 8 20
10 20 10 19
15 16 16 16
16 22 16 21
11 21 11 22
4 10 4 11
21 20 20 20
17 16 17 17
18 6 19 6
20 16 20 17
3 1 3 0
8 19 9 19
0 9 0 8
4 6 5 6
8 7 7 7
10 14 9 14
4 13 3 13
14 12 13 12
4 9 5 9
7 5 8 5
0 17 1 17
14 3 14 4
7 11 7 12
20 5 21 5
16 21 16 20
8 22 8 21
0 13 0 14
22 8 21 8
19 5 20 5
8 12 8 11
2 1 2 2
0 10 0 9
13 12 12 12
0 11 0 10
21 16 21 15
17 9 18 9
1 0 1 1
19 4 19 5
19 5 18 5
15 12 14 12
6 11 7 11
16 9 17 9
18 9 19 9
20 6 20 7
7 19 7 20
4 1 5 1
22 14 21 14
4 2 5 2
9 20 10 20
11 10 11 9
16 1 16 0
9 17 10 17
1 10 2 10
17 9 18 9
15 21 14 21
7 18 7 19
16 19 16 18
10 18 11 18
14 17 14 18
19 18 20 18
16 8 16 9
20 4 19 4
13 8 14 8
21 11 21 12
19 1 19 0
7 19 8 19
0 18 1 18
4 16 5 16
4 0 4 1
19 15 18 15
8 20 9 20
16 9 17 9
9 19 9 18
22 7 21 7
15 10 15 9
17 8 16 8
5 9 5 10
8 19 9 19
10 15 10 14
10 2 11 2
20 11 21 11
5 11 6 11
21 14 20 14
18 21 18 20
16 10 16 9
22 13 22 14
17 7 17 8
20 1 19 1
1 5 2 5
5 10 5 11
15 19 16 19
17 15 17 16
13 18 13 19
8 5 8 6
4 14 4 13
2 0 1 0
12 22 12 21
18 15 17 15
12 21 11 21
12 17 12 18
17 15 16 15
21 2 21 1
6 10 5 10
13 17 14 17
1 1 2 1
7 4 7 5
17 16 17 15
14 12 13 12
6 18 5 18
12 1 13 1
19 17 19 18
7 20 7 19
22 16 22 17
4 22 3 22
16 18 16 17
10 14 10 15
7 19 7 20
4 20 3 20
2 10 1 10
15 0 15 1
20 10 20 11
14 17 13 17
8 9 9 9
20 9 21 9
1 0 2 0
15 1 16 1
5 21 6 21
4 17 4 16
21 4 20 4
5 10 4 10
22 11 22 10
21 21 20 21
12 20 12 21
14 19 15 19
19 4 19 5
170
18 19 19 19
20 17 21 17
19 19 19 21
11 21 12 21
0 15 0 16
0 14 0 15
14 10 17 10
20 18 20 20
8 21 9 21
17 5 18 5
3 10 3 11
12 0 12 2
20 13 20 14
7 6 7 7
17 9 17 10
14 15 15 15
10 15 12 15
22 10 22 12
18 7 18 8
12 12 13 12
12 10 13 10
7 3 8 3
19 11 19 12
18 9 19 9
18 5 18 7
13 10 14 10
5 16 5 18
9 19 9 20
19 14 20 14
2 3 2 4
13 20 13 21
15 19 16 19
5 18 8 18
12 15 12 16
9 12 11 12
18 14 19 14
16 1 19 1
11 0 12 0
8 3 8 4
9 18 11 18
19 6 21 6
8 14 9 14
11 17 11 18
9 10 10 10
21 12 22 12
4 1 4 5
16 16 16 17
19 1 19 3
9 12 9 13
13 19 15 19
13 17 15 17
7 16 8 16
22 6 22 10
11 7 11 8
9 18 9 19
21 3 21 5
3 13 3 14
13 21 14 21
18 7 19 7
9 14 9 15
0 8 0 9
14 9 15 9
16 4 17 4
3 4 3 6
0 16 0 19
9 15 9 18
5 20 5 22
19 21 20 21
17 21 19 21
19 5 19 6
8 16 8 17
7 13 7 15
0 1 0 2
5 12 7 12
0 1 2 1
15 15 15 17
4 11 5 11
11 8 12 8
0 21 0 22
18 3 19 3
18 10 19 10
14 21 17 21
12 19 13 19
19 12 20 12
4 7 5 7
0 6 1 6
1 4 1 6
12 13 14 13
5 13 5 14
2 1 4 1
15 17 16 17
8 3 10 3
3 3 3 4
20 12 21 12
8 17 8 18
0 14 3 14
6 21 8 21
4 10 7 10
5 11 5 12
7 10 8 10
12 9 12 10
13 1 14 1
20 20 22 20
3 9 3 10
21 15 21 17
17 21 17 22
6 4 8 4
21 6 22 6
13 21 13 22
11 12 12 12
3 10 4 10
16 19 17 19
8 10 9 10
20 21 20 22
12 8 12 9
6 16 7 16
17 10 18 10
5 7 5 8
12 8 14 8
20 3 21 3
7 12 9 12
14 10 14 13
10 1 10 3
9 19 10 19
6 3 6 4
4 11 4 13
12 19 12 21
11 22 13 22
8 8 8 10
19 18 19 19
2 4 3 4
20 17 20 18
9 13 9 14
14 13 15 13
12 2 13 2
6 6 7 6
17 4 17 5
8 6 8 8
17 18 17 19
16 7 18 7
14 1 16 1
0 10 1 10
7 15 7 16
1 10 3 10
4 5 4 7
18 8 18 9
19 16 19 18
12 11 12 12
7 0 7 3
3 14 5 14
8 18 8 21
0 10 0 14
10 13 10 15
4 7 4 10
16 3 18 3
12 13 12 15
19 3 19 5
10 10 12 10
16 16 19 16
11 18 12 18
11 17 13 17
19 14 19 16
10 21 11 21
9 21 10 21
1 4 2 4
16 19 16 20
19 10 19 11
21 12 21 15
8 4 8 6
5 13 7 13
