113
34 18 35 18
3 14 4 14
31 16 31 17
30 6 30 7
35 26 35 25
16 21 16 22
24 28 24 27
31 25 31 24
9 10 10 10
25 8 25 9
29 5 29 6
19 3 19 2
17 20 16 20
15 24 14 24
17 13 18 13
4 14 4 13
10 13 10 14
10 27 11 27
24 8 24 7
29 31 29 32
23 25 23 26
8 33 8 32
7 10 7 9
1 25 0 25
25 32 26 32
12 20 11 20
10 24 10 25
9 18 10 18
10 8 10 9
21 8 21 9
8 26 8 27
27 0 28 0
10 3 11 3
31 7 31 6
22 21 21 21
10 0 10 1
13 1 13 2
31 17 31 18
3 6 3 5
11 16 12 16
30 7 30 8
11 33 11 32
5 11 6 11
20 35 21 35
1 9 0 9
18 4 18 5
7 35 6 35
35 25 34 25
19 17 18 17
29 10 28 10
3 31 4 31
27 29 28 29
13 22 12 22
15 33 15 32
20 1 20 0
24 16 24 15
30 10 31 10
7 24 7 23
20 25 20 26
19 4 18 4
14 31 15 31
25 24 26 24
0 25 0 24
8 2 8 1
16 12 16 13
32 28 31 28
19 32 19 31
12 31 13 31
0 0 0 1
30 8 29 8
11 35 11 34
31 28 30 28
22 1 21 1
6 20 6 19
11 27 12 27
20 11 20 10
2 24 2 23
13 0 13 1
11 34 12 34
14 7 15 7
7 34 6 34
16 9 15 9
24 15 24 14
6 9 6 10
0 24 0 23
12 16 13 16
17 30 17 31
33 7 32 7
22 27 22 28
19 24 19 23
7 2 7 1
0 10 1 10
26 18 26 17
18 5 17 5
2 23 2 22
22 28 22 29
13 1 12 1
0 23 0 22
23 35 23 34
6 2 6 1
12 1 12 2
26 4 27 4
7 9 8 9
7 23 8 23
0 1 0 2
23 34 23 33
20 10 20 9
34 23 33 23
5 7 5 6
25 4 26 4
32 16 32 17
17 24 16 24
0 22 1 22
187
26 32 29 32
26 26 26 28
23 20 23 24
27 1 27 4
26 32 26 34
1 26 1 28
12 5 17 5
15 22 15 31
17 5 19 5
26 4 27 4
8 10 10 10
33 29 34 29
29 8 29 13
15 9 20 9
30 29 33 29
10 14 12 14
21 2 21 3
0 26 1 26
25 10 26 10
26 17 26 24
17 5 17 8
1 23 3 23
10 2 10 9
15 32 17 32
6 10 8 10
15 31 15 32
16 20 16 22
6 35 21 35
6 34 6 35
26 24 26 25
17 8 26 8
4 35 6 35
26 8 26 10
15 22 16 22
21 34 21 35
12 22 15 22
29 13 29 15
12 5 12 6
27 19 27 22
10 25 13 25
5 0 6 0
16 11 16 13
26 8 29 8
13 31 15 31
26 17 32 17
26 16 28 16
13 26 13 31
4 22 8 22
28 24 31 24
12 2 13 2
22 16 22 17
13 25 13 26
19 34 21 34
26 30 26 32
21 0 28 0
4 13 4 17
6 16 8 16
3 2 3 5
3 23 8 23
13 8 15 8
31 8 31 10
12 14 12 18
10 1 16 1
26 4 26 8
1 28 6 28
23 26 23 27
1 23 1 26
3 8 3 23
4 31 4 35
19 26 19 31
4 19 6 19
5 16 6 16
34 29 35 29
15 7 15 8
23 24 26 24
9 14 9 24
22 17 26 17
29 32 30 32
21 20 23 20
1 26 13 26
34 33 34 34
30 29 30 32
24 9 25 9
26 24 28 24
21 20 21 21
1 14 1 21
9 13 16 13
8 16 8 22
15 8 17 8
10 34 12 34
21 34 26 34
4 13 5 13
3 0 3 2
10 9 15 9
7 30 7 32
1 10 1 14
34 26 34 29
11 3 11 8
21 9 21 19
21 9 24 9
13 3 18 3
12 18 12 22
31 6 31 8
26 25 26 26
10 9 10 10
26 2 26 4
10 2 12 2
26 26 34 26
18 3 18 4
22 16 26 16
34 8 34 13
7 32 7 33
13 2 19 2
9 13 9 14
12 33 12 34
7 33 12 33
20 31 25 31
19 31 20 31
10 11 16 11
30 28 30 29
17 19 17 21
35 28 35 29
1 2 3 2
20 31 20 33
18 15 18 17
20 26 23 26
9 24 14 24
27 18 27 19
5 16 5 18
30 33 34 33
5 5 5 6
8 6 8 9
18 3 21 3
21 0 21 1
1 2 1 4
26 10 26 16
16 13 16 19
6 28 6 34
12 27 12 33
29 6 31 6
31 8 34 8
34 19 34 25
16 19 17 19
5 13 9 13
12 33 20 33
0 2 1 2
27 18 31 18
1 4 1 10
5 6 8 6
29 25 34 25
24 9 24 14
18 13 18 15
17 31 19 31
17 21 17 31
16 1 21 1
20 22 20 26
11 3 13 3
27 19 34 19
19 26 20 26
4 17 4 19
16 13 18 13
22 14 24 14
31 6 35 6
22 4 22 5
28 0 28 6
8 1 10 1
3 5 5 5
18 4 22 4
21 2 25 2
4 11 4 13
8 22 8 23
35 21 35 28
22 11 22 14
15 8 15 9
34 14 34 19
23 27 24 27
34 13 34 14
28 6 29 6
21 1 21 2
17 19 21 19
13 16 13 19
13 19 16 19
5 6 5 13
1 21 1 22
20 33 23 33
8 1 8 6
1 22 2 22
