239
13 16 13 15
3 17 3 18
15 1 16 1
11 17 11 18
5 10 4 10
20 4 21 4
17 15 17 14
2 19 3 19
4 6 4 5
11 6 11 7
17 2 17 1
18 18 18 19
2 17 3 17
7 17 7 18
6 19 6 18
18 2 17 2
7 16 7 17
7 1 6 1
3 0 4 0
18 17 18 18
19 13 18 13
16 12 17 12
4 18 4 17
20 3 20 4
20 8 21 8
3 1 3 0
18 15 17 15
0 20 0 21
7 20 8 20
17 1 17 0
10 2 9 2
8 14 9 14
4 21 4 20
2 1 3 1
2 10 1 10
3 21 2 21
8 21 7 21
4 15 4 14
19 14 19 13
10 17 11 17
13 17 13 16
15 2 15 1
13 18 13 17
4 4 5 4
19 15 18 15
7 0 7 1
5 5 6 5
18 10 19 10
20 15 19 15
15 15 15 16
4 14 3 14
1 17 2 17
20 16 20 15
19 2 18 2
7 5 7 4
17 8 18 8
6 18 5 18
12 18 13 18
20 17 20 16
21 3 20 3
18 11 18 10
1 16 1 17
5 3 5 2
3 12 4 12
19 17 20 17
5 4 5 5
1 1 2 1
1 7 1 6
8 19 8 18
16 15 15 15
10 11 10 10
3 15 4 15
18 13 17 13
16 5 16 4
9 10 8 10
18 14 18 13
19 16 19 17
6 10 5 10
7 19 8 19
10 6 11 6
15 7 16 7
3 14 3 15
6 6 5 6
3 4 3 3
7 18 6 18
14 11 15 11
19 15 19 14
20 16 19 16
7 21 7 20
2 16 1 16
1 20 1 21
12 17 12 18
3 16 2 16
19 8 19 9
4 15 4 14
11 11 10 11
3 10 2 10
20 19 21 19
3 13 3 14
19 17 18 17
6 3 5 3
8 16 7 16
16 14 16 15
10 16 10 17
13 15 14 15
20 3 21 3
19 11 18 11
19 19 20 19
5 21 4 21
19 7 19 8
19 16 19 15
15 12 16 12
21 16 20 16
4 16 4 15
20 2 20 3
16 20 17 20
10 5 10 6
10 7 10 8
8 20 8 21
3 15 3 16
15 3 15 2
20 1 20 2
8 6 8 5
14 3 15 3
21 1 20 1
7 20 7 19
17 9 17 8
4 7 4 6
19 8 20 8
20 16 19 16
17 3 17 4
10 10 9 10
20 11 19 11
4 19 4 18
16 9 17 9
9 20 8 20
19 6 19 7
21 2 21 1
17 2 17 1
14 21 15 21
2 13 3 13
13 11 14 11
15 20 16 20
10 3 10 2
6 18 6 19
7 17 7 18
13 16 12 16
2 12 3 12
4 3 4 4
19 18 19 19
12 13 12 12
1 12 2 12
3 20 3 21
14 20 14 21
21 15 21 16
10 0 11 0
7 16 7 17
3 19 3 20
19 11 20 11
20 2 21 2
18 19 17 19
0 19 0 20
19 13 20 13
2 15 3 15
3 16 4 16
20 6 19 6
9 21 9 20
13 1 13 0
20 15 21 15
1 19 0 19
14 19 14 20
20 1 20 2
2 18 2 19
19 1 20 1
16 10 16 9
19 0 19 1
10 4 10 5
1 13 2 13
7 11 8 11
14 4 14 3
10 15 10 16
17 10 16 10
8 7 8 6
19 7 19 8
1 14 1 13
16 6 16 5
20 0 19 0
10 1 10 0
2 16 3 16
15 6 15 7
19 19 18 19
20 19 19 19
21 19 20 19
6 0 5 0
9 4 10 4
9 15 10 15
10 15 9 15
16 10 17 10
19 12 19 13
5 3 5 4
20 2 19 2
15 13 15 12
20 1 20 2
18 3 17 3
14 20 15 20
16 18 15 18
19 3 18 3
21 6 20 6
17 14 16 14
9 10 10 10
20 3 19 3
11 5 11 4
13 19 14 19
21 0 20 0
16 14 17 14
8 15 8 16
8 5 9 5
19 16 19 17
15 21 16 21
21 15 20 15
2 14 1 14
1 2 1 1
19 8 19 7
21 20 21 19
18 12 19 12
19 10 19 11
20 2 20 1
8 19 9 19
10 5 11 5
21 19 21 20
14 19 14 20
2 4 3 4
11 5 10 5
0 19 1 19
21 16 20 16
5 20 5 21
18 13 18 12
3 9 3 10
8 16 8 15
159
4 1 6 1
6 13 7 13
13 17 14 17
12 6 13 6
9 14 9 15
4 16 4 17
16 21 17 21
17 11 18 11
13 5 13 6
8 18 8 20
11 1 11 2
16 9 17 9
15 9 15 11
13 14 13 17
15 14 17 14
3 17 4 17
18 9 19 9
16 11 17 11
17 7 18 7
11 6 12 6
19 4 20 4
6 5 6 7
2 17 3 17
18 20 19 20
14 1 14 2
19 7 19 9
19 14 19 15
18 2 19 2
12 18 12 19
8 2 8 3
11 16 11 17
17 20 17 21
12 1 12 3
15 0 15 1
6 19 7 19
11 3 12 3
6 20 8 20
8 10 8 11
7 3 8 3
9 17 10 17
18 7 19 7
11 0 11 1
1 5 2 5
6 16 9 16
0 1 0 2
11 17 13 17
17 13 17 14
0 16 0 17
9 1 11 1
17 14 19 14
15 4 16 4
7 18 8 18
20 4 21 4
6 8 6 9
12 3 12 4
18 15 18 16
16 0 16 1
4 0 5 0
1 11 1 13
2 11 3 11
12 12 12 14
10 5 10 6
10 11 10 12
10 6 10 8
10 4 11 4
11 4 11 6
4 6 5 6
4 5 5 5
3 3 7 3
15 11 15 12
15 12 15 14
10 12 12 12
17 6 17 7
12 4 12 5
0 20 2 20
9 8 10 8
3 4 4 4
7 17 7 18
21 11 21 12
9 3 9 5
10 11 14 11
15 9 16 9
1 13 1 14
17 15 17 16
12 19 15 19
17 9 18 9
2 19 5 19
4 4 5 4
8 11 8 12
3 8 3 10
19 11 20 11
8 20 9 20
7 13 8 13
20 1 20 4
19 5 19 6
8 6 9 6
2 13 2 17
17 20 18 20
6 16 6 17
14 6 17 6
3 8 4 8
14 11 15 11
19 17 19 19
2 20 2 21
9 11 10 11
2 5 2 7
19 20 20 20
12 1 14 1
20 0 20 1
0 7 2 7
8 10 10 10
16 17 16 19
19 19 19 20
3 10 3 11
9 5 10 5
5 19 6 19
3 4 3 5
1 17 2 17
15 2 16 2
9 3 11 3
8 0 8 2
2 2 3 2
8 12 8 13
6 7 6 8
19 15 19 17
15 19 16 19
10 16 11 16
5 0 8 0
16 2 18 2
4 6 4 8
15 0 16 0
3 15 4 15
6 5 9 5
3 2 3 3
19 1 20 1
5 5 6 5
16 1 17 1
8 3 9 3
6 17 6 19
19 9 19 11
6 9 6 11
1 11 2 11
14 2 14 3
2 19 2 20
16 19 16 20
8 3 8 4
19 6 19 7
2 17 2 19
12 14 13 14
17 14 17 15
9 15 9 16
9 16 10 16
14 3 14 6
4 8 4 9
0 2 2 2
14 2 15 2
2 7 3 7
2 5 3 5
3 7 3 8
