318
29 5 28 5
13 8 14 8
24 16 25 16
4 16 5 16
11 23 12 23
23 8 22 8
21 3 20 3
18 22 19 22
11 4 12 4
12 12 12 11
20 29 20 28
7 24 8 24
28 7 27 7
27 16 26 16
11 24 11 23
9 20 9 19
28 13 29 13
12 13 13 13
21 15 21 14
27 20 26 20
20 22 20 21
24 17 25 17
3 19 4 19
24 21 24 20
21 27 20 27
24 8 25 8
24 6 23 6
8 24 9 24
10 14 10 13
19 13 20 13
25 22 25 21
16 26 16 27
11 21 11 20
10 27 11 27
27 13 28 13
16 7 17 7
20 5 21 5
29 6 29 5
28 10 27 10
28 9 28 8
28 21 29 21
14 21 14 20
14 8 14 9
25 13 25 12
7 29 6 29
25 23 24 23
13 24 13 25
21 13 22 13
2 26 2 25
11 13 12 13
25 12 25 11
5 26 4 26
28 17 27 17
19 26 19 25
15 16 16 16
24 15 24 16
22 14 23 14
6 24 6 23
13 11 13 12
8 20 8 21
7 21 6 21
1 14 2 14
11 22 11 21
6 8 7 8
4 28 4 29
29 9 28 9
12 11 11 11
18 0 18 1
18 25 18 24
11 11 11 12
21 19 21 20
16 15 15 15
18 13 18 12
15 5 15 4
19 8 20 8
16 4 16 5
22 16 21 16
14 17 15 17
7 28 7 29
2 28 1 28
4 13 4 12
29 4 28 4
29 5 29 4
6 21 5 21
26 13 27 13
4 14 4 15
5 14 5 13
26 14 26 13
15 21 14 21
15 1 15 2
4 24 5 24
10 24 10 25
12 23 12 24
19 25 18 25
28 4 28 3
1 11 2 11
9 24 10 24
13 2 12 2
27 21 28 21
24 10 25 10
7 27 7 28
17 21 17 20
20 13 20 12
13 0 13 1
5 11 4 11
11 19 10 19
14 1 15 1
8 19 8 18
24 14 24 15
2 14 3 14
6 29 5 29
12 6 13 6
5 8 6 8
20 1 21 1
18 27 18 28
19 15 19 14
8 23 8 24
14 24 14 25
20 4 20 5
1 15 1 14
27 2 27 1
6 28 6 29
11 12 11 13
12 7 12 8
9 21 9 20
22 15 22 14
29 7 28 7
15 3 16 3
20 5 20 6
21 14 21 13
16 9 17 9
15 20 15 21
26 4 27 4
2 25 3 25
27 19 27 20
14 9 15 9
8 21 9 21
20 27 19 27
27 20 27 21
23 5 24 5
3 14 4 14
27 13 27 12
2 27 2 28
15 2 15 3
11 15 12 15
5 27 5 28
21 5 21 6
14 0 14 1
11 0 12 0
21 18 22 18
25 0 25 1
5 7 5 8
8 5 8 4
19 27 19 26
20 7 21 7
22 4 22 3
18 26 18 27
9 20 10 20
26 13 25 13
15 25 15 26
13 17 12 17
14 1 14 2
28 9 27 9
15 13 15 14
25 6 24 6
10 22 11 22
2 13 2 14
19 1 19 0
15 12 15 11
27 4 28 4
20 28 20 27
28 6 29 6
14 2 14 3
6 11 7 11
15 17 15 16
7 4 7 3
29 21 29 20
24 29 24 28
8 2 9 2
10 23 10 22
22 2 23 2
28 2 27 2
19 4 19 3
14 18 14 17
26 15 26 14
20 23 21 23
14 10 14 9
15 9 15 10
18 25 17 25
20 9 21 9
23 14 24 14
20 27 19 27
27 1 28 1
6 15 6 16
7 20 8 20
18 8 19 8
2 14 3 14
25 20 25 19
18 1 17 1
24 3 23 3
28 3 28 2
0 11 1 11
12 0 13 0
13 1 13 2
13 0 13 1
22 18 22 17
14 21 13 21
17 25 17 24
7 6 7 5
21 1 21 2
25 15 26 15
9 19 8 19
23 21 22 21
24 11 24 10
26 29 27 29
21 2 21 3
13 2 13 3
2 28 3 28
3 25 4 25
10 24 10 23
24 16 23 16
17 10 16 10
22 3 22 2
25 10 25 9
1 16 0 16
12 22 12 23
26 6 25 6
16 8 16 9
15 8 15 9
16 20 15 20
6 8 6 7
12 10 12 11
22 20 22 19
14 9 14 8
21 3 21 4
2 11 2 12
20 6 20 7
28 4 28 3
13 3 13 4
0 24 1 24
9 5 10 5
3 3 3 4
8 7 8 6
29 4 28 4
22 2 22 1
4 11 4 10
4 25 5 25
28 4 27 4
2 0 2 1
14 8 15 8
10 7 10 6
22 27 21 27
19 26 19 25
4 14 5 14
16 18 16 19
19 27 19 26
6 6 6 5
27 2 26 2
6 1 7 1
3 13 2 13
2 12 3 12
5 24 6 24
19 14 20 14
19 25 18 25
26 2 25 2
19 26 18 26
20 26 21 26
28 2 27 2
22 17 22 16
5 14 6 14
27 29 26 29
21 27 20 27
15 18 16 18
4 12 5 12
5 25 6 25
2 2 2 3
5 15 5 14
1 27 1 26
21 26 20 26
20 19 21 19
22 21 22 22
25 2 24 2
6 14 6 13
4 26 4 25
22 16 22 15
5 16 5 15
24 2 24 3
15 20 15 19
25 1 25 2
18 25 17 25
22 29 23 29
3 26 3 27
13 1 13 2
23 16 22 16
13 2 13 3
21 20 21 21
3 11 4 11
10 2 10 1
19 5 20 5
18 18 18 19
25 2 24 2
8 27 7 27
22 15 21 15
15 8 16 8
12 19 11 19
14 25 14 26
18 26 17 26
5 13 4 13
23 0 22 0
4 8 4 7
21 15 21 14
27 9 28 9
28 9 27 9
20 10 20 9
9 9 10 9
2 8 2 9
17 0 18 0
19 6 20 6
180
3 18 3 21
11 13 12 13
16 6 16 8
10 12 13 12
10 16 10 17
7 5 7 8
17 1 22 1
27 9 27 10
11 27 11 29
3 18 8 18
23 3 24 3
28 3 28 5
27 23 29 23
16 13 21 13
3 0 6 0
13 14 13 15
24 2 27 2
3 21 5 21
12 15 13 15
13 10 15 10
11 29 12 29
15 15 15 16
13 13 16 13
6 0 6 5
9 13 10 13
15 6 16 6
12 2 12 4
12 8 12 9
3 5 6 5
27 12 28 12
12 23 12 24
12 2 17 2
27 2 27 4
5 8 7 8
1 24 1 26
18 21 20 21
13 12 13 13
10 19 10 20
16 27 17 27
20 21 21 21
29 14 29 15
17 24 17 25
18 21 18 24
10 4 12 4
10 19 11 19
27 21 27 23
23 3 23 6
23 12 23 13
22 1 28 1
1 23 1 24
10 23 11 23
6 26 6 27
5 28 5 29
25 5 25 6
14 3 15 3
23 11 25 11
10 17 12 17
5 21 5 28
10 13 10 15
17 27 18 27
6 13 8 13
10 17 10 18
20 6 21 6
17 1 17 2
15 21 15 22
16 17 17 17
15 9 15 10
14 22 15 22
15 3 15 4
24 12 24 13
8 13 9 13
23 10 23 11
5 9 5 10
28 7 28 8
6 5 7 5
3 28 5 28
5 10 5 12
28 1 28 3
15 14 15 15
21 10 23 10
21 6 23 6
12 13 12 15
23 12 24 12
17 17 18 17
20 7 20 8
20 20 20 21
27 11 27 12
25 21 27 21
23 6 23 7
20 14 21 14
18 6 20 6
10 18 10 19
26 18 26 19
18 24 18 27
27 12 27 15
27 15 27 17
24 10 27 10
21 13 21 14
13 4 15 4
9 8 12 8
21 10 21 13
7 28 8 28
23 7 23 10
21 21 25 21
5 1 5 2
6 20 8 20
23 10 24 10
12 24 17 24
13 12 17 12
8 20 8 24
28 16 29 16
8 16 8 18
9 16 10 16
28 5 28 7
9 27 11 27
5 14 5 15
5 8 5 9
18 15 20 15
24 15 24 18
5 28 7 28
11 22 11 23
17 25 17 26
8 24 12 24
14 22 14 23
27 18 27 21
7 8 9 8
25 6 25 7
1 14 3 14
27 17 27 18
24 2 24 3
11 22 13 22
6 25 7 25
10 15 10 16
15 15 18 15
13 3 13 4
29 15 29 16
14 17 16 17
13 10 13 12
24 13 24 14
20 15 24 15
15 21 16 21
8 20 10 20
14 17 14 20
15 26 17 26
20 8 20 9
21 4 21 6
24 15 26 15
24 14 24 15
25 7 25 8
18 20 18 21
6 24 8 24
25 8 28 8
5 10 7 10
7 5 10 5
27 11 28 11
16 17 16 18
5 12 5 14
28 8 28 11
10 4 10 5
3 12 5 12
26 15 27 15
12 17 14 17
3 14 3 18
12 8 16 8
25 11 25 13
2 1 5 1
16 21 18 21
6 27 7 27
10 12 10 13
6 24 6 25
13 15 15 15
3 14 5 14
6 13 6 16
13 22 14 22
7 27 9 27
25 21 25 24
6 25 6 26
19 8 20 8
15 4 21 4
16 8 19 8
