46
25 37 25 36
26 36 26 37
30 22 29 22
30 19 31 19
20 29 21 29
37 10 37 11
37 12 36 12
15 8 15 9
23 24 23 23
25 36 25 35
33 37 33 36
34 26 33 26
5 34 5 33
7 20 7 21
6 7 5 7
3 29 2 29
34 35 34 36
25 17 25 16
23 27 22 27
30 31 29 31
26 37 27 37
1 2 2 2
20 35 20 36
37 18 37 17
20 21 21 21
35 8 35 9
3 9 3 8
14 7 14 8
11 31 12 31
31 10 31 11
16 9 16 10
11 29 11 30
32 31 33 31
3 33 3 34
35 17 36 17
12 34 13 34
12 28 12 29
34 36 34 37
34 31 34 32
19 27 20 27
35 9 35 10
36 5 36 6
25 16 26 16
34 18 34 19
10 29 11 29
17 19 17 20
154
37 15 37 17
5 8 5 12
13 10 16 10
1 15 5 15
7 32 14 32
23 23 30 23
9 15 9 26
36 17 36 22
14 6 14 8
36 6 36 8
33 26 33 31
16 33 17 33
2 2 8 2
37 9 37 11
18 2 18 8
26 0 29 0
14 32 14 36
5 20 8 20
12 29 12 31
17 20 21 20
16 33 16 36
29 36 33 36
21 36 23 36
20 22 20 27
7 31 7 32
33 31 33 36
17 20 17 26
16 11 20 11
33 9 37 9
31 19 33 19
19 9 29 9
26 12 26 16
0 25 0 29
26 4 26 6
20 30 20 36
8 0 8 2
7 6 7 11
11 19 11 29
2 37 3 37
11 36 14 36
18 9 19 9
2 29 2 37
21 15 21 16
14 36 16 36
1 26 9 26
16 10 16 11
0 29 2 29
7 31 12 31
21 16 24 16
9 13 20 13
6 11 7 11
1 15 1 26
7 11 7 16
7 6 14 6
12 8 14 8
5 12 5 15
30 11 30 23
26 6 36 6
16 36 20 36
33 31 37 31
17 26 17 33
2 29 11 29
22 20 22 22
26 0 26 4
20 11 20 13
5 15 5 20
7 32 7 33
8 0 26 0
20 13 21 13
25 35 29 35
31 11 31 19
5 33 7 33
3 8 5 8
29 31 29 35
17 37 27 37
4 32 7 32
10 5 17 5
37 11 37 15
31 11 37 11
8 2 18 2
24 16 26 16
30 4 30 5
30 11 31 11
11 29 12 29
5 35 5 37
33 19 33 26
21 16 21 20
7 11 16 11
27 13 29 13
21 13 21 15
12 14 12 15
18 2 22 2
36 17 37 17
29 35 29 36
13 34 13 35
25 33 25 35
27 5 30 5
29 9 33 9
27 29 31 29
31 31 31 33
18 10 27 10
37 31 37 35
25 29 25 31
21 21 21 28
3 34 13 34
9 13 9 15
17 17 17 20
26 16 27 16
26 30 26 31
3 30 3 34
5 5 5 7
21 29 25 29
30 27 30 28
27 10 33 10
25 29 27 29
6 5 6 9
20 27 20 30
22 24 22 27
27 36 27 37
27 37 32 37
31 29 31 31
21 28 21 29
22 27 30 27
25 33 27 33
5 37 16 37
27 10 27 13
22 22 29 22
3 4 10 4
14 8 18 8
21 29 21 30
27 4 27 5
33 10 35 10
18 8 18 9
34 32 34 37
29 15 29 16
31 3 34 3
2 0 2 2
6 9 6 11
3 30 11 30
6 35 13 35
29 16 29 22
21 30 21 36
32 37 34 37
29 4 30 4
10 4 10 5
22 22 22 24
29 13 29 15
4 0 7 0
16 37 17 37
22 24 26 24
23 36 27 36
25 31 26 31
21 28 30 28
5 35 6 35
