316
31 6 31 7
29 42 29 43
19 34 20 34
43 14 43 13
21 5 20 5
42 32 41 32
35 28 36 28
23 41 24 41
6 11 6 10
27 42 28 42
27 24 26 24
41 18 42 18
15 28 15 29
6 18 6 17
8 20 8 21
32 11 33 11
7 30 7 31
32 29 33 29
20 17 20 16
33 29 33 30
20 16 21 16
37 4 36 4
16 27 16 28
11 29 11 28
39 26 38 26
22 25 21 25
37 12 37 13
18 35 19 35
13 42 13 41
33 34 33 33
37 35 38 35
30 22 30 23
38 2 39 2
23 3 23 4
41 32 40 32
44 28 43 28
36 31 36 30
28 42 28 41
16 3 16 4
2 13 2 14
7 31 7 32
23 22 24 22
39 27 38 27
15 10 16 10
42 17 41 17
0 31 1 31
21 33 21 32
43 28 43 29
19 35 19 36
43 30 42 30
34 34 35 34
14 5 15 5
5 33 5 32
10 8 9 8
28 44 29 44
16 28 16 29
10 42 10 41
0 29 0 30
14 42 14 43
36 21 35 21
38 11 38 12
21 36 20 36
29 11 30 11
6 41 7 41
19 42 20 42
40 32 39 32
25 21 26 21
23 4 23 5
34 14 35 14
28 25 28 24
33 6 33 7
2 14 3 14
0 8 1 8
40 3 39 3
15 0 15 1
7 27 8 27
39 3 38 3
28 41 28 40
35 21 35 20
19 20 20 20
17 37 17 36
36 12 37 12
2 38 1 38
3 14 4 14
19 29 20 29
20 20 20 21
5 41 4 41
20 29 20 30
41 22 41 23
5 36 4 36
27 18 26 18
22 2 23 2
2 43 3 43
20 44 19 44
6 17 6 16
6 16 7 16
20 21 20 22
14 29 13 29
37 13 38 13
8 21 8 22
11 28 11 27
12 37 12 36
21 12 21 13
42 18 42 17
14 34 14 33
44 12 43 12
0 30 0 31
32 24 32 25
15 30 14 30
4 4 5 4
19 26 19 25
8 1 9 1
19 44 19 43
33 5 33 6
34 36 35 36
11 39 11 38
9 6 9 5
2 15 1 15
16 10 16 9
6 34 7 34
37 20 38 20
0 9 0 10
39 32 38 32
8 27 9 27
32 30 32 31
39 22 40 22
16 4 16 5
21 13 21 14
42 17 42 16
23 2 23 3
25 13 24 13
20 5 20 6
29 5 29 6
21 6 21 7
12 26 12 27
3 12 2 12
3 10 4 10
23 10 24 10
17 36 17 35
4 34 5 34
24 41 25 41
8 14 9 14
38 13 39 13
0 31 0 32
41 4 40 4
29 18 29 17
7 16 8 16
40 19 39 19
36 15 36 16
23 26 24 26
18 18 18 17
5 4 6 4
15 1 15 2
18 19 18 18
44 11 43 11
42 30 41 30
7 34 7 33
25 10 25 9
7 33 8 33
20 41 21 41
35 19 34 19
8 28 9 28
20 22 20 23
20 23 21 23
37 36 37 35
30 39 29 39
37 21 37 22
21 23 21 24
31 7 32 7
4 14 5 14
42 16 43 16
11 38 11 37
30 11 30 12
9 1 9 2
28 40 28 39
38 24 38 25
20 43 21 43
20 6 19 6
37 22 37 23
6 42 6 41
18 17 18 16
15 2 14 2
15 42 14 42
21 24 22 24
35 34 35 35
17 35 17 34
10 2 10 3
25 16 26 16
18 16 18 15
1 8 2 8
35 14 35 15
11 27 11 26
11 26 11 25
18 18 18 17
1 38 0 38
44 33 44 32
21 41 21 42
8 4 9 4
20 12 21 12
26 21 26 20
18 15 18 14
20 30 20 31
14 1 15 1
32 36 32 37
21 43 21 44
30 3 31 3
6 4 6 5
5 32 5 31
8 16 9 16
8 30 7 30
40 4 39 4
37 35 37 34
12 41 12 42
31 3 32 3
41 43 42 43
44 32 44 31
2 8 2 9
18 17 18 16
5 31 6 31
16 15 17 15
33 25 33 26
16 9 16 8
20 40 20 39
28 39 28 38
38 20 38 21
43 35 43 34
8 33 9 33
39 5 40 5
6 31 7 31
35 15 36 15
24 13 23 13
32 25 31 25
5 15 4 15
34 31 34 30
9 16 9 15
13 11 13 10
15 1 15 2
18 16 18 15
18 14 18 13
29 1 29 2
22 24 22 25
5 34 5 35
37 39 36 39
42 25 43 25
18 28 18 27
31 25 30 25
16 8 16 7
25 41 26 41
21 42 21 43
11 25 12 25
14 2 13 2
15 6 15 7
26 41 26 42
21 32 21 31
2 12 2 13
21 31 21 30
17 34 17 33
37 23 37 24
40 7 39 7
19 6 18 6
14 30 14 29
7 41 8 41
31 2 31 3
39 16 38 16
34 30 34 29
9 27 10 27
7 31 8 31
17 33 17 32
9 4 10 4
13 2 13 3
2 9 2 10
8 41 9 41
21 12 22 12
3 3 4 3
5 14 6 14
16 7 16 6
21 30 21 29
9 33 9 32
38 44 39 44
18 26 19 26
12 2 11 2
22 25 23 25
38 32 38 33
14 33 14 32
18 10 19 10
8 31 9 31
28 38 28 37
28 37 28 36
12 25 12 26
2 21 1 21
35 20 35 19
37 29 37 28
21 29 22 29
22 12 23 12
38 33 37 33
8 25 9 25
34 29 35 29
9 28 10 28
26 42 27 42
15 43 15 42
35 19 35 18
39 7 39 8
13 10 12 10
38 21 38 22
29 3 30 3
38 22 37 22
37 24 37 25
38 4 38 5
39 4 38 4
22 29 23 29
30 25 29 25
37 22 37 23
27 42 28 42
44 34 44 35
39 8 38 8
9 32 10 32
184
32 7 32 9
37 23 37 25
16 29 23 29
32 12 37 12
19 5 23 5
8 22 8 32
6 5 6 10
25 25 29 25
14 32 17 32
7 32 7 35
10 3 12 3
19 7 21 7
32 9 32 12
10 28 10 31
10 28 13 28
28 36 28 42
6 14 9 14
1 30 1 31
36 35 38 35
36 35 36 39
30 18 35 18
23 12 23 13
20 34 20 36
41 17 41 23
28 36 35 36
9 31 9 35
32 13 32 15
33 6 33 7
36 39 42 39
38 27 38 35
32 12 32 13
12 3 13 3
42 39 42 43
41 0 41 1
44 31 44 35
29 2 39 2
37 12 38 12
35 26 35 29
24 2 29 2
17 28 19 28
13 37 19 37
39 2 39 13
10 31 10 32
9 15 17 15
21 10 24 10
38 8 38 12
26 18 26 20
33 7 34 7
19 26 21 26
15 7 18 7
19 26 19 28
39 13 40 13
29 25 29 26
43 29 43 31
39 1 41 1
37 23 41 23
20 31 20 33
10 3 10 4
43 16 43 25
35 26 38 26
26 22 26 24
24 10 28 10
23 19 23 25
21 19 21 25
5 10 6 10
38 3 38 4
9 35 9 41
42 29 43 29
23 25 23 29
19 4 19 5
30 12 32 12
21 16 22 16
9 2 11 2
14 42 14 43
19 43 21 43
26 16 36 16
36 15 36 16
29 6 33 6
26 22 32 22
18 13 18 15
2 24 2 29
9 31 10 31
35 35 36 35
15 29 16 29
33 26 35 26
26 16 26 18
12 7 12 10
19 30 33 30
0 32 0 38
35 35 35 36
23 13 23 16
14 29 15 29
38 26 38 27
23 13 32 13
10 27 10 28
10 32 14 32
12 3 12 7
25 9 32 9
5 16 10 16
29 39 29 43
6 5 8 5
32 3 37 3
18 13 23 13
21 14 21 16
14 43 19 43
37 3 37 12
19 36 19 37
24 22 26 22
20 34 37 34
21 25 21 26
12 22 12 26
43 31 44 31
43 13 43 16
9 14 9 15
11 2 15 2
5 10 5 16
26 20 26 22
9 2 9 5
10 37 11 37
2 13 3 13
17 15 18 15
23 25 25 25
19 37 19 43
10 16 21 16
15 5 16 5
21 43 29 43
15 2 24 2
38 35 44 35
32 22 40 22
11 0 11 2
40 11 40 13
38 12 38 16
40 29 42 29
40 13 40 22
7 32 8 32
16 6 18 6
19 36 20 36
16 30 19 30
29 2 29 6
40 13 43 13
5 42 12 42
0 32 7 32
16 5 16 6
36 28 36 30
26 18 30 18
2 10 2 13
8 22 12 22
14 29 14 32
38 25 38 26
20 39 21 39
24 2 24 10
19 30 19 31
33 30 36 30
37 25 38 25
43 16 44 16
18 7 19 7
21 39 22 39
19 31 20 31
18 33 20 33
16 36 19 36
43 12 43 13
5 35 5 42
19 5 19 7
37 33 37 34
8 5 9 5
23 16 23 19
12 7 15 7
12 26 19 26
4 10 5 10
15 2 15 5
5 35 7 35
2 10 4 10
12 42 14 42
37 3 38 3
21 16 21 19
18 7 18 13
0 27 0 32
0 13 2 13
29 26 33 26
9 5 9 8
14 28 17 28
11 37 13 37
29 43 29 44
20 33 20 34
