316
8 11 9 11
24 5 23 5
32 17 33 17
18 21 19 21
2 9 3 9
20 13 20 12
16 12 15 12
8 28 7 28
18 15 18 16
8 31 8 30
9 9 9 10
7 34 7 33
7 33 7 32
21 29 21 28
6 21 6 20
26 23 27 23
32 11 32 10
27 10 27 9
22 15 22 16
18 3 18 4
5 0 6 0
9 5 8 5
23 9 24 9
26 33 26 32
27 19 26 19
22 33 22 32
6 0 7 0
4 34 4 33
2 14 1 14
29 9 30 9
0 33 1 33
10 11 10 10
20 7 20 8
2 34 2 33
34 10 33 10
33 6 32 6
17 21 17 20
23 15 22 15
17 25 18 25
12 32 12 33
15 33 15 34
34 6 34 7
23 5 23 6
2 29 3 29
34 22 34 23
31 31 30 31
8 30 9 30
18 17 18 18
19 21 19 20
29 33 29 32
26 24 26 25
33 28 33 27
24 29 23 29
22 15 21 15
25 9 25 8
7 21 8 21
21 8 22 8
17 20 17 19
10 3 11 3
1 12 2 12
1 29 2 29
4 16 4 17
15 14 15 15
28 15 28 16
23 3 24 3
4 21 5 21
21 17 22 17
28 13 27 13
7 1 6 1
34 23 33 23
19 34 19 33
20 23 20 24
6 31 5 31
25 24 26 24
31 15 31 16
34 27 34 28
16 16 16 17
23 7 23 8
2 8 2 7
25 25 25 24
3 9 3 8
6 11 5 11
25 5 24 5
12 28 12 29
9 6 8 6
8 4 9 4
17 3 17 2
2 30 3 30
1 8 0 8
10 0 10 1
26 11 25 11
6 16 7 16
16 3 16 4
31 19 31 18
7 31 8 31
9 10 8 10
22 3 22 2
4 6 3 6
6 20 7 20
1 9 1 10
18 16 17 16
34 5 34 6
3 29 4 29
25 8 24 8
4 27 5 27
8 3 9 3
7 32 6 32
23 6 23 7
17 16 16 16
1 31 1 32
16 33 16 34
25 21 26 21
14 19 14 20
30 23 29 23
7 16 8 16
6 1 6 2
24 13 23 13
21 4 22 4
24 15 24 14
7 0 8 0
32 33 32 32
4 32 3 32
21 27 21 26
17 31 16 31
18 20 18 21
22 32 21 32
4 17 5 17
23 18 23 17
10 15 9 15
9 8 10 8
8 21 8 22
4 33 4 32
0 11 1 11
8 0 8 1
1 11 2 11
7 28 7 27
30 11 30 12
30 27 30 28
27 9 26 9
10 16 10 17
11 16 10 16
21 28 22 28
28 3 28 4
33 25 34 25
3 25 3 24
16 16 15 16
20 33 20 34
31 18 30 18
15 23 15 22
22 19 21 19
21 19 21 20
14 29 14 28
21 32 21 31
3 2 3 1
21 33 21 32
2 33 3 33
20 17 21 17
8 27 8 28
1 32 2 32
10 10 9 10
2 11 3 11
16 31 16 30
16 4 16 5
17 17 17 16
29 31 29 30
23 8 23 9
5 17 6 17
8 31 8 30
24 8 23 8
14 20 14 21
4 32 4 31
31 12 31 13
28 26 29 26
8 10 8 11
31 32 31 31
4 31 4 30
2 25 1 25
20 3 20 4
21 13 20 13
26 9 25 9
0 4 0 5
25 9 25 8
3 8 2 8
15 16 14 16
32 2 33 2
21 15 21 16
23 9 22 9
31 31 31 30
26 18 27 18
8 5 8 4
11 32 12 32
7 20 7 19
6 30 6 31
9 3 9 2
31 30 31 29
23 8 23 9
4 19 4 18
23 32 22 32
16 22 16 21
29 1 29 0
26 19 26 18
26 24 26 23
8 32 8 31
17 6 17 7
0 1 0 2
3 32 3 31
0 16 0 15
6 17 6 16
11 33 11 32
9 30 9 29
11 3 12 3
30 31 29 31
9 17 9 18
27 18 28 18
3 33 4 33
15 22 16 22
0 23 0 24
16 22 16 23
10 1 10 2
8 30 9 30
17 9 18 9
16 30 16 29
20 24 20 25
28 18 28 19
10 20 9 20
25 8 24 8
21 20 21 21
30 24 31 24
5 8 5 7
33 23 32 23
2 32 3 32
31 24 32 24
32 24 32 25
22 9 22 10
10 27 10 28
23 19 22 19
24 23 24 22
26 32 26 31
2 29 2 28
21 18 21 19
8 17 9 17
23 9 22 9
26 23 26 22
6 33 7 33
32 23 31 23
1 33 2 33
6 31 7 31
2 28 3 28
24 0 23 0
4 33 4 32
31 29 31 28
19 23 20 23
6 16 7 16
10 25 9 25
31 28 31 27
2 12 2 13
21 21 22 21
21 2 21 1
3 26 2 26
32 3 33 3
26 1 26 0
22 14 22 13
22 20 21 20
0 15 1 15
32 29 33 29
27 26 27 25
16 5 15 5
4 15 4 16
1 15 2 15
15 30 14 30
5 22 6 22
22 10 22 11
20 18 21 18
7 19 8 19
13 15 12 15
26 3 26 2
21 1 20 1
20 0 19 0
30 33 29 33
24 31 24 30
4 28 5 28
33 13 34 13
17 27 18 27
16 21 17 21
4 30 5 30
22 16 23 16
25 6 25 7
4 16 4 17
22 34 21 34
16 34 16 33
17 21 17 20
8 19 8 18
15 29 15 28
30 16 30 17
28 4 28 5
13 6 13 7
22 11 22 12
3 30 3 29
33 15 33 16
18 18 17 18
24 8 23 8
2 26 1 26
8 15 8 14
9 4 9 5
3 21 3 20
23 4 23 5
0 34 1 34
1 10 1 11
34 13 33 13
1 30 1 29
8 18 8 17
23 8 23 9
8 14 8 15
31 6 31 7
20 8 21 8
6 34 5 34
184
4 18 6 18
0 5 6 5
25 15 27 15
29 23 29 26
30 9 30 10
10 33 10 34
32 27 33 27
9 2 10 2
25 11 25 15
24 4 24 5
24 5 24 6
7 18 9 18
18 21 22 21
2 24 2 31
20 6 20 10
0 5 0 8
22 6 22 7
3 6 3 11
19 3 19 4
12 29 16 29
21 18 24 18
0 24 2 24
29 33 33 33
15 12 20 12
9 18 9 20
34 8 34 12
28 33 29 33
16 29 20 29
4 32 6 32
7 31 7 33
5 29 5 30
18 25 18 27
7 15 8 15
24 18 26 18
23 28 30 28
32 6 32 7
6 13 6 18
0 24 0 25
9 29 12 29
8 7 8 11
32 10 32 15
12 21 12 24
22 7 22 8
12 21 14 21
19 3 24 3
8 33 8 34
12 1 12 3
31 23 31 27
2 33 7 33
18 32 19 32
29 22 29 23
30 19 32 19
19 25 20 25
4 13 6 13
16 29 16 33
28 22 29 22
18 25 19 25
19 18 21 18
2 8 2 13
19 33 23 33
25 26 29 26
2 23 2 24
28 19 30 19
20 27 20 29
22 9 23 9
24 1 24 3
33 8 34 8
9 16 10 16
4 23 4 24
5 31 7 31
20 6 22 6
5 28 5 29
2 22 3 22
24 25 26 25
29 23 31 23
23 28 23 29
7 27 11 27
23 7 23 9
34 25 34 28
32 15 32 19
6 18 7 18
9 2 9 5
10 33 12 33
28 8 30 8
16 17 21 17
15 12 15 15
30 10 32 10
6 5 6 6
10 16 14 16
8 16 8 17
3 1 8 1
9 29 9 30
7 33 8 33
22 26 25 26
5 27 7 27
12 24 12 29
20 1 22 1
2 4 5 4
20 12 22 12
20 15 25 15
15 34 20 34
24 9 30 9
2 13 4 13
26 21 26 22
12 33 16 33
14 16 14 21
4 29 5 29
32 25 34 25
34 28 34 32
0 8 2 8
7 15 7 16
8 1 12 1
6 2 6 5
4 29 4 32
32 6 34 6
23 29 23 33
8 11 8 15
2 22 2 23
14 34 15 34
19 18 19 20
8 16 9 16
3 32 4 32
9 7 9 10
2 1 2 4
31 27 32 27
14 21 18 21
3 11 5 11
18 27 20 27
22 19 22 21
24 6 24 9
5 30 9 30
15 6 15 12
19 0 19 3
6 5 9 5
17 20 19 20
9 5 13 5
21 26 21 31
0 2 0 5
7 16 8 16
16 15 16 17
4 18 4 23
7 18 7 27
13 34 14 34
21 17 21 18
32 7 32 10
14 3 19 3
6 8 6 9
15 15 16 15
16 33 19 33
3 28 5 28
19 20 20 20
6 6 6 8
33 10 33 13
21 26 22 26
32 19 32 25
2 0 2 1
12 3 14 3
24 3 24 4
15 5 15 6
5 7 5 11
22 1 23 1
10 12 10 16
20 25 24 25
30 28 32 28
22 9 22 12
2 1 3 1
2 23 4 23
22 6 24 6
2 13 2 15
2 31 2 33
24 1 30 1
23 1 23 2
3 27 3 28
13 5 15 5
33 8 33 10
23 33 28 33
32 28 34 28
21 16 21 17
5 11 8 11
27 15 32 15
9 5 9 7
27 13 27 15
26 18 26 21
26 22 28 22
