213
27 25 27 26
5 37 5 36
25 28 24 28
35 2 34 2
25 6 25 5
13 0 13 1
5 24 6 24
2 10 3 10
2 16 3 16
19 12 19 13
22 16 23 16
19 28 19 29
14 35 14 34
3 33 3 32
30 18 31 18
37 10 37 11
0 4 1 4
3 16 3 15
18 27 18 28
1 32 2 32
1 29 1 30
15 26 15 27
9 27 10 27
23 29 23 28
2 17 1 17
10 10 10 11
26 28 25 28
26 35 27 35
23 16 23 15
11 25 11 26
18 1 19 1
8 1 8 0
22 33 23 33
24 7 25 7
37 1 37 2
1 30 0 30
11 17 11 16
4 24 4 23
32 2 31 2
19 13 19 14
30 16 31 16
19 25 18 25
11 21 11 22
13 27 13 26
0 13 1 13
27 35 27 34
1 15 1 16
14 19 15 19
37 25 36 25
4 4 3 4
12 0 12 1
12 21 11 21
17 37 17 36
19 19 18 19
13 31 12 31
21 37 22 37
18 0 18 1
1 35 2 35
3 4 3 5
25 35 25 34
14 12 14 11
20 37 19 37
18 7 18 8
10 33 10 34
20 19 19 19
9 12 10 12
19 14 19 15
6 12 5 12
18 28 18 29
6 15 6 16
3 32 4 32
35 24 36 24
31 9 30 9
2 23 3 23
15 14 15 15
25 5 24 5
18 10 17 10
1 16 2 16
31 16 32 16
35 28 34 28
33 3 34 3
35 25 34 25
25 31 26 31
31 2 30 2
11 26 12 26
25 11 26 11
4 37 4 36
2 16 3 16
18 3 17 3
26 31 26 30
15 21 14 21
16 12 17 12
1 37 2 37
12 20 11 20
0 17 0 16
4 15 5 15
36 11 36 12
19 15 19 16
8 21 8 20
2 37 3 37
26 30 26 29
24 10 24 9
14 34 14 33
34 7 33 7
36 25 35 25
19 1 19 2
14 33 15 33
6 35 5 35
19 26 18 26
26 29 26 28
25 2 26 2
0 16 1 16
24 5 24 4
17 10 16 10
27 26 27 27
5 23 5 22
17 28 18 28
23 18 23 17
1 4 2 4
5 15 6 15
25 28 25 29
18 8 17 8
25 34 26 34
8 32 9 32
6 11 6 12
1 0 1 1
2 21 1 21
17 12 17 13
8 24 7 24
25 33 25 32
30 2 29 2
19 19 19 18
17 13 17 14
31 5 31 4
0 15 1 15
1 16 2 16
31 15 31 16
16 10 15 10
6 6 6 7
10 27 11 27
37 6 36 6
13 2 13 3
3 14 2 14
2 31 3 31
35 25 35 26
35 30 34 30
16 1 16 0
23 22 23 23
12 31 12 32
19 37 19 36
16 9 16 8
29 10 28 10
34 27 35 27
26 34 26 33
34 2 33 2
27 31 27 32
7 0 7 1
26 33 26 32
17 14 17 15
6 36 7 36
15 10 15 9
17 15 17 16
6 15 7 15
15 33 16 33
7 1 8 1
28 4 27 4
15 27 16 27
7 34 8 34
16 8 15 8
26 32 26 31
12 18 11 18
11 16 12 16
26 2 27 2
16 33 17 33
17 33 17 32
0 5 0 6
5 2 6 2
3 37 4 37
17 11 17 12
1 1 2 1
15 8 14 8
17 32 18 32
12 32 11 32
28 36 28 35
14 8 14 7
8 1 9 1
20 32 20 31
0 6 1 6
4 37 5 37
6 19 6 20
3 5 3 6
5 37 6 37
11 32 10 32
1 6 2 6
37 4 36 4
37 3 36 3
10 32 10 33
3 6 3 7
10 33 9 33
14 24 13 24
9 1 9 2
27 13 27 14
17 8 16 8
6 37 6 36
2 6 3 6
10 15 9 15
15 9 15 8
18 32 19 32
17 22 17 21
9 2 10 2
6 36 6 35
30 1 29 1
15 8 14 8
187
31 4 31 12
18 28 20 28
1 23 1 27
23 23 23 26
20 17 23 17
13 3 17 3
18 26 18 28
29 26 32 26
19 29 19 32
18 20 21 20
27 27 35 27
23 28 24 28
24 4 26 4
6 33 9 33
18 1 22 1
2 11 2 13
5 22 5 25
31 16 32 16
11 18 11 20
35 26 35 27
1 33 4 33
1 21 1 23
35 34 37 34
1 13 2 13
32 26 35 26
21 22 21 23
31 12 31 14
13 1 13 3
24 9 30 9
26 28 26 31
11 15 15 15
20 27 27 27
4 32 7 32
0 31 1 31
31 1 33 1
29 1 29 2
26 12 30 12
37 33 37 34
5 21 11 21
35 27 35 29
10 12 13 12
23 17 23 23
33 4 33 7
11 22 11 24
35 4 36 4
11 24 11 27
13 1 18 1
17 9 17 12
18 4 24 4
7 9 7 15
20 22 21 22
17 36 19 36
29 22 29 26
21 23 23 23
24 4 24 9
32 11 37 11
2 4 6 4
22 1 23 1
15 15 23 15
9 29 10 29
2 1 2 4
1 27 1 31
18 1 18 4
35 23 35 26
27 34 31 34
13 12 17 12
5 21 5 22
4 34 4 36
19 29 25 29
10 11 10 12
2 16 2 18
9 11 10 11
32 28 32 32
11 20 11 21
34 1 36 1
23 15 23 17
22 0 22 1
6 33 6 35
29 14 29 18
30 12 30 14
33 2 33 4
12 26 13 26
10 8 10 11
29 2 33 2
6 20 8 20
26 11 26 12
27 2 27 4
14 27 16 27
17 30 17 36
1 31 1 33
33 0 35 0
37 2 37 11
30 14 31 14
13 26 18 26
23 26 29 26
9 11 9 15
3 23 4 23
4 33 6 33
2 1 12 1
7 25 7 32
2 4 2 11
35 29 35 34
8 34 10 34
31 18 31 19
27 32 27 34
7 36 8 36
21 23 21 24
6 7 10 7
1 13 1 15
19 32 22 32
28 10 28 11
17 29 17 30
3 16 3 23
11 27 14 27
21 20 21 22
1 34 1 36
1 34 4 34
4 36 5 36
11 15 11 18
9 15 11 15
10 29 10 34
29 14 30 14
35 4 35 8
27 27 27 32
6 2 6 4
12 16 12 26
33 2 37 2
8 34 8 36
12 1 13 1
32 21 32 26
10 7 14 7
24 28 26 28
14 36 17 36
17 16 17 18
6 7 6 12
33 0 33 1
25 29 25 32
1 15 1 17
3 7 6 7
25 32 27 32
18 20 18 21
19 16 19 18
14 8 16 8
26 11 28 11
22 32 22 37
18 23 18 25
14 16 14 18
4 22 4 23
36 3 36 4
18 28 18 29
3 16 6 16
29 18 31 18
23 1 29 1
33 1 34 1
3 6 3 7
7 15 9 15
1 17 1 21
7 24 7 25
11 21 11 22
9 22 11 22
18 25 18 26
7 32 9 32
14 18 14 21
26 12 26 13
6 16 6 20
2 14 2 15
10 2 10 7
6 12 6 16
32 16 32 21
27 4 31 4
4 23 4 32
20 28 23 28
14 18 17 18
5 36 7 36
2 15 2 16
14 28 18 28
4 17 4 22
2 16 3 16
17 29 18 29
10 29 17 29
17 3 17 9
12 16 14 16
14 7 14 8
28 32 32 32
17 18 19 18
26 13 28 13
9 29 9 32
