338
19 8 20 8
3 9 2 9
20 2 21 2
4 6 3 6
14 22 15 22
4 9 3 9
2 16 1 16
17 1 17 2
23 1 24 1
17 21 18 21
17 9 18 9
15 7 16 7
20 7 20 6
15 8 15 7
10 12 10 13
14 23 14 22
2 17 2 16
6 10 7 10
18 23 19 23
7 19 6 19
23 14 23 13
2 7 2 6
5 9 4 9
7 1 6 1
12 17 11 17
21 7 21 6
4 17 4 18
18 2 18 3
19 12 19 13
5 19 5 20
8 1 8 0
22 1 23 1
12 5 12 6
16 23 16 22
19 2 20 2
6 11 6 10
22 10 22 9
1 7 2 7
5 4 5 5
14 3 15 3
1 8 1 7
10 8 10 7
18 22 19 22
20 15 21 15
20 16 20 15
21 13 22 13
22 20 23 20
1 16 1 15
21 1 22 1
5 10 5 9
8 2 8 1
18 15 17 15
19 9 19 8
5 17 5 18
20 24 21 24
2 16 1 16
15 23 16 23
13 14 12 14
4 1 4 0
2 15 2 16
17 22 18 22
6 17 5 17
4 5 4 6
21 15 22 15
5 5 4 5
20 17 20 16
5 17 4 17
9 14 10 14
1 9 1 8
11 23 11 24
21 0 21 1
20 13 21 13
5 11 5 10
13 3 14 3
9 23 9 24
15 9 15 8
6 14 6 15
13 2 13 3
13 6 14 6
7 21 7 20
0 14 0 15
15 22 15 23
13 24 12 24
5 9 5 8
24 9 23 9
17 23 18 23
6 18 7 18
20 8 21 8
5 22 6 22
18 1 18 2
9 13 9 14
18 23 18 24
19 17 20 17
0 9 1 9
5 23 5 22
12 18 12 17
19 15 18 15
22 5 23 5
9 20 10 20
12 6 13 6
24 14 23 14
8 19 8 18
15 17 16 17
13 11 13 10
5 12 5 11
4 9 5 9
24 13 24 14
14 15 15 15
21 20 22 20
8 1 7 1
20 12 19 12
5 6 5 5
19 1 18 1
11 6 11 7
6 13 7 13
9 19 8 19
3 9 4 9
12 2 13 2
14 8 14 9
17 24 17 23
18 2 19 2
17 2 18 2
23 13 24 13
3 8 3 9
7 16 7 15
14 22 15 22
19 6 18 6
9 22 9 23
9 1 8 1
22 20 22 19
23 16 24 16
19 13 20 13
0 8 0 9
5 11 6 11
22 6 22 5
6 23 5 23
20 1 19 1
23 10 23 11
19 16 19 17
7 22 7 21
16 24 17 24
18 9 18 8
16 22 17 22
13 22 14 22
20 9 20 8
6 12 5 12
4 19 5 19
18 10 18 9
12 3 12 2
16 23 16 24
4 6 5 6
3 15 2 15
4 4 5 4
6 16 6 17
14 3 14 4
13 18 12 18
13 19 13 18
14 17 15 17
9 15 9 16
16 21 17 21
24 8 24 9
21 19 21 20
23 8 24 8
22 19 21 19
22 11 22 10
20 8 20 7
20 2 20 1
13 1 13 0
9 16 8 16
9 12 10 12
13 23 13 24
21 13 21 14
11 3 12 3
21 16 21 15
20 16 19 16
23 11 22 11
21 9 20 9
8 7 9 7
18 1 17 1
17 23 16 23
10 13 9 13
5 10 5 11
13 13 13 14
5 1 4 1
1 14 0 14
4 5 4 6
10 6 11 6
2 16 2 17
3 3 4 3
21 17 21 16
3 5 4 5
14 14 14 15
10 7 10 6
20 17 20 16
18 13 19 13
17 20 16 20
4 18 4 19
21 10 21 9
1 8 0 8
20 18 20 17
4 14 5 14
22 16 23 16
3 7 3 8
3 4 4 4
8 21 8 20
18 14 18 13
19 14 18 14
13 21 13 22
9 21 9 20
5 16 5 17
3 6 3 5
0 16 0 17
20 17 21 17
8 16 7 16
13 2 13 1
23 14 23 13
19 5 19 6
12 19 13 19
23 19 22 19
2 7 3 7
12 2 13 2
4 1 5 1
3 18 4 18
13 17 14 17
4 6 3 6
4 3 5 3
11 6 12 6
22 13 21 13
6 7 7 7
4 5 4 6
13 22 13 23
3 2 3 3
13 10 12 10
19 4 19 5
14 24 14 23
3 5 4 5
4 0 4 1
23 21 24 21
5 7 6 7
21 18 20 18
13 16 13 17
16 17 16 16
19 17 20 17
18 0 18 1
15 3 14 3
21 24 20 24
6 19 6 18
8 14 8 15
21 22 22 22
24 14 23 14
20 7 21 7
1 23 2 23
22 19 22 20
1 13 1 14
23 22 23 21
20 3 20 2
4 22 3 22
3 6 3 5
9 6 9 5
21 3 20 3
12 16 12 15
10 9 10 8
12 18 12 19
23 13 22 13
7 16 6 16
15 12 15 11
21 16 22 16
17 24 17 23
5 14 6 14
15 17 16 17
4 10 5 10
11 2 11 3
15 22 16 22
21 4 21 3
11 1 11 2
15 24 14 24
8 6 9 6
2 18 3 18
8 3 8 2
5 15 5 16
16 20 16 21
17 21 17 20
3 3 3 4
19 3 19 4
11 18 10 18
22 4 21 4
6 15 5 15
5 15 5 14
5 19 6 19
1 14 1 13
23 14 24 14
12 8 12 7
11 8 12 8
16 21 16 20
2 19 2 18
19 2 19 3
14 15 14 14
13 8 14 8
4 9 4 10
11 17 11 18
1 16 0 16
16 17 15 17
24 13 23 13
7 21 8 21
8 21 9 21
16 22 15 22
9 9 9 8
17 1 17 2
14 14 14 15
9 21 8 21
24 21 24 22
7 3 8 3
2 18 2 19
2 0 3 0
14 24 15 24
16 16 16 17
14 12 15 12
16 20 16 21
9 8 9 9
13 20 13 21
9 3 9 2
6 16 6 15
9 11 9 12
23 15 23 14
6 21 7 21
1 0 2 0
22 5 22 4
22 10 21 10
6 15 5 15
10 21 9 21
16 24 17 24
24 12 24 13
24 6 24 5
22 22 22 21
14 16 13 16
23 21 24 21
4 15 3 15
20 6 20 7
157
15 12 15 13
5 12 5 13
0 2 1 2
16 14 17 14
13 2 14 2
3 8 4 8
18 9 20 9
17 2 17 3
24 19 24 20
4 17 4 18
13 18 14 18
9 13 9 14
5 13 5 14
2 12 3 12
17 0 19 0
20 13 21 13
19 13 19 16
0 15 0 16
21 19 24 19
3 18 4 18
8 22 10 22
6 22 8 22
20 9 20 10
13 12 13 14
14 23 15 23
15 23 15 24
21 15 22 15
3 1 3 4
1 1 1 2
5 14 5 15
4 5 5 5
18 16 19 16
16 3 17 3
5 20 5 21
6 14 7 14
20 22 24 22
21 17 22 17
21 14 21 15
13 9 13 12
11 18 13 18
2 17 2 19
24 22 24 23
4 19 4 20
21 15 21 17
2 11 2 12
21 2 22 2
4 13 4 16
6 11 6 14
15 13 16 13
14 19 14 20
20 0 22 0
13 6 13 9
4 13 5 13
14 1 14 2
10 22 10 23
12 23 13 23
16 14 16 15
16 19 16 21
21 13 22 13
23 7 24 7
16 9 18 9
20 18 20 19
16 13 16 14
22 3 22 4
19 0 20 0
4 8 4 10
3 1 4 1
20 19 21 19
13 9 14 9
0 16 3 16
9 17 9 18
3 5 3 7
12 6 13 6
24 13 24 14
19 16 19 18
5 21 5 22
19 13 20 13
20 11 20 13
1 2 1 3
16 21 16 23
6 14 6 17
5 6 5 8
20 10 21 10
4 16 4 17
9 4 10 4
3 7 3 8
6 19 6 22
24 9 24 10
22 2 22 3
0 6 0 7
23 14 24 14
12 1 12 3
21 10 24 10
6 18 6 19
3 4 3 5
10 1 12 1
3 16 4 16
5 5 5 6
20 2 20 3
8 1 10 1
10 6 12 6
9 14 9 17
2 19 2 20
6 22 6 24
13 16 13 17
9 18 9 20
4 2 6 2
0 13 0 14
5 10 6 10
2 24 3 24
4 10 5 10
4 2 4 4
10 23 12 23
6 1 6 2
1 17 2 17
17 15 17 16
6 17 6 18
17 0 17 2
18 3 19 3
13 18 13 19
13 3 14 3
19 18 20 18
14 3 16 3
15 23 16 23
12 3 13 3
16 15 16 17
21 1 21 2
14 9 16 9
20 2 21 2
13 19 13 21
4 19 6 19
22 15 24 15
5 18 6 18
6 10 6 11
24 14 24 15
12 3 12 6
13 14 13 15
1 7 3 7
23 3 23 4
13 14 15 14
3 19 4 19
1 7 1 9
17 14 17 15
20 10 20 11
2 19 3 19
13 23 14 23
24 11 24 13
13 15 13 16
13 17 13 18
7 14 9 14
13 21 13 23
4 4 4 5
19 3 20 3
20 5 20 7
8 1 8 2
20 7 20 9
0 14 0 15
