41
5 20 5 19
5 12 5 13
19 3 19 4
7 13 7 12
6 10 6 11
32 18 31 18
0 21 1 21
30 4 31 4
17 16 16 16
23 23 23 22
28 31 28 30
31 4 31 5
15 4 15 3
31 18 30 18
21 4 20 4
20 16 20 17
26 28 26 27
24 14 25 14
9 5 10 5
15 21 14 21
26 1 26 2
10 5 10 4
17 15 18 15
17 28 17 29
15 27 16 27
22 9 21 9
17 29 18 29
20 22 20 21
21 11 21 12
15 18 16 18
12 16 13 16
13 26 13 27
1 29 0 29
25 22 24 22
16 21 16 20
28 14 27 14
8 19 9 19
6 16 6 15
25 8 25 9
1 19 0 19
24 12 23 12
159
12 25 12 26
26 20 26 21
8 10 8 11
14 14 14 18
16 1 16 3
15 3 16 3
19 25 22 25
22 25 23 25
19 29 20 29
13 27 16 27
31 3 31 5
31 29 31 32
27 20 27 21
0 12 0 19
12 3 15 3
27 17 30 17
11 12 11 20
16 18 16 20
25 9 29 9
22 31 26 31
32 6 32 24
30 29 31 29
24 21 26 21
13 20 16 20
7 10 8 10
25 14 27 14
24 21 24 22
26 21 27 21
5 24 10 24
30 15 30 17
15 25 19 25
6 0 10 0
12 3 12 8
14 13 14 14
23 10 23 12
32 24 32 31
10 1 10 4
19 24 23 24
24 27 26 27
23 3 31 3
27 0 32 0
23 2 23 3
4 1 10 1
5 19 5 24
19 24 19 25
20 0 20 4
16 7 16 11
7 27 13 27
31 5 32 5
7 10 7 12
24 22 24 27
31 27 31 29
0 19 5 19
26 27 31 27
30 29 30 30
4 1 4 10
20 30 21 30
5 19 6 19
18 29 19 29
0 29 0 32
18 29 18 32
19 25 19 29
12 25 14 25
16 16 18 16
6 15 6 19
0 12 7 12
7 22 9 22
25 9 25 14
10 30 12 30
16 16 16 18
14 12 14 13
27 20 29 20
28 22 28 24
21 5 31 5
31 21 31 27
19 8 19 13
0 19 0 29
12 30 12 32
31 5 31 21
4 10 7 10
14 25 15 25
20 21 24 21
13 5 13 16
21 12 23 12
16 1 18 1
16 4 16 5
20 29 30 29
13 29 18 29
20 0 24 0
9 19 9 20
17 22 23 22
13 27 13 29
25 14 25 16
10 1 16 1
2 30 10 30
32 5 32 6
15 14 15 15
28 30 30 30
5 4 10 4
20 18 30 18
27 14 27 17
17 18 20 18
29 19 30 19
21 31 22 31
21 5 21 9
20 17 20 18
29 21 30 21
20 18 20 20
25 24 25 25
14 4 16 4
11 20 13 20
10 0 10 1
30 18 30 19
28 21 29 21
17 17 20 17
18 13 18 15
15 5 16 5
10 24 19 24
6 15 9 15
7 12 7 14
21 9 25 9
15 5 15 14
20 4 20 17
26 2 28 2
14 21 14 22
13 16 13 19
21 9 21 12
25 24 28 24
23 2 26 2
32 0 32 4
7 12 11 12
28 21 28 22
29 21 29 26
18 13 19 13
10 29 13 29
25 25 26 25
6 20 9 20
19 4 20 4
30 19 30 21
9 20 9 22
18 10 18 12
14 18 16 18
24 0 27 0
26 31 30 31
14 22 17 22
21 30 21 31
22 30 22 31
9 22 11 22
13 29 13 31
16 4 19 4
11 22 14 22
24 0 24 1
18 12 18 13
16 11 16 16
20 20 24 20
20 17 22 17
13 5 15 5
19 4 19 8
17 18 17 22
