206
29 35 30 35
5 30 4 30
29 9 29 8
33 5 34 5
20 14 21 14
15 34 15 35
28 22 29 22
15 38 14 38
24 31 23 31
40 12 40 13
28 39 28 40
19 11 19 10
28 14 27 14
13 22 12 22
23 0 24 0
37 5 37 4
17 7 17 8
9 24 10 24
17 5 16 5
19 6 19 5
20 27 19 27
28 15 29 15
3 6 3 5
30 18 30 19
12 37 12 36
38 2 37 2
13 5 13 6
12 1 12 2
23 32 24 32
27 36 26 36
15 35 16 35
27 14 27 15
33 6 33 7
34 22 33 22
35 1 35 2
39 39 39 40
30 37 31 37
4 39 4 38
12 28 13 28
5 31 5 30
27 25 28 25
12 5 13 5
30 40 31 40
32 17 33 17
6 20 5 20
5 36 6 36
1 38 1 39
13 19 14 19
32 16 33 16
21 8 20 8
35 31 35 32
26 13 27 13
24 11 24 12
20 21 20 22
17 40 17 39
14 0 14 1
21 12 21 13
21 36 20 36
14 25 13 25
30 19 29 19
13 29 13 30
5 30 6 30
18 16 18 15
19 38 19 37
40 38 39 38
2 31 2 30
30 35 31 35
37 31 36 31
25 40 25 41
11 35 11 36
39 30 40 30
4 27 4 26
32 33 31 33
13 36 14 36
41 26 40 26
1 24 0 24
16 1 16 2
0 7 0 6
34 6 33 6
19 13 18 13
27 24 27 23
40 26 40 25
17 11 17 12
24 18 25 18
17 24 17 23
7 16 6 16
37 2 36 2
20 20 20 19
5 5 5 6
34 38 33 38
13 18 13 17
8 40 8 39
1 7 1 6
24 0 25 0
36 31 36 32
36 32 36 33
29 29 29 28
22 8 22 9
11 9 12 9
31 40 31 39
33 12 33 13
19 37 18 37
4 38 5 38
32 14 32 15
32 10 32 11
33 28 34 28
7 1 7 2
18 13 17 13
1 39 1 40
17 39 16 39
34 14 34 13
13 25 13 26
40 39 39 39
1 5 2 5
36 2 36 1
40 16 41 16
31 29 31 30
7 27 7 28
16 39 15 39
33 14 32 14
36 33 36 34
16 40 15 40
1 40 2 40
2 40 3 40
25 0 26 0
25 15 26 15
21 10 21 9
3 41 4 41
8 13 7 13
14 36 15 36
5 6 5 7
20 19 21 19
33 16 34 16
33 24 32 24
18 15 17 15
33 33 33 34
21 21 20 21
8 15 7 15
8 0 9 0
4 14 4 13
36 40 36 41
28 25 28 26
17 15 16 15
40 25 39 25
30 6 29 6
31 26 32 26
3 40 3 39
7 0 8 0
28 11 28 10
5 10 5 9
12 17 12 16
28 38 28 37
9 18 10 18
34 35 34 34
18 37 17 37
9 9 10 9
5 28 5 29
35 32 34 32
2 5 2 6
28 26 29 26
24 38 23 38
21 11 21 10
36 34 36 35
33 17 33 18
12 16 12 15
23 39 22 39
3 39 4 39
38 8 38 7
38 9 39 9
22 30 21 30
35 16 36 16
12 9 12 10
40 10 40 9
2 6 2 7
6 32 5 32
34 32 34 33
11 28 12 28
26 0 26 1
8 1 7 1
15 2 15 1
17 37 16 37
8 0 8 1
16 37 15 37
37 28 38 28
4 25 4 24
22 6 23 6
34 33 33 33
41 13 41 12
40 13 40 12
39 35 39 34
40 12 40 11
15 39 14 39
8 1 9 1
39 9 39 8
33 4 34 4
9 1 9 2
4 39 5 39
28 10 29 10
7 15 6 15
33 33 32 33
15 37 14 37
6 15 5 15
5 32 4 32
29 26 30 26
5 15 4 15
4 15 3 15
193
4 40 4 41
14 23 17 23
15 36 20 36
7 1 7 2
20 8 26 8
7 1 14 1
26 8 26 14
7 6 13 6
13 6 17 6
34 30 34 34
28 1 30 1
4 26 4 30
28 37 28 40
1 6 1 26
12 10 12 15
28 37 31 37
31 33 31 35
20 11 25 11
31 33 32 33
23 7 30 7
37 8 39 8
30 26 32 26
9 10 12 10
5 21 5 29
4 30 4 32
4 40 15 40
7 13 7 20
14 19 14 21
33 22 33 34
1 6 7 6
17 23 17 26
16 11 20 11
31 35 31 37
33 6 33 7
26 8 29 8
16 9 16 11
4 32 4 40
15 1 26 1
29 10 33 10
20 6 23 6
12 20 12 21
32 14 32 15
3 13 3 15
36 5 39 5
35 28 35 29
32 15 32 23
32 24 32 26
4 13 7 13
16 35 18 35
21 13 21 14
14 1 15 1
23 40 24 40
38 34 39 34
29 15 29 19
32 23 32 24
35 28 38 28
30 1 30 7
5 2 5 3
15 40 23 40
21 16 21 19
38 39 39 39
31 15 32 15
5 3 6 3
10 24 10 31
0 6 0 11
5 2 7 2
13 17 13 26
1 26 4 26
23 6 23 7
12 2 16 2
5 35 5 38
19 5 19 7
26 31 26 32
13 30 14 30
31 30 31 33
4 13 4 24
33 3 33 6
36 4 37 4
24 40 28 40
5 38 7 38
32 26 32 30
14 30 14 33
26 1 28 1
20 21 20 22
30 1 36 1
14 21 14 23
34 34 38 34
14 37 14 38
13 30 13 31
14 21 20 21
12 15 16 15
14 10 14 13
7 28 8 28
31 30 32 30
27 13 27 15
2 7 3 7
7 2 7 6
20 8 20 11
15 19 21 19
24 32 26 32
5 35 10 35
39 39 39 40
33 18 35 18
30 7 33 7
12 31 13 31
33 13 34 13
33 37 33 38
16 3 16 5
7 28 7 29
36 1 36 4
14 7 19 7
0 6 1 6
13 26 13 28
25 11 25 18
33 7 33 10
39 5 39 8
29 8 29 10
13 26 16 26
33 18 33 22
34 5 35 5
5 29 5 35
7 20 12 20
13 5 13 6
5 20 5 21
20 22 20 36
34 5 34 9
12 21 12 22
24 32 24 39
5 38 5 39
7 38 14 38
27 15 29 15
31 35 36 35
16 5 19 5
17 13 21 13
34 13 34 16
16 2 16 3
35 5 35 7
23 38 23 40
33 38 39 38
34 29 35 29
24 12 24 28
36 5 36 16
10 35 16 35
9 2 12 2
21 14 21 16
41 3 41 8
3 7 4 7
34 16 36 16
39 31 39 34
12 36 15 36
14 7 14 10
31 15 31 16
39 34 39 38
35 2 35 5
24 39 26 39
5 29 7 29
39 8 41 8
38 28 38 29
3 7 3 13
4 7 5 7
29 22 29 28
20 5 20 6
39 25 39 31
13 17 17 17
33 34 34 34
2 7 2 24
34 29 34 30
17 13 17 17
16 26 16 35
14 38 14 39
22 12 24 12
12 22 12 28
14 13 17 13
24 28 29 28
12 15 12 20
29 19 29 22
21 19 21 30
24 28 24 32
12 28 12 31
15 36 15 40
18 33 18 35
17 12 22 12
28 40 39 40
4 24 4 26
33 13 33 18
4 10 9 10
27 13 33 13
17 12 17 13
10 31 10 35
26 36 26 39
35 5 36 5
32 37 33 37
5 7 14 7
