346
2 1 1 1
13 5 14 5
21 16 20 16
11 6 12 6
18 4 18 3
4 15 3 15
16 2 17 2
19 11 18 11
21 17 21 16
4 3 3 3
15 15 15 14
10 17 10 18
10 4 11 4
9 21 8 21
9 4 10 4
16 15 16 14
2 8 3 8
16 5 15 5
8 21 7 21
19 8 20 8
19 15 19 16
3 1 2 1
5 7 6 7
1 4 0 4
22 2 21 2
20 13 20 14
13 12 13 11
18 5 18 4
18 20 19 20
5 20 6 20
11 16 10 16
21 13 22 13
16 3 16 2
6 18 7 18
13 8 14 8
18 21 18 20
21 2 20 2
10 12 9 12
18 22 18 21
22 17 21 17
1 8 2 8
20 9 21 9
16 16 16 15
15 3 16 3
5 6 5 7
11 5 11 6
10 21 9 21
15 16 16 16
4 9 3 9
8 22 8 21
22 14 22 15
4 1 3 1
20 11 19 11
14 10 13 10
15 17 15 16
20 8 20 9
10 15 10 14
10 22 10 21
19 13 20 13
10 16 10 17
15 18 15 17
5 1 6 1
9 9 9 10
20 7 20 8
18 15 19 15
2 4 1 4
7 22 8 22
7 23 7 22
15 2 15 3
1 1 1 2
3 14 4 14
7 19 8 19
11 7 11 8
11 15 10 15
6 17 6 18
20 10 20 11
15 19 15 18
6 10 6 11
3 4 2 4
16 2 15 2
17 22 18 22
5 15 4 15
5 22 5 21
12 6 12 5
16 12 15 12
11 17 11 16
12 15 11 15
10 15 10 16
11 6 12 6
18 19 17 19
22 18 22 17
5 3 4 3
14 19 15 19
6 14 6 13
2 1 1 1
8 23 7 23
13 19 14 19
16 22 17 22
22 13 22 14
8 15 8 16
12 19 13 19
8 4 9 4
13 6 13 5
12 20 12 19
12 16 12 15
21 7 20 7
2 6 1 6
17 13 16 13
16 4 16 5
13 20 12 20
8 5 8 6
18 14 18 15
1 9 1 8
4 2 4 1
11 22 10 22
12 17 12 16
19 10 20 10
12 7 11 7
18 13 19 13
18 12 18 13
2 0 2 1
4 22 4 23
16 3 16 2
17 16 17 15
10 5 11 5
13 19 13 20
21 22 21 21
18 6 18 5
19 12 18 12
19 7 19 8
22 7 21 7
17 12 17 13
10 10 10 9
9 23 8 23
19 20 20 20
22 8 22 7
15 21 16 21
4 4 3 4
1 10 1 9
18 20 18 19
19 11 19 12
12 18 12 17
11 23 11 22
13 18 13 19
6 9 6 10
6 15 6 14
15 5 15 6
20 15 21 15
2 7 2 6
11 10 10 10
7 5 8 5
15 3 16 3
4 5 4 4
18 10 19 10
14 15 15 15
6 18 5 18
22 9 22 8
10 14 10 15
5 16 5 15
4 16 5 16
20 14 20 15
21 3 21 2
21 2 21 1
5 5 4 5
6 8 6 9
6 5 5 5
8 9 9 9
3 16 4 16
1 11 1 10
3 13 3 14
5 21 5 20
15 22 16 22
15 23 15 22
14 11 14 10
12 10 11 10
1 0 2 0
9 22 9 23
10 6 11 6
16 16 17 16
2 8 2 7
12 19 12 18
22 3 21 3
12 20 12 19
12 17 11 17
7 9 8 9
8 22 9 22
18 7 19 7
3 12 3 13
6 7 6 8
6 22 5 22
4 6 5 6
12 18 12 17
4 8 4 9
12 21 12 20
7 0 6 0
1 12 1 11
2 12 1 12
7 22 6 22
6 19 7 19
3 6 4 6
12 23 11 23
23 3 22 3
13 23 12 23
1 8 2 8
7 4 7 5
13 22 13 23
12 19 12 18
11 12 10 12
6 6 6 7
12 22 12 21
23 4 23 3
12 20 12 19
5 8 4 8
3 11 3 12
4 21 4 22
1 9 1 8
20 22 21 22
3 7 3 6
16 23 15 23
12 8 13 8
2 13 2 12
5 22 5 21
15 4 15 5
18 15 18 14
14 22 13 22
8 0 7 0
14 14 14 15
16 11 16 12
23 5 23 4
16 22 16 23
14 12 13 12
1 10 1 9
4 7 3 7
3 10 3 11
12 9 12 10
4 8 4 7
17 20 18 20
19 15 18 15
22 5 23 5
21 5 22 5
3 2 4 2
19 14 20 14
17 21 17 20
19 10 19 11
18 21 17 21
5 6 6 6
2 20 3 20
6 20 6 19
12 21 12 20
11 6 10 6
14 15 14 14
19 9 19 10
15 22 14 22
1 13 2 13
13 11 14 11
13 17 13 18
14 21 15 21
16 21 16 22
15 5 15 4
2 2 3 2
19 21 18 21
12 10 12 11
7 3 7 4
18 15 19 15
21 6 21 5
5 7 5 6
22 12 22 13
18 16 18 15
15 23 15 22
1 14 1 13
14 11 13 11
15 21 14 21
17 13 17 12
15 4 15 3
11 11 11 12
19 10 18 10
16 5 16 4
14 14 14 15
6 7 5 7
15 22 15 21
18 17 18 16
7 21 7 22
9 5 10 5
18 16 18 17
2 10 1 10
21 22 20 22
4 22 4 21
12 17 13 17
11 12 11 11
16 13 17 13
12 23 12 22
1 15 1 14
13 14 14 14
2 11 2 10
12 13 12 12
14 4 15 4
14 2 14 1
19 19 19 20
9 0 8 0
3 11 2 11
2 10 3 10
17 21 16 21
13 15 13 14
13 12 14 12
12 22 12 21
12 16 12 17
7 4 7 3
10 6 11 6
1 16 1 15
15 11 14 11
6 6 6 5
8 23 8 22
15 12 15 11
4 11 3 11
0 16 1 16
4 12 4 11
22 6 21 6
14 23 15 23
9 1 9 0
3 12 4 12
20 19 19 19
14 12 13 12
1 20 2 20
22 3 22 2
15 2 14 2
14 2 15 2
18 21 19 21
2 0 1 0
17 16 18 16
2 9 2 10
20 13 21 13
6 5 6 6
4 12 3 12
0 15 0 16
23 22 23 21
22 13 22 12
15 23 14 23
19 15 19 14
14 22 15 22
17 5 16 5
6 3 5 3
11 6 10 6
9 0 9 1
10 12 11 12
1 19 1 20
22 2 22 3
144
11 16 13 16
11 22 13 22
4 0 4 1
6 19 6 21
14 5 16 5
5 15 5 16
10 15 11 15
18 14 18 15
11 15 11 16
9 17 9 18
3 6 3 7
20 16 20 17
3 7 3 8
14 5 14 6
10 0 10 1
20 20 20 21
14 18 15 18
10 13 10 15
15 22 16 22
1 8 1 9
13 16 14 16
9 6 10 6
18 8 19 8
9 6 9 7
19 12 19 13
11 18 11 19
16 3 16 4
20 15 21 15
3 5 3 6
17 22 18 22
18 15 20 15
16 3 17 3
7 5 7 6
6 4 6 6
9 4 9 6
19 4 20 4
19 13 21 13
6 21 6 22
14 20 14 21
12 20 12 21
7 6 7 7
0 16 1 16
21 15 22 15
22 4 22 5
6 6 6 8
19 8 20 8
23 5 23 6
20 17 20 18
13 16 13 17
5 11 6 11
14 16 15 16
4 11 5 11
22 5 23 5
13 11 14 11
10 4 11 4
20 8 21 8
4 7 5 7
9 13 10 13
10 8 10 9
0 11 1 11
15 11 17 11
14 19 14 20
16 21 16 22
16 5 18 5
12 19 13 19
1 2 1 3
10 11 11 11
17 3 18 3
1 0 3 0
11 16 11 17
3 8 6 8
18 1 18 3
0 8 1 8
20 18 21 18
20 18 20 20
14 21 15 21
9 2 9 3
9 7 9 8
5 15 7 15
21 8 22 8
8 14 9 14
11 19 12 19
10 6 12 6
3 22 6 22
3 15 3 17
17 6 17 7
22 8 23 8
19 8 19 11
19 16 20 16
19 21 20 21
16 4 16 5
6 4 9 4
23 6 23 8
2 8 3 8
9 20 9 21
22 3 22 4
0 10 1 10
13 19 14 19
6 22 7 22
0 7 0 8
8 0 10 0
10 11 10 13
12 6 14 6
18 16 19 16
3 15 4 15
16 21 19 21
5 17 5 18
5 16 6 16
4 1 6 1
22 8 22 10
23 13 23 14
18 16 18 17
15 16 18 16
22 14 22 15
13 22 15 22
8 21 9 21
7 15 10 15
6 1 6 2
11 11 12 11
19 4 19 5
12 19 12 20
1 9 3 9
6 2 6 4
3 0 4 0
12 6 12 11
8 21 8 22
12 11 13 11
21 13 23 13
19 11 19 12
21 21 21 23
1 9 1 10
23 8 23 9
21 18 23 18
13 1 14 1
14 18 14 19
14 3 14 5
18 5 18 8
1 16 2 16
14 15 14 16
2 17 3 17
2 16 2 17
1 2 3 2
22 1 22 3
6 16 6 19
