50
30 0 30 1
32 24 33 24
14 1 14 2
8 13 7 13
22 14 21 14
17 25 17 26
23 33 24 33
24 31 23 31
34 25 34 26
35 23 36 23
18 35 18 36
9 0 9 1
24 24 24 25
6 8 6 9
6 25 5 25
7 2 7 3
24 25 24 26
36 23 36 24
5 33 6 33
3 6 2 6
17 22 16 22
16 26 16 27
20 1 20 0
4 23 5 23
19 1 20 1
26 26 25 26
10 0 9 0
13 36 13 35
9 29 9 28
6 24 5 24
33 25 32 25
34 11 34 12
24 33 24 32
8 22 8 21
36 15 36 16
10 30 9 30
25 16 25 17
3 15 2 15
22 3 22 4
32 36 31 36
27 17 28 17
24 6 25 6
29 0 29 1
10 28 11 28
27 12 28 12
34 18 34 17
20 8 19 8
14 14 15 14
7 1 6 1
6 1 6 2
150
1 29 1 30
15 14 15 20
19 13 20 13
30 1 30 12
25 29 31 29
12 19 13 19
11 36 18 36
21 3 21 13
15 14 21 14
26 36 29 36
5 35 8 35
6 21 6 26
2 19 2 29
17 24 17 26
6 9 6 11
21 3 25 3
33 24 33 26
6 26 6 27
2 32 2 35
33 19 33 22
11 32 11 36
2 2 2 6
25 3 25 6
24 26 25 26
15 20 23 20
3 9 4 9
9 28 11 28
36 4 36 7
21 13 21 14
31 19 33 19
1 29 2 29
24 30 24 32
4 35 5 35
13 19 13 23
9 1 9 7
2 15 2 19
25 36 26 36
20 2 20 13
36 14 36 16
24 26 24 30
24 30 28 30
9 1 13 1
2 2 6 2
20 1 29 1
17 26 22 26
6 3 6 4
9 0 9 1
1 13 1 19
4 9 6 9
26 16 36 16
26 6 26 16
4 9 4 35
20 1 20 2
13 11 13 19
31 19 31 29
2 35 3 35
25 6 26 6
4 36 11 36
5 31 7 31
25 35 25 36
7 25 7 31
36 16 36 24
13 35 14 35
33 26 34 26
24 32 27 32
33 24 36 24
5 31 5 35
25 26 25 29
10 12 10 13
28 12 30 12
13 1 20 1
0 19 1 19
32 7 32 8
30 1 31 1
34 26 34 33
36 7 36 14
27 5 29 5
9 28 9 30
4 35 4 36
16 13 19 13
29 1 30 1
12 19 12 25
7 13 7 25
22 26 24 26
0 19 0 20
25 13 25 17
3 35 4 35
23 27 23 30
2 6 2 15
14 24 14 35
9 21 10 21
8 16 8 21
14 35 23 35
6 11 6 21
15 33 16 33
10 2 10 12
29 36 31 36
33 22 33 24
8 3 8 14
11 28 11 32
15 28 15 33
2 29 2 32
28 8 28 12
23 31 23 35
30 12 34 12
11 13 11 17
6 2 6 3
20 13 21 13
29 1 29 5
16 22 21 22
19 6 19 8
21 24 28 24
19 5 19 6
16 27 20 27
7 25 12 25
20 27 23 27
14 2 14 5
16 17 25 17
21 31 23 31
16 27 16 32
25 6 25 11
3 8 7 8
1 19 2 19
7 3 8 3
10 2 14 2
16 22 16 27
8 21 9 21
10 13 10 21
34 17 34 19
8 14 8 16
18 24 21 24
23 30 23 31
13 30 13 35
14 13 14 17
20 27 20 34
14 5 19 5
16 8 19 8
21 22 21 24
18 36 25 36
14 5 14 13
28 17 28 24
16 32 16 33
25 17 28 17
31 29 31 36
7 3 7 8
28 17 34 17
14 17 14 24
10 13 11 13
11 5 14 5
21 22 22 22
