222
27 12 26 12
16 6 16 5
18 0 18 1
15 1 16 1
6 27 5 27
18 14 18 13
22 26 23 26
25 26 25 27
26 23 26 24
14 10 13 10
25 4 25 5
15 16 14 16
19 11 19 10
27 2 26 2
14 19 13 19
6 15 6 16
6 19 7 19
2 15 2 14
2 4 1 4
4 20 5 20
19 10 19 9
27 22 26 22
23 13 23 12
26 24 27 24
9 4 8 4
4 6 5 6
22 23 22 22
4 19 4 20
24 12 24 11
25 24 25 25
7 17 7 18
25 23 26 23
0 12 0 13
4 4 3 4
6 18 5 18
14 13 13 13
7 21 7 22
24 21 25 21
7 16 7 17
21 4 20 4
22 1 22 2
4 16 4 17
3 7 3 8
22 22 22 21
6 1 6 2
4 20 4 21
1 14 1 13
15 0 15 1
17 16 17 17
14 22 15 22
10 21 10 22
14 11 15 11
14 0 14 1
9 22 9 21
9 16 9 15
14 23 13 23
8 17 8 16
8 3 9 3
10 6 11 6
1 15 2 15
6 16 7 16
23 26 24 26
13 1 13 0
1 16 0 16
2 2 1 2
6 0 7 0
24 22 25 22
3 21 3 20
21 12 22 12
26 19 27 19
1 17 1 18
1 19 1 20
16 23 17 23
12 0 12 1
24 18 24 19
16 24 16 25
20 10 20 9
7 20 7 21
7 10 6 10
2 23 3 23
8 9 8 8
25 5 24 5
21 16 21 17
10 25 11 25
9 17 10 17
19 12 19 11
4 1 4 0
4 17 5 17
26 4 25 4
2 21 1 21
22 27 22 26
23 18 24 18
3 23 3 22
22 14 22 15
19 11 19 10
25 4 25 3
10 13 9 13
2 20 2 21
12 23 12 24
3 14 4 14
22 24 22 23
16 25 17 25
11 10 11 11
20 0 21 0
10 10 11 10
20 1 20 0
8 23 8 22
3 19 4 19
2 19 1 19
21 15 21 16
26 26 26 25
24 23 25 23
7 7 7 8
15 10 14 10
9 18 9 17
24 26 24 25
2 18 2 19
21 1 21 2
4 14 4 13
1 0 2 0
22 4 21 4
19 1 19 2
26 25 26 24
3 22 3 21
23 23 24 23
12 7 13 7
3 18 3 19
17 18 17 19
16 19 15 19
26 24 25 24
26 27 26 26
4 13 5 13
13 9 13 8
13 0 12 0
25 6 25 5
25 3 24 3
11 13 11 12
24 3 23 3
5 13 5 12
19 2 20 2
4 9 5 9
11 5 12 5
4 18 3 18
7 19 7 20
25 5 25 4
21 22 22 22
5 9 6 9
25 24 24 24
4 2 4 1
25 12 24 12
10 14 10 13
15 25 16 25
19 15 19 14
27 24 26 24
12 6 12 7
23 3 23 4
13 2 14 2
10 27 10 26
14 2 15 2
5 12 6 12
6 17 6 18
24 13 23 13
16 25 16 24
20 22 21 22
25 4 25 3
2 21 2 22
18 26 17 26
6 2 6 3
15 24 15 25
25 11 25 12
15 2 16 2
5 24 6 24
9 15 9 14
6 23 5 23
23 24 22 24
6 12 7 12
14 7 14 6
6 9 7 9
5 17 6 17
5 11 4 11
17 14 18 14
17 26 16 26
26 24 25 24
25 3 24 3
24 3 23 3
7 12 7 11
10 13 10 12
10 0 9 0
6 5 7 5
20 20 20 21
20 15 19 15
10 12 10 11
7 11 8 11
10 26 10 25
15 27 15 26
16 26 16 25
10 25 10 24
25 12 25 13
16 16 15 16
16 10 15 10
10 11 10 10
12 4 12 3
8 11 9 11
7 5 7 4
10 24 10 23
16 24 15 24
11 22 11 23
7 26 7 27
22 18 21 18
26 7 25 7
7 9 8 9
0 15 0 14
9 0 9 1
16 25 16 24
15 24 15 23
9 11 10 11
24 12 25 12
13 4 13 5
16 24 16 23
26 11 25 11
19 9 18 9
16 7 17 7
178
15 22 15 23
4 21 5 21
18 21 18 24
17 17 17 19
23 12 25 12
16 2 16 4
14 24 17 24
18 13 22 13
7 17 7 18
12 0 16 0
24 24 25 24
26 1 26 2
11 25 11 27
6 17 7 17
11 25 14 25
4 1 5 1
17 19 21 19
16 1 16 2
2 22 2 26
14 16 14 21
22 25 22 26
23 1 24 1
22 16 22 17
21 4 23 4
7 20 7 21
7 22 7 23
14 21 14 24
12 13 13 13
2 22 5 22
23 13 25 13
8 18 8 19
21 23 22 23
9 3 9 6
5 21 5 22
23 13 23 14
21 4 21 5
21 10 23 10
3 18 5 18
7 1 9 1
5 16 7 16
19 17 20 17
7 0 12 0
7 16 8 16
14 25 15 25
18 5 21 5
11 9 14 9
13 24 14 24
7 23 10 23
9 1 9 3
15 20 15 22
15 19 15 20
15 4 15 6
8 9 11 9
19 14 21 14
14 16 15 16
14 10 14 12
25 12 26 12
7 8 7 16
5 16 5 18
12 13 12 14
24 19 24 23
23 17 23 20
22 26 26 26
21 16 22 16
16 1 18 1
5 22 5 23
25 9 25 11
8 16 8 18
23 10 23 12
8 16 13 16
0 1 1 1
9 13 12 13
10 10 10 11
14 6 14 8
26 17 26 22
11 9 11 10
2 6 3 6
19 16 20 16
3 20 3 21
20 9 21 9
24 18 24 19
5 23 7 23
3 18 3 19
26 14 26 17
11 4 11 6
26 2 26 5
2 19 2 22
4 1 4 8
3 8 4 8
4 8 7 8
14 6 15 6
22 23 24 23
10 10 11 10
24 18 25 18
17 13 18 13
8 18 10 18
20 2 20 4
17 13 17 15
1 13 1 18
3 2 3 3
24 5 26 5
20 16 21 16
25 23 26 23
17 17 19 17
12 0 12 1
15 19 17 19
18 5 18 7
3 20 5 20
26 12 26 14
23 8 23 9
16 2 20 2
14 24 14 25
23 10 24 10
23 9 23 10
16 5 17 5
16 13 17 13
0 13 1 13
13 10 13 13
5 1 7 1
24 4 24 5
18 1 23 1
24 9 25 9
15 23 16 23
5 23 5 27
15 25 15 26
17 5 18 5
15 26 19 26
15 4 16 4
14 9 14 10
14 8 14 9
19 10 21 10
22 13 23 13
15 12 18 12
26 23 26 26
3 6 3 8
26 22 26 23
7 18 7 20
21 22 21 23
2 0 2 6
23 20 23 22
21 14 23 14
11 6 14 6
24 23 24 24
11 21 14 21
13 13 13 16
15 6 17 6
7 0 7 1
7 21 9 21
2 19 3 19
4 8 4 11
25 7 25 9
23 17 26 17
12 24 13 24
22 5 23 5
24 1 24 4
19 26 22 26
13 13 16 13
9 21 11 21
23 5 24 5
17 15 17 17
12 1 12 3
19 25 19 26
18 7 18 8
15 8 18 8
18 9 18 12
22 17 23 17
1 18 3 18
23 5 23 8
18 12 18 13
25 11 27 11
17 24 18 24
22 5 22 7
18 9 20 9
5 20 7 20
23 3 23 4
16 0 20 0
18 8 18 9
21 19 21 22
