307
31 12 32 12
4 30 4 31
27 39 27 40
14 23 14 22
32 6 32 7
12 41 13 41
42 46 42 45
42 37 41 37
3 30 2 30
13 6 13 7
12 14 11 14
5 16 5 15
39 29 40 29
13 7 13 8
7 7 8 7
2 30 2 31
46 21 46 20
43 26 44 26
6 28 7 28
11 1 12 1
5 34 5 35
46 42 46 43
18 6 17 6
28 27 29 27
35 22 35 23
15 25 15 24
42 45 41 45
40 40 39 40
20 32 21 32
26 25 26 26
29 22 28 22
6 8 5 8
5 15 6 15
34 4 35 4
24 32 24 33
24 25 25 25
27 40 27 41
32 7 33 7
27 41 28 41
32 23 33 23
8 2 8 3
10 35 10 36
36 24 36 23
40 10 40 11
4 19 5 19
21 27 21 28
40 4 40 5
43 22 43 23
35 25 36 25
41 45 41 44
7 25 6 25
17 9 16 9
24 33 24 34
9 37 10 37
18 0 19 0
4 15 5 15
5 27 5 28
10 19 10 20
37 4 37 3
46 33 45 33
14 38 14 37
7 13 6 13
35 24 35 25
27 12 27 13
20 8 21 8
15 40 15 39
18 33 18 32
31 0 31 1
46 43 46 44
18 27 18 28
11 41 10 41
32 38 31 38
34 11 34 12
9 3 9 2
46 5 46 4
33 0 33 1
36 10 36 11
41 9 42 9
37 31 38 31
7 31 7 32
24 11 24 10
24 42 24 43
46 44 45 44
27 4 27 5
43 30 43 31
20 16 19 16
32 12 32 13
30 10 30 11
24 24 24 23
39 7 39 8
44 11 43 11
4 29 4 30
41 37 40 37
45 33 44 33
5 8 5 7
35 16 35 15
15 19 14 19
32 13 33 13
20 2 20 3
38 31 39 31
26 26 25 26
10 41 10 40
10 5 11 5
43 10 43 9
15 20 15 19
31 1 31 2
10 9 10 10
14 44 15 44
20 3 20 4
2 31 2 32
18 32 18 31
35 4 36 4
8 35 8 34
24 1 24 2
8 19 8 20
28 22 27 22
1 6 0 6
11 3 11 4
24 34 24 35
26 33 26 32
46 8 46 7
28 26 28 25
25 27 24 27
17 41 18 41
34 12 34 13
19 0 19 1
4 30 5 30
11 13 11 12
4 34 4 35
43 2 43 3
42 10 41 10
11 35 11 34
25 32 25 31
25 25 26 25
31 2 31 3
10 6 10 5
5 30 5 31
15 44 16 44
28 41 29 41
43 3 44 3
18 28 19 28
33 23 33 22
42 3 42 4
19 1 19 2
5 28 4 28
19 16 18 16
7 12 6 12
40 37 39 37
19 6 20 6
43 6 43 7
24 43 24 44
39 31 40 31
45 44 44 44
24 2 24 3
25 26 24 26
16 37 15 37
24 12 24 11
11 4 12 4
16 21 17 21
38 14 37 14
12 1 13 1
6 37 6 36
46 18 45 18
24 35 25 35
26 25 27 25
41 44 41 43
19 2 19 3
3 42 4 42
19 7 19 8
36 11 37 11
2 32 1 32
1 32 1 33
0 6 0 7
35 25 35 26
2 21 2 22
4 13 5 13
14 37 14 36
19 3 19 4
36 23 37 23
46 7 45 7
16 9 16 8
10 37 11 37
32 19 33 19
34 43 33 43
39 40 39 39
19 9 20 9
33 43 33 44
43 23 43 24
20 17 20 18
3 25 4 25
33 1 33 2
26 16 26 15
5 24 5 23
20 9 20 10
27 13 27 14
43 46 43 45
16 7 17 7
3 34 3 33
39 8 39 9
40 5 40 6
20 10 21 10
28 34 28 35
4 25 5 25
18 16 17 16
45 23 44 23
15 24 15 23
28 35 29 35
21 10 22 10
12 4 13 4
29 41 30 41
42 4 42 5
33 2 33 3
7 26 7 25
18 17 19 17
15 39 15 38
44 3 44 4
22 5 22 4
25 3 25 4
17 16 17 17
9 24 9 23
17 8 17 9
44 4 44 5
33 3 33 4
5 33 5 34
17 44 17 45
17 17 17 18
13 1 13 2
31 3 31 4
32 5 32 6
39 9 40 9
3 5 3 6
34 46 35 46
17 18 17 19
20 4 20 5
17 32 17 33
18 31 19 31
10 5 10 4
43 45 43 44
33 26 33 27
40 9 41 9
26 32 26 31
9 5 10 5
39 21 40 21
30 11 30 10
24 3 24 4
33 19 33 20
16 44 16 43
33 4 33 5
8 20 9 20
6 32 5 32
24 10 24 9
25 35 25 36
30 41 31 41
6 26 7 26
46 22 45 22
32 6 32 7
31 4 31 5
5 29 5 28
24 4 24 5
43 5 43 4
37 11 37 12
28 12 29 12
43 44 43 43
22 19 21 19
31 38 30 38
19 4 19 5
6 20 6 21
8 3 9 3
1 33 1 34
10 24 10 23
4 10 5 10
3 6 3 7
30 14 31 14
16 43 16 42
37 12 37 13
1 34 2 34
3 7 3 8
13 2 13 3
10 25 11 25
30 38 29 38
4 2 4 3
16 42 16 41
36 25 35 25
25 36 25 37
11 14 10 14
18 41 18 42
33 5 33 6
11 12 10 12
25 37 25 38
5 34 4 34
15 19 15 18
25 5 26 5
32 44 31 44
45 31 44 31
26 31 26 32
9 3 8 3
33 25 33 24
31 5 31 6
33 24 33 23
7 20 7 21
18 25 18 24
25 4 25 5
26 44 25 44
10 0 9 0
16 41 16 40
3 8 4 8
20 24 20 25
193
24 23 24 26
37 29 38 29
14 41 20 41
19 17 19 18
16 8 19 8
9 2 12 2
31 36 39 36
42 5 44 5
24 11 31 11
10 23 15 23
39 39 40 39
40 31 40 39
33 6 33 7
46 4 46 20
20 38 21 38
40 39 44 39
43 4 46 4
19 8 21 8
21 38 25 38
7 41 7 44
9 23 10 23
2 41 7 41
21 11 21 12
10 12 21 12
15 23 24 23
29 27 29 35
10 10 12 10
2 34 4 34
25 38 29 38
0 41 2 41
19 17 21 17
24 26 24 27
31 11 31 14
0 8 0 13
0 8 4 8
15 18 19 18
4 23 5 23
31 9 31 11
20 38 20 41
41 41 41 43
10 36 14 36
27 14 31 14
21 12 21 17
44 39 44 44
14 36 16 36
22 26 24 26
4 28 4 31
28 25 35 25
6 21 6 25
10 10 10 12
4 31 4 34
39 23 39 32
19 5 20 5
21 8 21 11
19 31 19 37
30 5 30 10
40 31 43 31
25 38 25 44
19 5 19 8
2 34 2 41
40 6 40 11
29 35 29 38
33 15 35 15
33 11 40 11
31 41 36 41
0 2 5 2
6 15 6 19
44 20 46 20
33 15 33 20
6 35 6 36
31 6 33 6
33 22 37 22
22 4 28 4
41 43 43 43
43 24 43 31
13 3 13 4
5 28 5 31
36 40 36 41
13 40 13 41
31 9 37 9
32 26 35 26
24 27 29 27
7 41 13 41
13 41 14 41
31 11 33 11
41 40 41 41
44 5 44 6
37 23 39 23
10 12 10 14
36 4 36 5
36 40 41 40
31 30 31 36
14 19 17 19
6 13 6 15
33 20 39 20
10 36 10 40
30 15 33 15
40 6 44 6
36 5 37 5
24 44 25 44
4 8 13 8
16 36 16 40
8 3 8 7
5 25 5 28
33 13 33 15
24 5 25 5
6 36 10 36
42 23 44 23
28 4 28 10
21 17 25 17
4 34 8 34
7 27 7 28
15 31 19 31
14 31 14 36
10 4 13 4
6 19 14 19
42 9 43 9
21 11 24 11
5 15 6 15
19 28 21 28
11 37 11 40
6 35 13 35
13 8 16 8
25 44 31 44
8 3 13 3
11 37 15 37
14 22 27 22
8 34 11 34
0 2 0 7
21 8 26 8
31 44 33 44
4 23 4 28
21 32 26 32
33 13 34 13
8 32 8 34
33 44 44 44
44 37 44 39
21 32 21 35
5 31 14 31
14 19 14 22
27 22 27 25
39 23 40 23
21 17 21 19
11 40 13 40
18 5 19 5
44 23 44 26
27 25 28 25
21 38 21 39
7 27 24 27
8 18 15 18
21 28 21 32
4 35 5 35
44 20 44 23
6 19 6 21
40 11 41 11
22 10 28 10
34 13 37 13
44 33 44 37
20 5 24 5
36 4 43 4
3 35 4 35
10 14 13 14
8 7 17 7
28 10 30 10
39 20 39 23
14 31 15 31
5 7 8 7
17 19 17 21
5 35 6 35
6 12 6 13
4 8 4 22
3 35 3 38
41 9 42 9
37 22 37 23
43 9 43 11
37 13 37 14
39 36 39 37
0 7 5 7
19 28 19 31
42 9 42 23
4 22 4 23
17 6 17 7
27 22 33 22
13 4 22 4
37 23 37 29
40 23 42 23
24 26 32 26
30 5 36 5
5 25 6 25
31 6 31 9
22 1 22 4
39 32 39 36
31 36 31 41
