107
27 28 27 27
5 11 6 11
12 14 11 14
5 10 5 9
8 29 9 29
13 8 13 9
21 27 22 27
8 26 9 26
25 27 25 26
1 0 1 1
1 6 2 6
25 22 26 22
16 7 15 7
28 15 27 15
11 14 10 14
7 30 7 29
6 1 7 1
16 1 17 1
17 27 17 26
10 14 10 13
5 30 5 29
18 9 17 9
22 25 23 25
8 12 7 12
5 1 5 2
18 4 17 4
8 13 9 13
20 0 20 1
17 10 18 10
18 7 19 7
24 20 24 21
6 2 6 1
23 0 22 0
0 6 0 5
3 7 4 7
23 28 24 28
19 5 19 4
10 30 11 30
7 9 7 8
26 29 26 28
17 13 17 14
4 5 4 4
3 26 3 27
12 27 12 26
27 21 27 20
18 13 17 13
8 24 9 24
4 7 4 6
8 6 7 6
5 15 6 15
12 13 13 13
8 30 8 29
21 22 22 22
21 23 21 22
9 29 9 28
7 21 8 21
26 6 27 6
26 28 26 27
17 24 17 25
16 2 17 2
16 11 15 11
6 24 7 24
30 21 30 22
5 12 5 13
16 28 16 29
12 26 11 26
21 14 20 14
24 9 24 8
26 19 27 19
22 27 22 26
13 11 14 11
23 18 24 18
2 24 3 24
14 20 13 20
9 4 9 3
9 21 10 21
14 27 14 28
2 23 3 23
22 26 22 25
5 2 6 2
15 28 15 27
26 26 27 26
21 26 22 26
2 7 3 7
24 1 24 2
7 6 6 6
24 18 25 18
11 26 10 26
0 2 1 2
3 7 4 7
26 2 26 1
13 9 12 9
24 28 24 27
1 2 2 2
19 3 18 3
15 27 14 27
25 26 24 26
4 0 4 1
30 22 29 22
19 4 18 4
6 1 5 1
7 28 6 28
9 5 10 5
1 16 0 16
29 24 29 23
2 2 2 3
14 30 14 29
193
7 22 7 23
17 1 17 2
9 10 10 10
24 8 24 11
6 12 6 15
10 13 13 13
6 30 11 30
9 9 9 10
2 3 6 3
15 8 15 11
28 14 28 16
24 2 24 8
7 12 7 14
25 14 26 14
19 14 20 14
9 8 9 9
17 4 18 4
28 16 29 16
15 2 17 2
18 2 19 2
18 14 19 14
26 8 27 8
6 12 7 12
11 25 11 27
15 2 15 7
27 20 29 20
22 28 28 28
19 2 19 6
24 25 24 26
29 17 29 20
11 25 17 25
14 14 14 15
18 8 18 10
27 8 28 8
29 16 29 17
7 14 7 22
6 2 14 2
2 22 2 25
7 8 7 12
9 25 11 25
15 21 17 21
7 8 9 8
1 22 2 22
1 27 1 28
19 12 19 14
0 17 2 17
10 10 10 13
1 22 1 27
30 20 30 25
20 4 20 7
24 8 26 8
4 30 6 30
17 2 17 4
26 20 27 20
22 3 23 3
17 21 17 25
1 28 4 28
26 22 26 25
8 3 9 3
17 21 18 21
18 10 18 14
18 4 18 8
9 25 9 26
20 7 21 7
3 23 3 24
29 20 30 20
16 30 17 30
2 17 2 22
21 25 22 25
27 22 27 23
4 23 4 24
2 22 7 22
10 8 15 8
30 25 30 28
4 24 7 24
30 1 30 6
1 1 1 5
22 26 22 28
6 11 6 12
14 14 17 14
7 7 7 8
4 7 4 8
20 11 20 14
13 12 13 13
6 3 8 3
13 17 17 17
12 7 15 7
9 8 10 8
22 17 23 17
8 29 10 29
0 5 1 5
7 27 7 29
22 26 24 26
16 29 16 30
17 0 22 0
0 17 0 20
2 17 3 17
1 5 6 5
28 8 28 11
22 8 22 9
8 21 10 21
26 5 26 8
12 1 15 1
26 18 26 20
17 16 18 16
17 17 22 17
16 26 17 26
26 17 27 17
4 1 5 1
11 27 14 27
23 3 23 7
3 13 5 13
1 5 1 9
19 6 19 7
16 0 17 0
25 18 26 18
11 17 13 17
23 17 23 21
4 8 7 8
28 11 28 14
23 17 26 17
15 0 15 1
17 14 17 16
15 7 15 8
5 9 5 13
22 17 22 19
21 5 21 7
6 5 6 6
7 1 12 1
22 22 22 25
10 21 10 23
19 9 22 9
5 13 5 16
30 28 30 29
23 21 24 21
15 0 16 0
10 21 13 21
27 20 27 22
14 2 15 2
22 1 22 2
9 13 9 14
15 29 16 29
17 26 22 26
6 2 6 3
28 28 30 28
11 27 11 30
24 27 26 27
22 0 22 1
22 22 26 22
17 25 17 26
26 14 26 17
9 26 9 28
4 28 4 30
29 21 29 22
27 11 27 15
14 29 15 29
27 15 27 17
16 29 19 29
26 25 26 27
17 13 17 14
1 9 5 9
3 17 5 17
22 2 22 3
17 30 24 30
22 9 22 17
3 27 7 27
13 20 13 21
22 1 26 1
7 23 7 24
19 7 20 7
11 9 11 11
11 9 12 9
1 1 4 1
17 1 20 1
15 26 15 29
10 26 10 29
17 16 17 17
14 11 14 14
5 1 7 1
11 11 14 11
13 17 13 20
21 22 22 22
8 21 8 29
4 6 6 6
9 14 14 14
26 12 26 14
23 25 24 25
3 24 3 27
7 29 8 29
22 3 22 8
19 2 22 2
22 19 22 22
26 1 30 1
