24
1 2 1 1
25 9 24 9
2 25 2 24
21 7 21 6
0 10 1 10
16 14 15 14
13 0 13 1
9 23 9 22
20 19 20 18
25 21 24 21
0 9 1 9
15 1 15 2
3 0 3 1
25 24 24 24
20 23 20 22
2 17 2 16
13 18 12 18
15 17 15 18
13 1 12 1
20 5 20 4
0 25 0 24
23 17 23 18
19 17 19 18
17 9 17 8
176
23 16 23 18
17 13 22 13
12 14 15 14
12 14 12 18
12 4 12 9
11 6 11 9
12 9 12 11
2 21 2 23
0 2 0 11
8 6 11 6
21 18 23 18
25 18 25 19
17 13 17 14
20 18 21 18
21 0 21 3
18 25 19 25
17 25 18 25
19 6 21 6
4 4 12 4
15 23 19 23
6 0 15 0
7 6 8 6
12 18 12 22
2 23 2 24
0 24 1 24
14 17 16 17
25 0 25 3
6 6 7 6
0 17 0 24
2 20 2 21
2 0 2 2
16 2 17 2
21 15 22 15
17 14 23 14
0 2 2 2
14 9 15 9
15 10 15 14
21 23 22 23
25 17 25 18
4 6 5 6
20 11 21 11
15 0 18 0
21 6 21 9
16 10 19 10
4 6 4 8
15 2 16 2
15 23 15 25
0 11 0 17
21 6 23 6
4 2 4 4
25 19 25 25
15 9 20 9
1 18 5 18
20 9 20 11
21 15 21 18
3 8 4 8
15 9 15 10
1 12 1 15
20 15 21 15
23 14 23 16
12 11 12 13
18 0 18 1
11 9 12 9
2 0 6 0
15 10 16 10
5 18 5 22
5 17 5 18
1 0 2 0
15 14 17 14
19 23 19 25
19 10 19 12
5 6 6 6
23 6 23 10
4 8 10 8
2 24 3 24
1 15 1 18
18 0 21 0
19 23 21 23
15 0 15 2
17 14 17 17
1 12 7 12
21 0 25 0
20 9 21 9
13 4 13 8
16 17 17 17
21 5 21 6
5 22 9 22
12 13 12 14
19 25 25 25
18 5 21 5
4 2 5 2
25 10 25 17
17 18 19 18
24 14 24 17
14 16 14 17
1 18 1 24
25 3 25 10
1 24 2 24
7 10 8 10
24 17 24 20
9 22 12 22
13 8 14 8
7 10 7 11
3 5 3 6
14 4 14 8
3 5 8 5
10 23 10 24
8 2 8 3
12 23 13 23
4 24 6 24
3 10 7 10
14 8 17 8
10 1 12 1
4 1 10 1
19 16 19 18
3 23 10 23
3 1 4 1
15 18 15 20
8 11 8 16
22 21 24 21
10 16 10 19
17 4 17 5
2 15 4 15
18 8 20 8
18 7 18 8
17 5 17 8
8 3 12 3
1 10 3 10
15 20 24 20
13 15 13 19
18 7 19 7
17 8 18 8
18 3 19 3
13 8 13 10
12 23 12 25
13 15 14 15
10 19 11 19
5 25 12 25
1 25 5 25
14 3 18 3
24 20 24 21
6 24 10 24
13 22 13 23
8 16 10 16
2 16 8 16
1 9 1 10
12 1 12 3
16 18 17 18
1 5 3 5
15 18 16 18
13 21 22 21
2 7 2 8
13 21 13 22
17 4 20 4
23 5 24 5
11 18 11 19
2 7 3 7
10 23 12 23
3 6 3 7
24 4 24 5
13 19 13 21
7 11 8 11
1 5 1 9
12 3 14 3
24 21 24 24
2 15 2 16
18 22 20 22
13 22 16 22
6 11 7 11
3 1 3 5
14 3 14 4
24 9 24 14
16 22 18 22
1 9 5 9
24 5 24 9
20 4 24 4
