114
7 24 6 24
30 12 30 11
35 11 34 11
21 17 21 18
30 35 30 34
6 22 5 22
10 30 9 30
28 24 27 24
4 8 5 8
16 8 16 9
30 11 31 11
9 8 8 8
19 0 20 0
27 5 27 6
1 34 0 34
5 24 5 23
12 21 12 22
28 16 27 16
34 32 34 31
34 11 33 11
1 29 1 30
19 34 19 35
0 27 1 27
13 10 13 9
12 11 13 11
32 2 32 3
1 33 2 33
22 23 22 24
16 9 15 9
5 28 6 28
0 18 1 18
6 24 6 23
13 30 13 31
10 27 11 27
26 17 25 17
0 0 0 1
31 15 31 14
30 10 30 9
25 14 25 15
26 22 26 21
15 22 15 21
15 8 16 8
29 20 29 21
13 9 13 8
0 28 0 29
9 4 8 4
34 2 35 2
9 23 9 22
2 29 1 29
15 21 15 20
10 29 10 30
19 35 18 35
34 26 34 27
34 5 34 6
30 13 29 13
27 3 27 4
5 8 5 7
20 0 20 1
27 6 27 7
15 1 16 1
31 11 32 11
29 1 29 2
32 26 33 26
30 1 30 2
3 29 2 29
26 28 27 28
30 2 30 3
20 13 20 14
3 1 3 2
11 31 10 31
1 18 2 18
35 5 34 5
11 17 10 17
33 15 33 14
25 28 25 29
7 16 6 16
3 8 4 8
25 20 25 21
27 19 28 19
23 16 24 16
35 4 34 4
3 5 2 5
27 1 27 2
18 19 18 18
34 4 33 4
34 35 35 35
27 13 27 14
27 2 26 2
34 7 34 8
17 26 17 27
12 25 12 26
21 14 21 13
3 17 2 17
2 18 3 18
16 1 16 2
1 30 2 30
1 35 1 34
2 23 2 24
16 13 16 14
23 10 23 9
4 4 4 3
26 2 26 3
27 4 26 4
2 3 3 3
4 12 3 12
22 24 22 25
17 5 17 6
35 15 35 14
33 4 33 3
30 22 30 23
1 19 1 20
22 10 22 9
3 18 4 18
1 20 1 21
186
11 25 11 26
12 22 16 22
4 17 4 18
3 3 4 3
10 30 12 30
1 34 4 34
21 19 21 20
34 14 35 14
21 18 21 19
35 32 35 35
16 2 16 8
4 5 4 6
27 29 32 29
18 35 25 35
6 28 6 34
4 16 4 17
16 19 16 22
33 11 33 14
6 13 6 16
8 4 8 7
4 6 4 7
31 14 33 14
26 4 26 6
4 3 4 5
6 23 10 23
15 28 21 28
17 9 17 14
32 3 33 3
4 34 6 34
32 11 33 11
1 29 1 34
4 16 6 16
32 6 32 7
20 14 24 14
32 6 34 6
26 21 27 21
10 30 10 31
22 4 26 4
20 19 21 19
24 14 27 14
14 4 14 8
10 23 19 23
6 23 6 28
18 34 18 35
26 6 32 6
21 20 21 28
8 4 14 4
5 23 6 23
0 26 0 29
26 20 26 21
27 24 27 28
10 23 10 30
23 25 23 28
13 8 13 11
19 25 20 25
6 16 6 23
0 29 1 29
22 7 22 9
16 19 20 19
21 20 26 20
1 29 2 29
27 21 27 24
15 27 17 27
9 28 9 30
27 28 32 28
4 7 4 8
32 7 32 11
17 14 20 14
11 11 13 11
20 9 22 9
13 25 19 25
20 15 23 15
27 14 27 16
25 35 35 35
14 8 16 8
19 23 19 25
4 8 8 8
24 6 26 6
30 3 32 3
20 14 20 15
15 27 15 28
12 30 18 30
16 22 19 22
18 30 18 34
3 4 3 12
25 7 26 7
22 9 22 11
10 16 10 17
11 25 13 25
0 1 7 1
12 17 18 17
26 3 26 4
32 28 32 29
27 16 27 17
1 21 3 21
7 1 11 1
11 11 11 14
25 29 25 31
32 5 32 6
4 31 4 33
3 33 4 33
16 8 16 14
3 2 3 3
23 21 23 25
9 19 13 19
34 27 34 31
20 1 20 2
31 2 35 2
18 1 20 1
10 7 13 7
32 28 33 28
13 8 14 8
18 17 25 17
3 12 3 13
29 2 31 2
35 2 35 3
0 13 3 13
20 9 20 14
22 25 23 25
10 7 10 16
1 4 3 4
21 29 25 29
34 8 34 14
32 27 34 27
11 1 14 1
35 3 35 14
22 4 22 7
32 3 32 5
30 19 30 23
7 1 7 3
35 14 35 24
13 19 13 20
0 1 0 13
3 21 3 33
30 23 32 23
32 18 32 23
28 21 28 26
25 17 25 19
19 22 19 23
9 7 10 7
28 21 29 21
23 25 25 25
26 7 27 7
32 16 32 18
27 7 27 9
25 25 25 29
2 33 3 33
11 27 11 29
25 19 28 19
4 28 4 31
7 3 7 6
24 15 25 15
9 30 9 35
30 9 30 19
24 15 24 16
23 9 27 9
25 15 25 17
20 2 29 2
14 1 18 1
29 31 34 31
15 11 15 13
32 23 32 27
35 24 35 27
5 3 7 3
4 8 4 16
34 27 35 27
11 29 21 29
15 13 15 16
10 17 12 17
27 9 30 9
28 19 30 19
3 13 3 21
2 30 2 33
15 9 15 11
29 2 29 5
13 20 15 20
5 3 5 7
28 19 28 21
20 2 20 4
25 31 29 31
8 7 8 8
9 7 9 19
18 17 18 18
32 15 32 16
16 14 17 14
10 16 15 16
