313
32 16 31 16
11 18 12 18
23 8 24 8
7 20 6 20
19 19 20 19
8 6 8 5
20 3 20 2
16 13 16 14
24 25 24 24
22 2 22 3
2 11 1 11
14 22 14 21
32 2 32 3
5 22 4 22
7 32 7 33
13 19 13 20
17 34 17 35
7 25 7 24
9 35 9 34
27 1 27 0
2 17 2 18
32 3 31 3
29 13 30 13
24 4 24 5
16 17 16 18
24 34 23 34
10 9 9 9
10 34 11 34
28 2 28 1
5 2 6 2
34 17 33 17
20 6 19 6
12 18 12 17
19 13 20 13
21 33 21 32
0 27 0 26
35 14 35 15
28 28 29 28
9 24 9 23
35 15 34 15
34 35 34 34
26 9 26 8
28 8 29 8
29 3 29 2
22 15 21 15
15 2 15 3
25 3 25 4
15 11 14 11
23 34 22 34
31 3 31 4
28 30 28 29
23 19 24 19
1 27 0 27
34 32 34 33
34 34 33 34
12 9 12 10
17 2 17 3
21 3 20 3
2 5 2 6
2 12 2 13
28 13 29 13
15 10 15 11
12 20 12 19
16 4 16 5
0 25 0 24
12 5 13 5
30 31 31 31
5 13 6 13
1 24 2 24
29 21 29 20
22 14 22 13
24 18 25 18
21 34 21 33
10 35 10 34
2 0 1 0
31 6 30 6
15 3 14 3
8 33 8 34
12 27 12 26
1 0 1 1
0 26 1 26
13 28 13 27
21 4 20 4
29 35 28 35
20 13 21 13
6 5 6 6
25 18 26 18
33 32 34 32
1 1 1 2
16 9 17 9
33 34 33 33
4 1 4 0
19 5 20 5
18 33 18 32
27 22 28 22
28 4 28 3
33 28 33 29
33 29 32 29
27 3 27 4
28 12 28 13
8 25 7 25
31 31 31 32
21 26 20 26
13 20 12 20
13 5 14 5
35 18 34 18
1 2 1 3
29 4 29 3
26 32 27 32
20 2 21 2
23 9 24 9
5 4 6 4
21 0 21 1
5 32 5 31
8 34 8 35
12 24 12 23
7 33 8 33
7 22 8 22
28 35 28 34
7 19 6 19
12 23 11 23
17 10 16 10
13 1 14 1
16 12 16 13
34 15 33 15
8 17 7 17
28 33 27 33
11 5 11 4
6 16 6 15
0 17 1 17
30 3 31 3
29 8 29 9
29 12 30 12
4 5 4 4
22 34 22 33
28 22 28 21
9 34 8 34
22 6 21 6
12 19 13 19
34 23 35 23
17 17 17 18
33 2 33 3
17 3 17 4
25 34 25 33
25 31 24 31
17 6 17 7
32 22 32 21
8 5 7 5
28 29 27 29
16 23 16 22
27 25 28 25
11 34 12 34
22 13 22 12
32 21 32 20
24 30 24 29
5 3 4 3
4 26 3 26
3 3 3 2
10 24 10 23
19 6 19 5
32 23 31 23
2 24 3 24
33 3 32 3
14 12 14 13
14 11 14 10
16 8 16 9
11 23 11 22
32 30 32 31
13 21 13 22
32 11 32 12
21 2 21 3
23 13 22 13
30 4 30 3
6 15 6 14
11 29 12 29
12 26 12 25
18 35 18 34
22 28 22 27
31 19 32 19
32 31 31 31
17 11 16 11
24 3 24 4
8 33 9 33
22 3 22 4
10 34 10 33
34 24 34 23
28 16 27 16
11 4 11 3
19 25 20 25
33 15 33 16
29 16 30 16
32 20 31 20
32 29 31 29
24 11 24 12
8 35 9 35
30 8 31 8
13 19 13 18
22 27 21 27
1 3 1 4
26 34 26 33
14 1 15 1
9 15 8 15
9 35 9 34
24 29 23 29
31 20 31 19
31 29 30 29
21 1 21 2
3 20 3 19
31 31 30 31
18 34 18 33
31 3 31 2
22 12 23 12
15 9 15 8
3 19 4 19
5 31 5 30
25 21 25 20
18 6 19 6
10 33 10 32
34 18 33 18
20 31 20 30
17 4 17 5
16 3 15 3
10 32 10 31
10 31 10 30
17 5 17 6
11 22 10 22
10 30 10 29
1 4 0 4
20 26 19 26
27 29 27 28
23 11 24 11
33 35 34 35
26 8 25 8
32 3 31 3
3 34 3 35
10 23 11 23
33 16 32 16
34 23 33 23
33 31 33 32
11 28 11 29
22 33 22 32
32 12 32 13
24 12 24 13
30 31 29 31
23 21 23 20
34 22 34 23
10 29 10 28
29 31 29 30
33 23 32 23
5 30 6 30
6 30 7 30
11 3 12 3
29 30 28 30
34 23 33 23
32 16 32 17
0 4 0 5
6 17 6 16
22 26 22 27
7 24 8 24
12 3 12 2
0 5 0 6
10 25 10 24
30 29 29 29
9 33 10 33
7 30 8 30
22 27 22 28
32 23 32 22
9 34 9 33
28 30 27 30
25 29 25 28
31 4 30 4
21 2 22 2
33 11 32 11
21 9 22 9
29 29 28 29
30 27 30 26
15 3 15 2
8 30 9 30
28 29 27 29
12 2 12 1
33 30 34 30
32 11 31 11
22 32 22 31
31 11 30 11
4 3 3 3
33 23 32 23
3 3 2 3
32 22 32 21
32 21 32 20
31 19 31 18
15 2 14 2
32 23 32 22
25 35 26 35
32 22 32 21
2 3 2 4
10 12 10 13
0 6 0 7
31 3 31 4
30 4 29 4
2 4 2 5
0 7 0 8
0 8 1 8
22 2 22 3
2 5 3 5
32 20 31 20
1 8 2 8
32 21 32 20
29 4 28 4
3 5 3 6
33 24 34 24
3 6 3 7
3 7 3 8
31 4 30 4
187
20 33 20 34
3 22 3 24
16 2 16 5
31 14 31 16
27 27 28 27
2 13 6 13
19 32 19 34
28 27 33 27
32 17 33 17
28 21 28 25
5 19 5 24
16 9 16 10
0 24 0 27
32 33 33 33
13 22 16 22
6 13 6 14
20 30 20 33
28 31 28 34
27 8 31 8
20 25 20 27
14 27 17 27
8 32 8 34
12 1 15 1
34 16 34 19
9 12 9 13
20 25 25 25
19 6 21 6
1 29 1 31
16 1 16 2
21 3 21 5
24 31 26 31
21 21 28 21
6 13 9 13
3 17 3 22
28 19 28 21
25 23 25 25
19 5 20 5
12 30 12 34
3 24 5 24
8 24 10 24
18 28 22 28
16 34 19 34
31 2 31 8
34 21 35 21
29 2 31 2
12 10 14 10
2 8 3 8
21 15 21 21
16 18 17 18
22 31 24 31
9 9 13 9
13 18 13 22
27 29 27 30
29 20 31 20
15 8 17 8
16 33 16 34
14 5 14 10
1 17 3 17
8 24 8 29
34 19 34 20
21 13 21 15
28 4 30 4
12 28 17 28
3 24 3 26
16 33 17 33
30 11 30 12
23 10 23 12
31 16 34 16
28 27 28 31
5 24 8 24
13 16 15 16
6 14 7 14
8 29 8 32
8 22 10 22
0 24 3 24
20 34 28 34
20 27 21 27
26 3 28 3
25 0 25 2
2 8 2 13
12 25 15 25
15 1 16 1
33 17 33 18
17 27 20 27
29 2 29 3
20 19 20 25
34 20 34 21
16 11 16 13
33 32 33 33
3 35 7 35
15 1 15 8
5 5 7 5
16 13 21 13
1 5 1 11
7 35 11 35
10 22 10 24
1 13 2 13
10 28 10 33
17 6 19 6
9 9 9 12
21 3 22 3
26 18 31 18
24 2 25 2
19 6 19 7
31 26 32 26
25 8 25 11
21 5 21 6
26 33 27 33
23 12 26 12
18 28 18 32
16 2 24 2
26 12 26 16
25 8 27 8
12 34 16 34
11 20 12 20
5 15 7 15
27 12 30 12
27 0 34 0
25 25 28 25
20 30 23 30
25 2 29 2
14 10 16 10
16 10 23 10
28 3 28 4
1 13 1 17
25 0 27 0
19 34 20 34
12 10 12 17
12 25 12 28
23 6 23 10
12 17 19 17
17 22 17 27
12 17 12 20
1 5 5 5
12 20 12 25
26 31 26 33
8 34 12 34
31 18 31 20
7 17 12 17
10 10 12 10
28 19 29 19
14 10 14 13
4 17 7 17
22 28 24 28
10 20 11 20
23 29 23 30
28 21 34 21
7 15 7 17
22 3 26 3
13 14 13 16
18 32 18 33
16 22 17 22
26 12 27 12
31 20 32 20
35 20 35 21
26 30 26 31
26 30 27 30
4 0 5 0
16 5 19 5
19 17 19 26
10 28 12 28
13 13 14 13
13 13 13 14
21 6 23 6
7 5 14 5
5 0 5 5
4 17 4 19
17 28 18 28
31 12 31 14
24 28 24 31
31 18 33 18
30 12 30 13
33 27 33 32
23 12 23 20
32 1 33 1
7 17 7 23
9 30 9 33
13 18 16 18
14 3 14 5
7 23 9 23
26 16 26 18
28 25 28 27
7 3 7 5
2 32 2 33
31 8 31 12
34 33 34 35
9 33 10 33
