330
12 3 13 3
22 0 23 0
7 16 7 17
6 16 7 16
24 4 24 3
22 17 23 17
3 19 3 18
10 18 10 19
25 12 25 13
19 0 19 1
2 6 1 6
4 14 4 13
4 24 3 24
19 1 18 1
18 20 19 20
4 21 4 22
2 10 1 10
7 13 7 14
4 10 4 11
5 21 5 22
15 18 15 17
0 15 1 15
18 8 18 9
24 5 24 4
8 20 9 20
7 21 8 21
12 0 12 1
18 3 17 3
3 5 3 4
4 5 3 5
4 9 4 10
10 21 11 21
3 10 2 10
1 13 1 14
24 10 24 9
10 11 10 10
2 7 2 6
5 11 5 10
21 1 22 1
21 15 21 14
4 19 3 19
24 13 24 14
16 4 16 5
5 10 6 10
0 13 1 13
4 10 5 10
2 12 2 13
21 9 21 8
12 11 13 11
17 20 17 21
1 10 1 11
9 24 9 25
7 16 8 16
7 20 7 21
17 4 16 4
17 19 18 19
11 11 10 11
4 23 4 24
17 6 17 7
3 14 3 15
15 11 14 11
11 7 11 6
1 18 2 18
8 21 8 20
7 12 7 13
2 21 2 22
23 13 24 13
25 11 25 12
2 3 3 3
9 1 9 0
7 3 7 2
20 15 21 15
24 1 23 1
11 0 12 0
5 20 5 21
24 15 23 15
24 16 23 16
22 19 21 19
21 22 22 22
15 19 15 18
8 1 8 0
4 20 5 20
1 6 0 6
11 8 11 7
14 8 15 8
18 6 17 6
24 8 24 7
21 23 22 23
10 13 9 13
10 22 10 21
2 14 3 14
14 22 15 22
8 16 9 16
11 25 11 24
2 15 2 14
7 21 8 21
3 9 4 9
6 7 5 7
23 5 24 5
12 25 12 24
6 17 6 18
2 10 1 10
2 20 2 21
20 22 21 22
6 10 7 10
2 16 2 15
19 14 18 14
11 1 11 0
3 23 4 23
1 20 2 20
3 24 3 23
2 6 3 6
6 20 7 20
25 8 24 8
17 7 18 7
6 11 5 11
9 23 9 24
1 5 1 6
21 2 21 1
22 8 22 7
5 20 6 20
0 16 0 15
19 5 19 6
9 25 8 25
17 22 18 22
17 17 16 17
18 19 19 19
11 24 10 24
18 4 17 4
3 21 4 21
5 10 6 10
5 21 5 20
10 23 9 23
6 12 6 11
8 18 8 17
6 21 7 21
1 12 2 12
18 18 18 19
13 1 13 0
18 5 17 5
19 6 18 6
2 21 3 21
14 9 13 9
7 11 7 12
1 23 1 24
7 21 6 21
0 23 1 23
15 23 15 24
6 13 6 12
18 2 18 3
10 24 10 23
13 10 14 10
1 16 0 16
10 8 11 8
10 12 10 13
22 1 22 0
24 5 25 5
18 7 18 8
11 21 11 20
13 24 13 25
8 17 9 17
5 0 6 0
8 19 8 18
19 11 20 11
16 1 15 1
7 10 8 10
18 17 17 17
6 3 6 2
2 9 3 9
3 20 4 20
9 19 9 18
21 1 22 1
1 14 0 14
8 18 8 17
4 21 5 21
11 8 12 8
0 24 0 23
2 8 2 9
5 25 6 25
10 17 10 18
17 21 17 22
2 0 2 1
24 11 24 10
7 22 7 21
13 13 12 13
4 18 4 17
24 4 24 5
5 23 5 24
11 17 11 18
7 14 7 15
17 24 18 24
2 9 2 10
0 25 0 24
23 4 24 4
14 10 14 9
3 5 2 5
19 4 19 5
6 14 7 14
17 1 16 1
11 0 11 1
25 10 25 11
1 13 1 12
19 7 19 6
18 16 18 15
5 16 6 16
6 11 7 11
25 16 24 16
17 18 18 18
9 9 10 9
17 9 17 10
18 19 17 19
14 15 14 14
6 4 6 5
18 9 17 9
18 22 19 22
8 17 8 16
12 24 11 24
25 1 24 1
23 24 23 25
11 16 11 17
1 22 0 22
8 2 8 1
20 0 19 0
17 9 16 9
6 2 6 3
12 10 12 11
15 17 14 17
21 13 21 12
10 11 10 12
19 8 19 7
12 11 11 11
9 20 9 19
5 6 6 6
7 23 7 22
3 4 3 5
21 17 21 16
11 24 10 24
15 22 16 22
16 18 17 18
24 1 25 1
1 23 1 22
19 5 19 4
19 23 18 23
2 24 3 24
1 21 2 21
16 22 15 22
1 7 2 7
10 16 10 17
18 6 18 7
7 17 8 17
7 15 8 15
2 14 1 14
13 16 13 15
1 19 1 18
17 15 17 16
18 21 18 22
11 11 10 11
1 14 1 13
25 17 25 16
20 23 21 23
1 25 0 25
25 3 25 2
22 20 22 19
4 17 4 18
22 13 21 13
19 4 19 5
9 3 9 2
21 15 22 15
17 16 18 16
23 3 23 4
18 10 18 9
24 17 25 17
18 11 19 11
23 17 24 17
0 23 1 23
9 2 9 3
2 4 3 4
5 24 5 23
8 15 7 15
1 13 0 13
22 1 21 1
1 24 1 25
19 22 19 23
17 10 18 10
14 1 14 0
23 2 23 3
14 17 13 17
1 3 2 3
25 16 25 15
11 15 10 15
18 15 17 15
22 19 22 20
0 24 1 24
2 7 1 7
14 23 14 22
11 1 11 0
12 16 11 16
23 25 23 24
2 23 2 24
20 17 20 16
19 6 18 6
7 14 6 14
20 6 19 6
17 2 17 1
2 15 2 14
24 14 24 15
7 13 6 13
20 7 20 6
1 23 2 23
20 16 20 17
0 5 1 5
15 6 15 7
14 9 14 8
13 25 12 25
17 3 17 2
8 13 7 13
11 16 10 16
1 17 1 16
19 11 18 11
23 12 22 12
10 11 9 11
23 14 24 14
16 3 17 3
17 12 18 12
12 15 12 16
17 19 18 19
21 12 21 11
13 15 12 15
24 5 24 6
9 11 9 12
164
13 11 13 14
2 19 2 20
15 1 15 3
10 14 11 14
9 16 9 17
2 20 4 20
6 20 7 20
11 14 12 14
10 20 10 21
21 1 23 1
22 2 24 2
17 1 17 2
19 12 19 15
8 11 13 11
18 1 18 3
14 7 15 7
5 22 6 22
10 2 10 3
13 9 13 11
0 4 0 6
1 1 2 1
9 14 9 15
18 3 18 6
10 16 12 16
1 15 1 16
18 19 18 22
9 13 9 14
22 15 22 18
12 1 15 1
17 14 18 14
2 13 3 13
2 10 2 11
21 6 22 6
17 22 18 22
3 15 3 16
6 10 8 10
8 1 8 3
2 1 2 3
8 10 8 11
18 22 21 22
12 17 13 17
18 7 18 8
4 20 4 22
18 18 20 18
20 11 20 12
13 8 13 9
1 16 1 18
8 17 9 17
13 7 14 7
18 13 18 14
4 22 5 22
21 22 21 23
8 1 12 1
14 8 14 11
16 1 17 1
25 15 25 17
23 15 23 16
21 21 21 22
13 17 16 17
9 23 9 24
16 19 18 19
17 22 17 23
14 19 16 19
17 23 17 25
12 2 12 4
22 6 23 6
10 21 13 21
11 4 12 4
18 8 20 8
9 15 10 15
18 12 19 12
17 3 18 3
12 16 12 17
13 6 13 7
4 22 4 23
12 1 12 2
2 24 2 25
22 18 22 20
24 17 24 18
21 8 23 8
16 0 16 1
1 24 2 24
1 5 2 5
12 14 13 14
2 23 3 23
20 8 21 8
18 1 20 1
20 18 21 18
2 3 2 5
3 23 4 23
23 11 25 11
2 13 2 14
6 15 7 15
11 5 11 6
2 25 6 25
2 12 2 13
20 1 21 1
22 15 23 15
4 13 4 16
12 0 12 1
16 17 16 19
24 17 25 17
25 6 25 11
23 9 23 10
7 15 9 15
4 16 6 16
2 10 6 10
20 11 21 11
10 21 10 23
1 11 1 12
15 3 17 3
3 5 5 5
2 5 2 10
6 22 6 23
25 5 25 6
25 13 25 14
21 21 22 21
10 6 11 6
20 6 21 6
22 9 23 9
19 15 22 15
6 16 8 16
21 20 21 21
20 5 20 6
7 20 8 20
1 18 1 22
6 10 6 12
1 22 1 24
9 24 10 24
4 18 4 20
18 8 18 9
23 15 24 15
1 11 2 11
1 12 1 15
8 20 10 20
18 16 18 18
12 8 13 8
1 16 3 16
23 6 24 6
21 1 21 3
4 16 4 18
12 4 12 8
7 13 9 13
6 23 8 23
6 15 6 16
14 7 14 8
22 20 22 21
8 23 9 23
10 15 12 15
18 6 18 7
8 12 9 12
21 3 22 3
25 14 25 15
22 14 22 15
22 22 22 23
24 14 24 15
8 17 8 20
23 4 23 6
9 16 10 16
18 14 18 16
13 14 13 17
9 12 9 13
3 13 4 13
23 11 23 15
