114
27 19 27 18
24 20 24 19
24 19 24 18
8 8 7 8
7 5 6 5
29 31 30 31
17 15 18 15
25 23 25 24
13 3 12 3
18 11 17 11
33 25 33 26
21 13 20 13
27 5 26 5
20 28 21 28
4 2 5 2
18 4 18 3
30 31 30 30
6 14 6 15
10 9 10 8
10 35 10 34
36 23 36 24
18 1 18 0
35 28 35 29
10 28 9 28
14 18 13 18
2 18 1 18
6 19 7 19
24 3 24 4
21 36 21 35
21 35 22 35
8 29 8 30
18 9 19 9
17 34 17 33
30 7 30 6
29 21 30 21
19 9 19 8
33 18 32 18
5 10 5 11
31 3 30 3
30 22 29 22
4 19 3 19
12 33 12 32
15 6 16 6
10 36 10 35
33 24 34 24
7 6 7 5
16 22 16 21
18 29 18 30
6 0 6 1
27 11 27 10
15 28 14 28
6 23 6 24
30 30 30 29
1 12 1 11
8 30 9 30
13 21 13 22
32 6 33 6
7 19 8 19
26 36 26 35
21 2 20 2
22 35 22 34
17 33 18 33
17 3 17 2
28 26 27 26
34 19 34 18
18 0 19 0
31 16 30 16
35 3 34 3
21 28 21 27
18 26 18 25
30 19 30 18
20 8 20 7
11 35 11 34
15 12 15 13
33 26 34 26
14 12 15 12
11 34 11 33
1 11 2 11
14 35 15 35
36 5 35 5
7 29 8 29
2 23 1 23
12 7 11 7
26 35 27 35
35 14 34 14
6 1 7 1
27 35 28 35
15 35 15 34
29 34 30 34
28 35 28 34
20 2 20 3
26 8 26 7
6 15 5 15
15 34 15 33
7 33 8 33
17 12 16 12
23 0 22 0
3 10 3 11
15 21 15 20
30 21 30 22
34 5 33 5
25 32 25 31
26 7 27 7
20 20 21 20
15 20 16 20
8 29 9 29
33 29 33 30
27 7 27 6
8 33 9 33
25 7 25 8
27 18 28 18
11 7 11 6
27 6 28 6
33 5 32 5
186
15 12 15 13
3 20 3 23
18 12 18 13
22 31 22 34
31 29 31 32
18 3 18 10
5 8 7 8
21 22 21 27
30 20 30 22
7 8 10 8
4 17 4 22
32 15 32 18
13 9 13 13
30 3 30 6
12 32 14 32
10 34 13 34
7 2 7 5
34 20 34 21
30 22 30 26
35 10 35 18
4 23 8 23
30 29 30 34
13 13 13 18
30 26 34 26
7 5 7 8
26 2 26 3
18 13 18 15
10 8 10 10
9 20 10 20
14 28 14 29
1 10 1 18
14 22 18 22
13 34 14 34
34 24 34 26
34 21 34 24
30 6 33 6
13 13 15 13
2 11 3 11
28 34 30 34
4 17 7 17
7 1 7 2
13 22 14 22
35 29 35 30
7 5 15 5
20 7 24 7
14 22 14 28
15 13 18 13
8 35 10 35
8 19 8 23
18 15 19 15
1 18 1 23
3 8 3 11
28 6 30 6
8 19 10 19
23 2 24 2
27 23 27 26
7 17 7 21
9 2 11 2
34 24 36 24
8 23 8 35
30 26 30 29
14 29 14 32
24 2 26 2
30 3 34 3
1 23 3 23
5 2 7 2
21 27 24 27
10 34 10 35
4 22 4 23
30 29 31 29
20 3 20 7
3 5 3 8
33 6 33 11
13 18 13 22
4 0 4 3
18 25 18 30
35 29 36 29
12 1 12 3
15 31 15 33
25 27 25 30
11 15 11 28
9 30 9 33
6 3 6 5
34 18 34 20
18 3 20 3
22 34 28 34
9 28 11 28
3 23 4 23
19 0 19 2
27 26 30 26
30 16 30 18
30 22 33 22
18 10 18 12
8 0 19 0
21 8 25 8
16 16 16 18
24 12 24 13
31 29 35 29
22 6 23 6
28 16 28 18
33 11 33 22
29 18 30 18
25 4 25 8
13 24 13 26
18 22 21 22
14 32 14 34
18 30 25 30
7 2 9 2
28 21 28 25
9 30 13 30
24 13 24 18
20 3 26 3
34 18 35 18
19 8 19 10
19 8 21 8
20 1 20 3
29 9 32 9
24 24 25 24
10 10 10 19
18 15 18 17
10 19 10 20
14 34 22 34
28 18 28 21
17 2 19 2
30 18 32 18
13 22 13 24
7 1 12 1
22 0 22 1
27 10 30 10
35 30 35 32
32 32 32 33
36 13 36 20
9 29 9 30
34 3 34 9
23 5 23 6
27 1 27 10
20 13 20 15
4 15 4 16
20 15 20 17
28 16 30 16
22 0 26 0
16 6 16 12
16 18 16 20
23 6 24 6
9 28 9 29
29 18 29 22
4 15 5 15
25 30 26 30
25 30 25 31
16 2 16 6
3 11 5 11
18 25 20 25
27 10 27 14
32 9 32 15
19 10 27 10
22 1 27 1
4 3 4 5
16 2 17 2
9 33 11 33
9 27 9 28
32 18 32 20
26 0 35 0
11 29 14 29
5 11 8 11
24 4 25 4
20 13 24 13
4 0 8 0
35 0 35 5
19 0 22 0
15 33 18 33
11 6 16 6
23 12 24 12
32 32 34 32
4 3 6 3
25 24 25 27
18 30 18 33
16 18 24 18
30 10 30 16
5 11 5 15
24 18 28 18
35 20 36 20
23 31 25 31
24 4 24 6
3 5 4 5
24 18 24 24
11 6 11 15
