311
2 6 3 6
22 13 22 12
12 0 12 1
17 19 16 19
16 3 16 4
14 18 14 17
5 18 5 17
17 14 17 15
26 16 26 17
26 9 26 10
17 2 17 3
22 22 21 22
2 5 2 4
25 6 25 7
19 19 18 19
15 18 15 17
24 23 23 23
22 20 22 21
18 19 17 19
11 16 11 15
17 11 17 10
6 13 5 13
28 10 27 10
25 12 25 13
20 14 19 14
6 25 7 25
16 4 15 4
5 23 4 23
26 14 26 13
2 18 2 19
28 16 27 16
16 12 16 13
24 10 24 11
10 8 10 7
5 24 5 23
25 9 26 9
17 6 16 6
27 19 28 19
21 15 20 15
19 23 20 23
28 15 28 16
5 19 5 20
2 7 2 8
8 6 9 6
7 3 6 3
4 11 3 11
27 20 27 21
16 2 16 3
14 19 14 18
26 3 26 4
19 14 19 13
25 10 24 10
6 23 6 24
22 19 22 20
26 10 25 10
4 9 3 9
18 20 18 21
23 9 23 8
6 9 6 8
19 22 19 21
27 13 28 13
26 4 27 4
26 1 26 0
19 6 20 6
15 19 14 19
7 20 8 20
25 14 24 14
24 8 25 8
16 13 15 13
24 24 24 23
13 5 12 5
26 15 26 14
25 10 25 9
18 25 19 25
7 2 7 3
15 12 16 12
18 15 18 16
20 3 19 3
6 15 6 14
18 10 18 11
3 3 4 3
1 2 2 2
21 26 20 26
23 24 23 25
27 26 28 26
25 19 25 20
22 20 21 20
21 3 21 2
27 10 26 10
5 9 4 9
3 7 2 7
5 26 5 27
12 15 12 14
14 19 14 20
26 2 26 1
10 20 11 20
3 6 3 7
24 7 23 7
27 15 26 15
23 17 24 17
23 23 23 24
9 1 8 1
9 15 9 16
19 10 20 10
27 16 27 15
28 21 28 22
5 23 6 23
17 1 16 1
9 2 8 2
17 17 17 16
8 8 7 8
28 16 27 16
11 20 12 20
15 20 15 19
16 9 15 9
22 3 21 3
27 18 28 18
14 21 14 22
24 16 24 15
14 24 13 24
19 27 20 27
20 22 19 22
25 15 25 14
28 14 28 15
2 17 3 17
27 14 28 14
5 20 5 21
17 19 17 20
20 12 21 12
15 7 14 7
25 7 24 7
17 20 17 21
21 25 21 26
11 15 12 15
16 27 16 28
2 4 2 3
19 15 19 14
20 15 20 14
12 1 13 1
9 3 9 2
26 27 25 27
25 25 25 24
27 16 26 16
27 21 26 21
2 26 3 26
15 6 14 6
16 22 16 23
24 9 23 9
28 22 27 22
9 14 9 15
15 2 16 2
27 27 26 27
6 20 7 20
17 22 18 22
4 3 4 2
7 13 6 13
11 13 10 13
17 24 16 24
0 3 1 3
11 11 10 11
20 16 20 15
12 14 13 14
16 20 16 21
1 18 2 18
19 25 19 24
24 7 24 6
4 7 4 6
10 3 9 3
9 2 9 1
4 14 3 14
3 5 2 5
20 15 19 15
14 20 14 21
6 24 5 24
26 10 25 10
20 20 19 20
16 11 17 11
5 21 6 21
7 22 7 23
9 9 8 9
27 22 27 23
3 25 2 25
2 11 1 11
11 1 12 1
6 3 6 2
2 3 3 3
8 2 7 2
3 14 3 15
14 3 14 4
14 18 14 19
19 20 19 19
14 2 14 3
13 18 14 18
5 3 5 4
23 0 23 1
14 19 14 20
2 12 2 13
27 23 26 23
14 20 15 20
15 27 16 27
24 17 24 16
12 15 12 14
24 10 24 9
19 15 18 15
6 21 6 22
20 8 21 8
2 22 1 22
0 15 1 15
23 19 22 19
8 4 9 4
24 25 24 24
23 25 23 26
10 16 11 16
12 25 12 24
26 9 26 10
25 10 24 10
11 18 10 18
15 20 16 20
23 7 24 7
16 20 17 20
2 14 3 14
8 1 8 0
10 15 11 15
26 8 26 9
14 1 14 2
3 7 4 7
11 15 12 15
15 4 15 5
14 3 15 3
26 14 27 14
8 16 8 15
10 9 11 9
8 20 8 21
9 13 9 12
10 13 9 13
0 9 1 9
26 19 25 19
9 16 10 16
25 22 24 22
10 7 11 7
8 7 8 8
24 9 24 8
19 4 20 4
14 27 14 28
10 12 10 13
19 17 19 16
4 13 3 13
12 17 12 18
25 9 24 9
3 3 4 3
10 2 10 3
11 9 11 10
19 7 19 6
10 1 10 0
13 13 14 13
12 20 13 20
1 12 0 12
11 0 11 1
14 18 15 18
16 27 15 27
9 13 9 14
28 11 28 12
3 11 2 11
19 16 20 16
19 14 18 14
23 24 23 25
11 2 10 2
1 9 0 9
10 11 9 11
11 14 11 13
23 18 23 19
20 1 20 2
7 1 8 1
25 2 24 2
7 27 7 28
8 15 7 15
2 27 2 26
22 15 22 14
0 2 0 3
9 12 10 12
20 25 20 24
28 12 28 11
16 6 16 5
1 6 1 7
19 13 18 13
24 3 24 4
13 20 14 20
15 3 15 4
8 21 9 21
8 11 8 10
11 21 11 22
11 12 12 12
22 0 22 1
5 0 5 1
6 1 7 1
2 7 3 7
11 7 11 8
16 15 16 16
11 17 11 18
4 2 4 1
14 20 15 20
11 8 11 7
3 26 4 26
8 13 9 13
1 27 1 26
28 11 28 10
21 6 22 6
22 14 22 15
4 3 4 2
11 1 11 2
15 4 16 4
187
23 21 23 25
9 19 9 21
16 3 16 4
18 14 18 15
20 9 20 10
6 22 6 23
17 25 17 26
7 3 8 3
24 21 25 21
4 12 5 12
14 0 15 0
17 20 21 20
4 23 6 23
7 1 7 2
2 28 3 28
15 20 17 20
24 19 24 20
4 7 4 8
17 25 23 25
1 26 2 26
24 14 24 15
15 18 16 18
19 22 19 24
20 11 20 13
10 0 14 0
15 1 15 5
13 14 15 14
16 18 17 18
7 14 8 14
20 7 20 9
16 10 17 10
14 17 15 17
25 13 26 13
27 14 27 15
27 8 28 8
18 13 20 13
5 12 5 13
4 9 8 9
15 14 18 14
25 23 26 23
19 3 19 6
17 26 17 27
4 8 4 9
3 18 6 18
24 23 25 23
17 23 17 25
17 0 17 3
8 3 9 3
17 27 20 27
24 7 24 8
14 21 14 22
0 14 1 14
5 1 7 1
19 24 20 24
4 1 5 1
25 5 26 5
9 13 9 14
16 3 17 3
6 10 6 11
16 0 17 0
24 11 25 11
8 3 8 5
14 21 16 21
20 26 20 27
7 15 9 15
14 22 14 23
1 3 7 3
18 17 26 17
15 13 15 14
14 8 15 8
10 0 10 2
20 10 20 11
6 23 6 26
23 1 23 3
4 1 4 2
25 8 27 8
5 12 7 12
19 2 19 3
18 3 19 3
14 17 14 21
26 1 26 5
12 6 12 7
5 15 7 15
9 7 9 11
9 15 9 19
17 0 24 0
25 8 25 11
17 21 17 23
8 5 8 8
17 10 20 10
21 20 21 22
23 25 26 25
26 16 26 17
7 2 10 2
22 12 24 12
23 15 24 15
26 15 26 16
24 11 24 12
2 18 3 18
7 5 8 5
18 22 19 22
2 13 3 13
13 25 13 28
23 1 26 1
15 8 15 9
8 8 8 9
16 10 16 12
25 5 25 8
2 19 2 20
15 27 17 27
22 19 22 21
20 9 21 9
26 25 27 25
13 1 15 1
26 21 26 22
3 13 5 13
15 14 15 16
17 18 17 20
24 8 24 9
3 14 5 14
6 11 9 11
6 22 11 22
12 5 12 6
5 28 7 28
16 16 16 17
27 25 27 28
2 15 2 18
15 1 16 1
16 17 18 17
4 15 5 15
1 14 1 15
18 15 22 15
14 23 14 25
20 13 21 13
9 7 11 7
26 22 26 23
18 3 18 5
26 13 26 15
13 12 13 14
15 16 15 17
15 5 15 8
4 9 4 10
16 21 17 21
20 7 24 7
4 26 6 26
12 14 13 14
9 11 9 13
24 20 24 21
6 18 6 22
1 1 1 3
27 24 27 25
2 26 2 28
9 15 12 15
22 21 23 21
11 7 11 10
1 15 2 15
2 20 2 25
7 12 7 14
26 17 26 18
2 13 2 15
25 21 26 21
11 7 12 7
27 15 27 24
5 14 5 15
16 17 16 18
15 0 16 0
16 4 16 5
12 7 13 7
15 9 15 13
13 25 14 25
2 19 3 19
12 15 12 18
26 18 26 21
19 22 21 22
4 10 4 12
24 9 24 10
21 3 23 3
11 22 14 22
2 25 2 26
9 14 9 15
16 5 16 10
27 12 27 14
24 12 27 12
26 28 27 28
19 3 21 3
22 15 23 15
21 13 25 13
