110
16 23 16 24
10 2 9 2
13 24 13 23
27 13 26 13
19 30 20 30
9 6 9 7
22 23 21 23
11 31 11 30
3 19 3 18
18 18 17 18
9 21 9 22
24 31 24 30
9 9 9 10
12 27 11 27
5 8 6 8
21 24 21 25
28 29 28 30
1 23 0 23
2 17 1 17
15 24 15 25
12 31 12 30
16 7 16 6
3 23 4 23
16 11 16 10
9 10 9 11
27 1 27 2
2 31 1 31
1 14 0 14
14 24 14 23
22 27 22 26
6 18 7 18
11 17 12 17
26 1 26 2
0 18 1 18
31 25 30 25
18 2 18 1
12 20 12 21
11 20 12 20
1 29 1 28
27 11 27 10
14 8 13 8
4 13 5 13
18 17 19 17
5 13 5 14
24 26 23 26
10 11 11 11
1 30 0 30
21 3 21 4
19 9 19 8
10 1 10 2
6 8 6 7
22 5 21 5
9 22 9 23
30 1 31 1
13 5 14 5
17 16 17 15
11 2 11 3
13 17 13 16
7 18 8 18
16 1 15 1
19 27 18 27
5 11 6 11
17 10 18 10
3 20 4 20
19 17 20 17
5 4 5 3
29 18 28 18
22 26 22 25
17 20 17 19
25 17 25 18
27 22 28 22
2 2 2 3
23 26 22 26
15 1 15 2
8 3 9 3
11 0 11 1
13 8 13 9
22 25 22 24
24 12 25 12
5 18 5 19
14 15 15 15
30 3 31 3
8 14 7 14
24 7 25 7
20 24 19 24
6 15 7 15
25 18 26 18
1 26 2 26
10 4 11 4
27 2 28 2
19 10 19 11
7 15 8 15
13 26 12 26
5 14 5 15
8 6 7 6
4 8 4 7
4 1 4 2
27 3 27 2
27 2 27 1
11 1 11 2
8 12 8 11
31 21 31 20
1 2 0 2
22 7 22 8
21 11 22 11
8 11 8 10
1 12 1 13
2 23 3 23
15 25 15 26
15 26 16 26
190
2 3 5 3
19 24 22 24
17 18 17 19
28 22 29 22
4 14 4 17
14 6 16 6
14 5 14 6
4 30 6 30
9 1 9 2
30 27 30 30
28 30 30 30
7 7 7 14
20 30 24 30
13 31 15 31
11 11 11 14
9 7 9 8
1 27 1 28
8 16 8 18
12 17 15 17
15 23 18 23
18 23 21 23
6 7 6 11
22 24 22 26
4 14 7 14
12 17 12 18
26 30 28 30
24 1 27 1
7 24 11 24
20 16 20 17
1 28 1 31
18 10 21 10
1 31 13 31
1 17 1 18
21 21 21 23
21 10 21 13
6 3 9 3
6 3 6 7
5 3 6 3
26 17 26 18
25 10 26 10
16 24 19 24
23 31 31 31
18 10 18 13
27 15 27 16
0 2 0 8
31 27 31 28
17 6 17 8
17 8 19 8
15 15 17 15
17 17 17 18
31 23 31 27
1 17 4 17
19 24 19 28
9 2 9 3
20 1 22 1
29 13 30 13
9 4 11 4
6 28 6 30
25 6 25 7
17 19 23 19
22 2 22 4
21 10 25 10
11 18 12 18
6 7 7 7
11 24 16 24
16 16 20 16
14 12 15 12
27 15 29 15
25 10 25 12
12 28 12 30
17 13 18 13
28 18 28 22
29 14 29 15
1 20 1 24
3 12 3 13
27 1 31 1
15 2 15 4
16 26 18 26
31 1 31 3
10 21 12 21
12 30 15 30
27 6 28 6
26 10 27 10
31 28 31 31
3 23 4 23
7 24 7 25
22 2 24 2
6 30 9 30
29 20 31 20
0 2 4 2
13 16 16 16
9 3 11 3
18 1 20 1
3 18 8 18
4 29 4 30
12 26 16 26
8 9 8 10
12 26 12 28
1 13 1 17
1 24 7 24
31 3 31 20
14 23 15 23
1 24 1 27
24 28 24 30
1 18 1 20
1 28 6 28
11 24 11 27
11 14 11 18
24 2 24 9
15 30 20 30
12 20 12 21
20 16 22 16
24 24 29 24
30 27 31 27
15 13 15 14
9 1 18 1
3 10 3 12
24 2 26 2
11 6 12 6
8 18 10 18
8 15 8 16
13 13 15 13
3 8 3 10
26 13 26 17
7 23 9 23
15 14 15 15
14 19 17 19
4 22 4 23
11 6 11 9
29 21 29 22
24 30 25 30
7 25 10 25
28 2 30 2
11 30 12 30
17 13 17 15
20 30 20 31
11 9 13 9
20 31 22 31
28 2 28 6
15 27 18 27
25 6 27 6
26 18 28 18
29 15 29 20
15 17 17 17
20 29 20 30
8 9 11 9
23 18 26 18
16 25 16 26
1 10 3 10
21 4 22 4
11 14 15 14
11 4 11 6
8 18 8 22
12 2 15 2
26 2 28 2
7 23 7 24
0 8 3 8
25 7 25 8
29 13 29 14
29 22 29 24
27 10 27 15
5 15 8 15
11 2 12 2
14 10 16 10
3 10 4 10
16 6 17 6
20 17 26 17
13 7 13 9
18 26 18 27
21 4 21 5
3 7 3 8
31 20 31 23
7 7 9 7
24 28 27 28
24 24 24 28
10 18 10 21
11 4 15 4
17 8 17 13
22 1 24 1
4 22 8 22
8 10 8 15
8 10 14 10
23 23 28 23
15 2 22 2
12 21 21 21
21 23 23 23
30 2 30 12
28 13 29 13
15 12 15 13
28 22 28 23
