211
11 18 12 18
2 2 2 1
17 14 17 13
3 0 2 0
17 22 17 23
12 9 12 8
1 4 0 4
16 2 16 1
14 12 14 13
24 14 25 14
13 21 13 22
3 9 4 9
20 16 19 16
21 26 21 27
21 4 21 5
16 4 15 4
16 28 17 28
21 24 21 23
2 6 2 7
12 26 12 25
23 15 23 16
1 5 1 4
3 2 2 2
8 4 7 4
17 27 17 26
20 27 20 26
4 16 5 16
13 12 13 11
17 26 16 26
0 5 1 5
24 0 23 0
9 16 8 16
22 6 21 6
8 5 8 6
22 27 23 27
25 7 26 7
17 28 17 27
6 4 6 3
24 15 23 15
18 8 17 8
24 1 24 2
15 21 15 22
5 27 4 27
19 18 20 18
23 18 22 18
19 27 19 26
13 6 13 7
3 1 3 0
15 20 14 20
2 5 2 6
7 4 6 4
18 20 18 19
22 2 22 3
27 27 26 27
12 10 12 9
1 13 1 12
25 1 24 1
23 27 23 28
22 19 23 19
12 12 12 13
1 5 2 5
10 26 10 27
17 13 18 13
25 0 25 1
16 10 16 9
2 1 3 1
24 16 24 15
27 22 26 22
13 3 13 4
14 21 13 21
22 26 22 27
17 12 17 13
16 6 15 6
3 18 2 18
21 3 21 4
0 2 1 2
26 12 27 12
24 27 24 28
14 25 14 24
16 21 16 20
13 0 14 0
5 11 5 10
24 11 24 10
18 15 19 15
28 26 28 25
5 20 4 20
4 25 3 25
17 4 16 4
6 12 6 11
28 25 27 25
27 26 27 27
18 3 18 4
11 11 10 11
15 7 14 7
6 23 6 24
3 1 3 2
4 22 4 21
15 22 15 23
22 23 23 23
12 23 12 24
4 27 4 26
2 9 3 9
8 14 8 15
5 16 5 15
11 7 11 6
0 12 0 13
14 1 14 2
14 15 14 16
7 8 7 9
24 10 24 9
18 13 18 12
10 11 10 10
10 2 9 2
16 25 16 24
15 12 15 11
6 26 6 27
18 25 18 24
13 16 13 15
16 22 16 21
17 1 17 0
25 16 24 16
4 12 3 12
19 16 19 17
11 26 11 25
19 20 20 20
20 23 19 23
23 6 23 5
3 2 3 3
16 9 17 9
4 21 3 21
6 21 5 21
6 4 6 5
13 20 13 19
10 17 10 16
10 16 11 16
28 17 28 16
16 15 17 15
19 19 19 20
6 25 6 26
26 22 26 21
20 20 20 21
16 20 17 20
28 27 28 26
18 12 19 12
28 26 27 26
1 26 0 26
21 25 22 25
7 26 7 25
25 27 24 27
28 28 28 27
17 24 17 25
4 1 3 1
25 5 25 4
12 24 11 24
2 2 2 1
22 0 22 1
17 2 17 1
3 19 3 20
17 9 16 9
5 25 6 25
26 21 25 21
27 5 27 4
4 24 4 25
22 1 22 2
21 23 22 23
6 17 6 18
14 3 13 3
13 21 13 20
10 14 9 14
0 14 0 15
14 27 14 26
13 25 14 25
8 23 9 23
25 15 25 16
19 26 19 25
10 23 11 23
22 5 22 6
17 13 18 13
16 27 16 28
16 12 15 12
10 1 10 0
16 26 16 27
7 17 7 16
15 27 14 27
16 21 16 20
24 15 25 15
17 15 16 15
15 28 15 27
17 20 18 20
22 2 23 2
5 10 5 9
14 20 14 21
28 2 28 1
0 17 0 16
1 14 2 14
25 11 24 11
13 15 14 15
16 28 17 28
11 13 11 14
20 4 20 5
14 13 15 13
17 21 16 21
9 5 8 5
5 14 5 13
10 0 11 0
25 10 26 10
4 13 4 12
19 25 20 25
1 6 1 5
25 21 26 21
18 24 19 24
188
18 4 18 10
22 18 22 22
25 4 25 9
13 24 13 26
23 0 26 0
10 7 10 8
23 17 24 17
1 8 1 9
14 16 14 21
4 5 4 8
27 16 28 16
2 5 3 5
8 15 8 16
19 6 21 6
17 27 18 27
27 12 27 15
3 5 4 5
26 24 26 25
26 15 26 16
4 20 4 25
13 7 14 7
10 10 18 10
25 9 25 14
0 26 4 26
7 11 7 13
26 21 28 21
28 14 28 15
28 18 28 20
24 16 25 16
14 14 14 15
26 23 26 24
4 25 6 25
19 20 19 23
6 11 7 11
19 23 19 24
8 16 11 16
4 8 5 8
19 12 19 13
9 7 10 7
9 14 11 14
22 4 23 4
5 13 5 15
11 16 11 19
18 13 18 14
6 15 8 15
18 20 18 22
0 13 0 15
19 6 19 7
3 5 3 9
26 16 26 21
5 15 5 18
11 16 14 16
22 22 22 23
23 23 23 24
6 26 6 27
5 18 5 21
0 20 0 23
13 24 14 24
11 3 12 3
19 20 21 20
8 7 9 7
14 25 17 25
14 7 14 8
7 16 8 16
9 7 9 9
11 14 13 14
3 9 3 12
18 27 21 27
8 2 9 2
10 7 12 7
1 16 3 16
26 4 26 7
25 1 25 2
9 12 9 14
4 11 6 11
3 27 6 27
4 25 4 26
6 24 6 25
21 27 22 27
8 26 8 27
21 22 22 22
7 9 9 9
17 25 17 27
27 15 28 15
19 13 20 13
9 12 15 12
21 5 23 5
25 14 25 15
10 8 10 10
19 7 22 7
24 9 25 9
0 13 2 13
22 15 22 17
4 0 4 2
24 16 24 17
26 15 27 15
8 26 13 26
12 27 14 27
22 17 23 17
25 15 26 15
6 5 6 9
4 2 4 3
14 14 18 14
22 23 23 23
1 2 1 3
26 4 27 4
14 22 18 22
2 13 5 13
11 5 14 5
16 4 16 7
14 0 17 0
2 12 2 13
14 24 14 25
19 17 19 20
23 24 26 24
26 21 26 23
5 21 5 23
22 3 22 4
9 1 9 2
25 2 25 4
7 13 7 14
19 13 19 15
3 16 3 20
8 10 10 10
19 17 22 17
11 14 11 15
27 4 28 4
28 21 28 27
2 12 3 12
14 2 18 2
8 5 11 5
7 14 9 14
16 3 16 4
5 15 6 15
1 3 1 4
1 7 1 8
25 4 26 4
6 24 8 24
3 3 3 5
11 15 12 15
8 6 8 7
1 2 4 2
1 1 1 2
16 3 22 3
11 3 11 5
15 27 16 27
3 20 4 20
24 17 24 18
18 22 18 23
11 19 11 23
14 0 14 2
14 27 15 27
14 5 14 7
26 26 27 26
11 23 13 23
6 9 6 11
22 27 24 27
21 22 21 27
13 23 13 24
21 4 21 5
16 4 18 4
5 12 5 13
18 2 23 2
28 16 28 18
15 12 19 12
6 26 8 26
19 15 19 17
11 27 12 27
18 23 19 23
19 7 19 12
14 15 14 16
0 23 0 26
15 13 18 13
14 21 16 21
14 2 14 5
24 18 24 20
28 11 28 13
16 24 19 24
4 3 6 3
14 8 15 8
21 5 21 6
23 0 23 2
6 3 6 5
6 5 8 5
8 2 8 3
1 5 1 7
1 4 1 5
23 4 25 4
