212
4 11 3 11
12 0 13 0
2 22 3 22
2 4 2 3
17 32 17 31
30 21 30 22
14 19 15 19
15 31 16 31
10 26 11 26
10 31 11 31
30 13 29 13
5 24 5 23
18 4 18 5
15 5 15 6
17 23 18 23
8 12 8 11
2 19 2 20
22 2 22 3
6 10 6 11
27 19 27 18
2 21 3 21
9 15 9 16
1 26 2 26
2 2 2 1
2 18 2 19
11 11 11 12
10 13 11 13
1 22 1 21
14 23 13 23
22 15 23 15
3 7 2 7
1 9 2 9
28 29 27 29
17 25 17 24
9 0 8 0
9 3 10 3
27 17 27 16
3 3 3 2
21 13 22 13
5 16 6 16
17 27 17 28
4 6 3 6
2 28 2 27
22 17 23 17
30 29 30 28
26 29 26 30
11 0 12 0
7 14 6 14
16 13 16 14
2 9 3 9
9 16 10 16
23 8 23 9
11 26 11 25
2 10 3 10
1 27 1 28
10 15 10 14
24 6 23 6
7 9 8 9
12 1 13 1
12 0 12 1
1 2 2 2
29 6 28 6
0 27 1 27
3 16 2 16
3 15 3 16
2 3 3 3
13 22 14 22
27 8 27 7
1 5 1 6
5 28 5 29
3 0 3 1
4 27 3 27
16 26 15 26
13 20 12 20
16 14 15 14
25 9 25 8
24 17 25 17
21 23 21 24
9 10 8 10
21 8 20 8
3 18 2 18
21 17 22 17
14 29 13 29
14 22 14 23
16 12 15 12
6 28 6 27
24 15 25 15
27 23 27 22
12 18 12 19
21 31 21 32
1 11 1 12
8 0 7 0
14 30 14 29
19 8 18 8
0 14 1 14
4 15 5 15
3 6 2 6
11 31 11 30
24 25 24 26
21 18 22 18
14 23 14 24
6 2 7 2
26 3 25 3
30 16 30 15
21 16 22 16
32 21 32 20
13 15 12 15
13 12 13 11
26 26 26 27
0 11 1 11
10 23 11 23
25 27 25 26
23 15 23 14
30 31 31 31
5 23 5 22
7 4 7 3
1 12 2 12
32 32 31 32
3 21 3 20
5 27 4 27
32 6 32 7
27 12 28 12
8 18 8 19
28 2 27 2
17 2 17 3
29 29 28 29
11 17 10 17
12 15 12 14
29 0 29 1
14 29 14 28
8 10 7 10
0 23 0 24
10 16 10 15
1 21 0 21
10 4 11 4
3 28 4 28
7 10 6 10
13 2 13 3
28 19 27 19
4 29 3 29
22 21 23 21
18 32 19 32
28 14 28 13
30 30 31 30
20 8 20 7
25 8 24 8
4 27 4 26
20 25 21 25
9 18 9 17
10 3 10 2
0 12 1 12
29 10 29 11
23 13 24 13
18 11 18 12
10 5 10 4
6 5 5 5
7 30 8 30
32 13 31 13
30 17 31 17
27 4 26 4
31 21 30 21
12 9 12 10
30 0 30 1
29 28 29 29
17 12 17 11
31 7 30 7
4 19 3 19
29 23 29 24
22 14 22 15
32 30 32 31
30 5 29 5
31 6 31 5
5 22 4 22
17 3 18 3
31 0 30 0
5 15 6 15
21 10 20 10
10 4 10 3
31 32 30 32
6 18 5 18
1 31 2 31
32 15 31 15
27 24 28 24
11 23 11 24
24 32 23 32
28 6 28 7
16 29 16 30
3 27 4 27
27 32 26 32
14 32 15 32
12 32 13 32
21 25 21 26
0 26 0 27
24 31 24 32
4 26 3 26
18 0 18 1
8 4 8 3
6 6 6 7
26 8 25 8
25 17 26 17
4 5 4 4
8 9 9 9
30 2 31 2
25 3 25 2
23 4 24 4
29 5 29 6
4 10 4 11
2 1 2 0
15 24 15 23
10 25 10 26
6 4 6 5
30 1 30 2
188
31 13 31 15
22 15 25 15
25 31 25 32
27 16 27 18
6 15 6 16
21 9 21 14
12 2 12 10
12 2 15 2
16 18 16 20
22 15 22 16
10 26 15 26
2 2 3 2
3 3 5 3
26 1 29 1
13 25 14 25
18 31 25 31
17 28 17 31
10 19 11 19
21 14 21 24
4 12 4 13
0 20 1 20
30 27 30 28
3 20 3 22
29 4 30 4
3 19 3 20
21 4 24 4
12 12 15 12
19 2 19 5
6 9 6 10
24 16 24 20
17 24 21 24
9 17 10 17
6 10 6 11
11 13 11 14
25 20 25 26
15 12 18 12
3 9 5 9
10 2 10 3
6 11 6 14
19 32 20 32
2 6 2 7
11 19 12 19
29 1 29 4
14 28 15 28
17 28 20 28
25 26 29 26
20 2 24 2
3 22 4 22
10 2 12 2
29 1 31 1
16 18 18 18
29 11 29 13
24 32 25 32
28 12 28 13
8 2 9 2
9 26 10 26
7 3 7 12
4 11 6 11
19 5 22 5
1 12 2 12
21 24 22 24
16 20 16 21
13 18 13 21
25 16 27 16
16 32 19 32
11 12 11 13
17 21 17 24
15 14 15 19
9 19 9 23
4 28 8 28
17 24 17 28
24 20 25 20
24 8 25 8
28 20 28 21
4 11 4 12
13 21 16 21
31 23 32 23
1 28 1 32
7 2 7 3
1 18 2 18
8 23 8 28
9 23 13 23
30 7 32 7
23 16 23 17
27 28 27 29
12 1 12 2
6 14 6 15
13 24 13 25
22 13 22 15
23 16 24 16
8 19 8 23
13 31 16 31
7 12 11 12
4 22 4 27
31 17 31 23
3 1 3 2
7 0 13 0
29 13 29 22
12 14 12 17
3 16 6 16
2 8 2 12
9 25 9 26
10 15 11 15
24 2 24 4
27 22 29 22
15 26 15 28
7 0 7 2
14 5 18 5
2 27 4 27
31 10 31 13
15 9 15 10
2 7 2 8
25 16 25 19
17 31 18 31
1 28 4 28
8 3 10 3
18 8 22 8
21 24 21 26
12 21 13 21
0 18 0 20
3 3 3 9
25 15 25 16
30 22 30 27
30 4 30 7
15 28 17 28
27 28 30 28
21 27 21 29
16 30 16 31
24 26 25 26
1 23 1 27
28 17 28 20
29 22 30 22
0 6 0 18
2 2 2 6
18 8 18 12
0 6 1 6
0 18 1 18
16 6 16 11
6 23 8 23
22 8 24 8
30 28 30 32
4 31 13 31
9 13 9 17
4 27 6 27
18 5 18 8
24 8 24 13
32 20 32 23
9 13 11 13
9 17 9 19
12 14 15 14
2 12 4 12
11 15 11 19
28 5 28 7
15 2 19 2
25 32 26 32
15 14 21 14
24 5 24 8
24 5 28 5
11 12 12 12
8 23 9 23
26 1 26 4
24 4 24 5
25 20 28 20
27 16 28 16
31 15 31 17
5 19 8 19
3 1 4 1
7 2 8 2
21 26 24 26
2 16 2 18
12 17 12 19
1 20 1 23
15 10 15 12
14 24 17 24
11 13 17 13
13 23 13 24
24 13 28 13
4 28 4 31
28 13 29 13
16 31 16 32
21 29 27 29
1 27 1 28
13 21 13 23
3 16 3 19
28 3 28 5
5 3 7 3
25 8 32 8
22 13 24 13
