349
23 1 22 1
19 18 19 17
19 22 19 23
17 11 17 10
9 14 9 15
18 18 19 18
8 16 8 17
23 18 23 19
4 22 4 21
17 18 18 18
1 15 0 15
14 22 14 23
20 9 19 9
15 13 15 14
3 22 4 22
1 10 1 11
18 22 19 22
11 20 11 19
19 19 18 19
3 3 3 2
21 9 20 9
7 16 8 16
14 18 14 17
19 10 19 11
16 17 16 18
12 11 11 11
5 10 4 10
10 20 10 21
3 5 3 4
18 3 17 3
1 16 2 16
19 18 19 19
18 4 18 3
5 13 5 12
1 17 1 16
12 10 12 11
19 17 19 18
10 0 9 0
22 18 22 19
21 8 21 9
4 11 5 11
4 9 5 9
19 4 18 4
4 8 4 9
7 2 7 1
17 12 17 11
20 8 21 8
23 17 23 18
16 1 16 0
11 1 11 0
6 0 5 0
10 1 10 0
20 10 21 10
13 2 12 2
13 1 13 2
11 2 11 1
23 2 23 1
7 6 6 6
19 1 19 0
6 1 6 0
9 17 10 17
3 4 3 3
8 5 9 5
20 4 19 4
22 12 22 13
2 22 3 22
13 18 14 18
0 17 1 17
17 17 16 17
6 20 6 21
17 1 16 1
16 10 16 11
7 15 7 16
8 13 9 13
22 2 23 2
7 10 7 9
14 10 15 10
16 12 16 13
2 4 3 4
18 17 19 17
13 10 14 10
13 17 13 18
5 4 6 4
0 9 1 9
12 4 12 5
7 19 6 19
11 22 11 23
14 13 15 13
20 1 19 1
0 4 1 4
8 19 7 19
16 18 16 19
22 17 23 17
15 22 14 22
14 14 14 13
4 15 4 16
13 16 13 17
12 20 11 20
7 5 8 5
23 18 22 18
8 18 9 18
1 4 0 4
1 14 1 15
22 3 22 2
22 7 22 8
19 17 18 17
18 21 18 22
9 16 9 17
22 11 22 12
5 1 6 1
2 23 2 22
8 6 7 6
18 12 17 12
0 16 0 17
21 1 20 1
13 14 14 14
2 3 2 4
0 15 0 16
14 6 14 5
1 15 0 15
2 14 1 14
0 20 0 19
2 2 2 3
10 2 11 2
18 13 18 12
17 19 17 18
13 13 13 14
9 2 10 2
15 18 16 18
7 14 7 15
9 3 9 2
0 17 0 18
21 7 22 7
4 4 5 4
21 4 20 4
3 4 3 5
6 22 5 22
7 11 7 10
20 9 20 10
2 4 3 4
17 16 17 17
4 10 4 11
22 4 21 4
17 20 17 19
7 4 7 5
7 13 8 13
11 10 12 10
7 9 8 9
7 10 7 9
2 3 2 4
3 23 2 23
16 9 16 10
3 4 4 4
21 0 21 1
9 15 9 16
0 8 0 9
15 19 15 18
18 16 17 16
12 3 12 4
2 1 2 2
3 1 2 1
11 11 11 10
13 6 14 6
1 20 0 20
4 9 4 10
3 22 3 23
8 17 8 18
17 9 16 9
5 20 6 20
8 22 7 22
10 11 11 11
2 2 2 3
23 4 22 4
16 22 15 22
5 8 6 8
2 4 3 4
12 6 13 6
1 2 2 2
14 1 13 1
8 18 7 18
1 17 0 17
19 16 19 17
17 0 17 1
16 2 16 3
9 7 10 7
10 19 10 20
17 22 16 22
8 7 9 7
19 9 20 9
20 9 20 8
21 6 21 7
22 6 21 6
10 3 9 3
1 18 1 17
17 21 17 20
3 9 4 9
3 15 4 15
9 7 8 7
13 20 12 20
3 21 3 22
9 19 8 19
16 21 17 21
0 4 1 4
8 16 8 17
18 0 17 0
6 10 7 10
17 12 16 12
4 9 4 8
3 10 3 9
21 9 20 9
4 10 5 10
7 9 6 9
13 8 13 9
21 10 21 9
4 11 4 10
19 15 19 16
2 21 3 21
9 6 8 6
0 2 1 2
2 22 2 21
17 10 17 9
3 22 2 22
17 11 17 12
9 20 9 19
8 15 9 15
9 16 8 16
13 9 13 8
7 15 8 15
13 1 14 1
13 8 13 9
11 3 10 3
9 22 8 22
20 15 19 15
12 15 12 16
21 15 20 15
18 22 18 21
14 1 13 1
3 23 3 22
0 18 1 18
5 7 5 8
0 10 1 10
12 10 13 10
4 10 4 9
3 11 3 10
4 7 5 7
7 12 7 13
3 0 3 1
10 3 11 3
18 10 19 10
16 10 17 10
1 14 1 15
21 6 22 6
19 16 18 16
12 11 12 10
19 0 18 0
5 11 4 11
9 19 10 19
2 11 3 11
22 6 21 6
19 1 19 0
5 19 5 20
2 5 2 4
14 19 15 19
11 6 12 6
14 0 14 1
16 11 17 11
19 15 19 16
14 20 14 19
20 0 21 0
3 14 2 14
23 3 23 4
4 23 3 23
12 8 13 8
16 12 16 11
8 2 7 2
0 20 1 20
8 17 8 18
0 7 0 8
9 15 9 14
19 16 19 15
15 21 16 21
11 17 11 16
1 2 0 2
10 17 11 17
15 0 14 0
20 1 20 0
21 1 20 1
8 4 7 4
19 17 19 16
16 11 16 10
21 16 21 15
3 7 4 7
2 4 2 5
9 17 9 16
18 9 18 10
9 16 9 17
13 21 13 20
2 14 1 14
11 7 11 6
2 15 2 14
22 2 22 3
1 15 2 15
11 23 11 22
10 4 10 3
10 7 11 7
13 22 13 21
6 13 5 13
11 11 10 11
16 3 15 3
10 8 10 7
11 15 12 15
13 23 13 22
17 23 17 22
12 16 13 16
20 1 21 1
12 15 12 16
15 23 16 23
2 15 3 15
19 16 19 17
9 17 9 16
23 4 23 3
10 0 10 1
16 4 16 3
5 2 5 1
0 9 0 10
5 13 6 13
11 22 11 23
15 1 15 0
1 14 1 15
22 10 22 11
2 2 1 2
15 0 15 1
13 22 13 23
22 5 22 6
22 4 22 5
18 23 17 23
12 14 12 15
13 21 13 22
17 4 16 4
19 23 18 23
8 18 8 17
2 10 2 11
3 6 3 7
1 10 2 10
12 12 12 11
0 19 0 20
19 10 19 9
9 2 8 2
10 1 10 0
147
1 19 1 20
12 16 12 17
13 3 13 5
11 3 13 3
2 14 2 16
12 17 13 17
4 20 4 21
11 1 12 1
2 13 2 14
11 2 11 3
21 1 22 1
1 15 1 16
18 10 20 10
19 19 20 19
15 9 16 9
8 13 9 13
10 7 10 9
2 14 4 14
7 5 7 6
4 9 5 9
16 10 17 10
16 23 17 23
12 11 12 13
2 21 3 21
20 16 22 16
22 16 22 18
5 8 5 9
0 16 1 16
0 3 1 3
6 16 6 17
13 17 14 17
20 9 20 10
10 3 10 5
6 11 6 12
17 1 18 1
4 13 4 14
1 21 2 21
13 20 15 20
10 2 11 2
14 0 14 1
12 0 12 1
1 19 2 19
18 20 19 20
7 17 8 17
17 15 17 16
1 1 1 2
22 5 22 6
1 2 3 2
9 1 11 1
7 1 8 1
15 20 16 20
16 10 16 13
7 6 8 6
14 0 16 0
16 3 16 4
21 18 21 19
4 19 6 19
0 22 1 22
5 16 6 16
10 6 11 6
7 16 8 16
13 1 14 1
13 10 13 11
20 10 23 10
19 19 19 20
21 18 22 18
13 9 13 10
8 1 9 1
14 2 15 2
3 4 3 5
0 14 2 14
6 17 6 18
13 19 13 20
13 6 13 7
1 2 1 3
22 1 22 3
0 10 2 10
17 16 18 16
18 16 20 16
7 7 7 10
13 7 13 8
2 10 3 10
0 20 0 21
4 0 5 0
9 16 9 18
6 18 6 19
15 2 17 2
8 16 9 16
13 3 15 3
0 21 1 21
10 11 12 11
14 13 15 13
20 6 20 7
9 18 9 21
13 5 13 6
17 14 17 15
12 11 13 11
11 17 12 17
20 19 21 19
0 16 0 17
17 10 18 10
8 3 9 3
5 10 5 12
22 3 22 5
5 10 7 10
3 21 4 21
13 8 13 9
7 13 7 16
15 2 15 3
4 19 4 20
8 6 10 6
9 1 9 3
2 18 2 19
5 0 5 1
5 7 5 8
8 7 10 7
11 6 12 6
12 6 13 6
5 0 6 0
13 20 13 22
6 4 6 5
20 21 20 22
6 16 7 16
3 7 3 8
9 3 10 3
0 17 0 20
3 9 3 10
7 10 7 13
3 8 3 9
3 5 3 7
18 20 18 21
17 23 18 23
18 21 18 23
17 1 17 2
16 20 17 20
12 13 14 13
3 10 5 10
18 23 20 23
1 22 1 23
1 4 3 4
7 6 7 7
18 1 21 1
13 18 13 19
12 1 13 1
14 1 15 1
22 6 22 7
15 13 16 13
