313
36 14 36 13
39 3 39 2
22 29 22 30
18 2 17 2
15 31 14 31
20 32 20 33
39 11 38 11
15 9 14 9
44 3 43 3
8 0 8 1
5 18 5 19
40 28 39 28
43 34 43 33
39 8 38 8
8 44 9 44
5 10 5 9
37 22 36 22
44 22 44 21
38 11 37 11
32 35 32 34
32 13 33 13
42 35 42 36
18 0 18 1
17 1 17 0
11 18 10 18
37 43 37 44
4 36 3 36
10 13 11 13
27 19 27 20
15 33 15 32
10 41 9 41
29 35 29 34
41 24 41 25
43 20 44 20
3 38 3 37
12 28 13 28
19 22 20 22
44 23 43 23
4 31 3 31
30 7 31 7
9 15 8 15
36 19 36 18
35 29 35 30
8 14 9 14
3 11 4 11
3 18 4 18
7 20 6 20
38 30 39 30
28 20 28 21
4 15 5 15
20 24 19 24
7 6 7 5
6 36 6 35
22 15 23 15
6 8 7 8
35 5 35 6
17 43 17 44
24 29 24 28
19 3 19 2
20 25 21 25
8 9 8 10
33 28 33 27
16 18 17 18
20 19 19 19
7 5 8 5
20 1 20 2
21 18 21 19
22 43 22 42
24 18 24 17
0 3 1 3
10 18 10 19
11 28 11 27
25 6 25 5
7 37 7 36
25 5 24 5
3 30 4 30
21 12 21 13
43 33 43 32
13 10 13 11
44 15 43 15
4 27 5 27
6 7 6 6
28 18 28 19
15 37 14 37
16 10 17 10
39 19 40 19
15 38 14 38
28 6 28 7
19 36 20 36
18 17 18 18
22 4 21 4
6 34 7 34
23 15 23 14
12 8 12 7
2 35 2 34
9 4 8 4
0 10 0 9
5 38 5 37
11 27 11 26
29 23 28 23
9 21 10 21
2 11 3 11
24 44 24 43
6 3 7 3
21 44 21 43
3 11 3 10
3 27 2 27
14 31 13 31
18 1 18 2
21 13 21 14
12 27 12 26
40 34 40 35
18 27 18 28
1 40 0 40
40 33 41 33
42 1 42 2
4 30 4 31
15 32 15 31
17 17 16 17
41 33 41 32
3 10 4 10
12 7 13 7
14 9 14 10
1 37 1 36
7 36 7 35
21 4 21 3
38 3 39 3
37 44 37 43
42 13 43 13
11 26 10 26
3 15 4 15
5 15 5 14
39 28 39 27
2 1 2 0
13 23 14 23
40 3 40 4
31 30 31 31
41 43 40 43
42 42 41 42
16 1 16 2
41 25 42 25
12 0 12 1
26 29 26 30
6 20 6 19
43 13 44 13
19 30 19 29
39 2 40 2
8 24 9 24
28 37 28 36
42 44 42 43
23 3 22 3
23 6 23 5
9 44 9 43
26 41 25 41
20 36 20 35
11 1 11 0
4 23 3 23
39 21 38 21
17 30 17 31
35 30 34 30
21 31 21 30
37 11 36 11
35 6 35 7
25 0 24 0
3 13 4 13
20 18 19 18
0 11 0 10
33 29 33 30
38 15 38 14
14 25 13 25
2 5 2 6
20 13 21 13
43 22 43 21
26 43 26 44
31 29 31 30
24 43 25 43
1 8 1 9
13 27 12 27
16 29 17 29
40 14 41 14
10 21 10 22
4 3 4 4
5 20 4 20
10 26 10 27
44 1 44 2
38 18 37 18
34 38 33 38
1 6 1 5
33 30 32 30
2 40 3 40
17 29 17 30
22 39 21 39
41 9 41 8
43 21 43 20
34 30 34 31
4 34 4 33
28 7 27 7
41 27 41 26
44 21 43 21
9 43 10 43
17 10 17 11
11 0 10 0
41 26 41 27
10 40 11 40
27 20 26 20
32 41 33 41
17 5 18 5
2 27 1 27
40 4 39 4
1 27 1 26
2 6 2 5
28 19 29 19
14 37 14 36
12 41 12 40
8 4 7 4
8 1 9 1
33 13 34 13
37 7 36 7
9 14 10 14
4 18 5 18
36 18 35 18
9 1 10 1
17 34 17 33
44 35 43 35
10 1 10 2
27 7 27 8
6 13 5 13
27 8 28 8
13 25 13 24
41 14 42 14
37 5 37 4
37 9 38 9
36 17 36 16
43 35 44 35
30 9 30 8
4 20 4 19
2 15 1 15
30 17 31 17
15 24 15 25
39 14 39 15
29 33 30 33
37 43 37 44
41 15 42 15
10 39 9 39
32 30 32 29
22 3 22 4
36 7 37 7
37 7 36 7
40 32 40 31
17 33 17 34
30 5 31 5
19 35 19 34
18 35 18 34
5 37 5 36
30 4 31 4
10 36 10 37
30 8 30 7
0 41 1 41
36 6 35 6
42 14 42 13
23 29 22 29
7 4 6 4
39 4 38 4
1 35 2 35
32 7 33 7
29 27 28 27
38 7 39 7
24 19 25 19
11 36 11 35
44 39 43 39
19 14 20 14
42 13 41 13
38 2 38 3
6 38 7 38
16 17 16 18
20 22 20 23
29 20 28 20
27 37 27 36
11 4 10 4
14 8 15 8
22 12 23 12
31 33 31 32
26 10 26 9
21 35 21 34
35 36 35 37
21 30 20 30
21 19 21 20
26 40 26 39
39 7 40 7
42 0 43 0
26 6 27 6
18 32 19 32
21 14 22 14
17 34 17 33
16 44 15 44
18 3 19 3
33 38 33 39
21 32 21 31
18 31 18 30
31 8 30 8
32 36 32 37
42 21 42 20
11 37 12 37
1 7 1 8
0 39 1 39
32 29 32 30
4 8 4 7
1 41 2 41
19 24 19 23
28 16 28 17
17 31 16 31
22 37 22 36
23 36 24 36
186
27 6 31 6
44 13 44 20
9 19 9 24
29 22 29 25
19 26 27 26
21 25 29 25
27 3 27 6
0 40 0 42
37 15 37 18
0 1 1 1
0 5 0 9
39 15 39 20
11 13 11 21
7 3 9 3
7 3 7 8
32 30 32 34
21 3 27 3
1 3 7 3
29 19 29 22
0 26 1 26
5 13 11 13
31 7 31 13
29 34 32 34
41 32 43 32
10 37 10 42
19 28 24 28
16 28 18 28
17 14 17 18
17 18 18 18
13 28 13 31
40 25 40 31
6 19 6 35
24 0 24 1
27 3 38 3
40 35 40 43
6 35 7 35
37 18 37 23
0 1 0 5
19 21 24 21
41 8 41 13
15 31 16 31
1 9 3 9
31 6 31 7
16 24 16 28
41 27 41 32
8 5 8 10
24 5 24 8
5 18 8 18
41 21 41 27
19 25 19 26
32 28 32 30
10 14 10 19
24 8 28 8
41 20 41 21
42 41 42 43
4 19 5 19
23 18 30 18
13 28 16 28
23 5 24 5
4 10 8 10
9 3 9 7
17 33 20 33
12 1 24 1
1 1 1 3
27 36 28 36
5 18 5 19
34 31 40 31
19 28 19 29
34 31 34 36
17 2 18 2
6 19 9 19
18 30 20 30
35 35 40 35
3 31 3 36
3 36 3 37
35 18 37 18
20 30 20 33
20 33 24 33
42 40 42 41
17 11 17 14
4 28 4 31
14 10 19 10
44 34 44 35
13 7 19 7
25 19 29 19
27 21 28 21
44 4 44 13
39 9 39 15
43 1 43 3
1 1 12 1
17 44 26 44
3 37 3 40
26 36 26 39
39 20 41 20
28 8 30 8
13 31 15 31
10 2 10 4
14 21 19 21
4 19 4 28
24 21 27 21
3 14 3 20
26 44 37 44
33 18 33 27
0 9 1 9
22 30 26 30
0 37 3 37
9 24 13 24
40 31 40 35
33 12 34 12
13 4 13 7
18 28 19 28
38 3 39 3
13 24 13 28
0 42 2 42
1 20 1 26
13 22 13 24
4 4 4 7
26 30 30 30
20 42 22 42
33 12 33 17
10 27 12 27
19 7 19 10
9 19 10 19
34 13 36 13
43 20 44 20
39 3 39 9
14 10 14 21
36 11 36 13
35 6 35 7
18 5 23 5
39 27 39 30
19 25 21 25
17 32 17 33
40 35 44 35
44 20 44 34
19 3 21 3
3 37 10 37
30 18 30 30
24 1 43 1
20 30 22 30
8 10 14 10
10 42 20 42
26 36 27 36
10 27 10 37
19 26 19 28
30 8 30 18
37 15 39 15
1 0 1 1
39 20 39 27
32 30 39 30
40 43 42 43
30 18 33 18
1 20 3 20
15 44 17 44
14 32 17 32
3 14 5 14
23 14 23 18
39 3 43 3
17 14 20 14
21 22 21 25
5 14 10 14
8 15 8 18
3 9 3 14
14 32 14 36
10 4 13 4
11 21 14 21
19 21 19 23
26 30 26 36
31 6 35 6
20 33 20 35
28 8 28 10
22 14 23 14
19 19 19 21
41 13 44 13
10 2 16 2
33 31 34 31
20 35 20 42
16 2 17 2
3 31 4 31
4 7 4 10
33 17 33 18
28 36 34 36
18 2 18 5
26 39 33 39
34 12 34 13
10 42 10 43
