36
4 25 4 26
25 9 26 9
1 25 0 25
8 4 7 4
5 4 5 5
7 12 7 13
16 13 16 14
15 15 15 16
5 7 4 7
21 8 21 9
4 9 3 9
6 2 6 3
1 18 0 18
20 10 21 10
20 3 19 3
25 26 26 26
3 17 3 18
7 15 7 16
7 16 8 16
0 1 0 0
12 14 11 14
16 0 15 0
2 17 3 17
25 8 25 9
7 13 6 13
23 24 23 23
12 22 12 23
17 21 17 22
20 18 21 18
22 22 21 22
10 6 9 6
24 26 24 25
8 15 7 15
24 22 24 21
17 18 16 18
16 12 16 13
164
18 14 21 14
5 5 5 8
9 5 9 6
9 9 12 9
5 0 5 2
15 9 21 9
8 6 9 6
1 19 3 19
23 6 26 6
15 0 22 0
12 23 12 24
12 16 15 16
22 20 22 23
21 9 21 10
8 16 8 18
3 13 6 13
15 24 15 26
5 5 9 5
6 11 6 13
13 0 15 0
10 24 10 26
0 13 3 13
8 16 12 16
24 21 25 21
0 0 0 9
3 19 4 19
6 19 6 20
12 16 12 19
4 19 5 19
9 6 11 6
19 3 19 7
10 26 11 26
0 18 3 18
21 9 23 9
9 23 12 23
0 13 0 17
21 26 26 26
8 18 10 18
2 0 5 0
15 16 18 16
2 23 3 23
18 16 18 20
16 13 18 13
8 6 8 7
26 21 26 26
23 23 24 23
14 20 18 20
16 17 16 18
23 9 24 9
3 9 3 13
16 10 21 10
8 12 11 12
26 11 26 14
5 2 13 2
25 10 25 11
24 9 25 9
17 22 17 23
10 24 12 24
6 13 8 13
25 9 25 10
22 14 23 14
15 7 19 7
0 9 3 9
7 1 13 1
21 10 21 14
5 24 5 25
17 22 20 22
18 14 18 16
11 10 11 11
22 14 22 16
13 0 13 1
13 17 13 19
12 23 17 23
13 17 16 17
3 6 3 8
22 23 23 23
25 21 26 21
17 23 22 23
6 6 8 6
7 21 7 22
15 7 15 9
0 0 2 0
13 1 13 2
25 19 25 21
5 21 6 21
21 14 22 14
18 13 18 14
12 24 12 25
24 9 24 15
8 21 8 23
22 17 22 20
11 7 13 7
11 11 11 12
13 8 13 10
12 19 13 19
2 6 3 6
11 26 15 26
3 4 3 6
17 24 20 24
3 19 3 23
3 9 9 9
15 0 15 7
4 6 4 7
14 7 14 11
5 19 6 19
7 18 7 21
0 20 0 25
24 17 26 17
12 25 14 25
7 3 7 4
9 14 11 14
4 4 7 4
4 2 5 2
4 19 4 26
26 14 26 17
11 12 11 14
6 18 7 18
24 21 24 23
21 21 21 22
11 14 16 14
11 12 18 12
11 10 13 10
3 17 3 18
23 6 23 9
9 6 9 9
13 7 13 8
22 16 22 17
11 11 12 11
7 21 8 21
4 26 10 26
5 0 9 0
15 21 21 21
8 21 12 21
4 4 4 6
0 18 0 20
13 3 13 7
1 17 3 17
12 11 14 11
14 6 14 7
3 18 5 18
1 3 6 3
21 18 21 21
4 10 11 10
6 14 6 18
12 21 15 21
1 16 1 17
5 18 6 18
0 25 0 26
14 11 16 11
1 15 1 16
17 23 17 24
1 15 2 15
5 21 5 24
6 21 7 21
8 20 8 21
8 20 13 20
10 3 12 3
6 3 7 3
6 14 9 14
3 4 4 4
26 10 26 11
7 3 10 3
7 15 7 18
12 3 13 3
