211
12 10 11 10
26 7 26 8
29 9 29 10
14 26 13 26
20 10 19 10
15 22 14 22
25 12 25 13
21 6 20 6
19 20 19 21
25 10 25 9
22 0 22 1
26 17 26 16
4 13 5 13
28 5 28 4
28 9 28 8
15 18 14 18
23 0 22 0
26 12 25 12
1 13 0 13
20 2 20 1
29 18 28 18
9 20 9 19
3 10 4 10
8 6 7 6
10 10 10 9
29 5 28 5
26 10 25 10
12 1 12 0
6 6 5 6
16 1 15 1
9 19 8 19
8 7 8 8
9 10 8 10
24 12 23 12
20 26 21 26
20 11 20 12
14 28 15 28
28 10 28 9
19 18 19 17
2 26 1 26
24 29 24 28
26 9 26 10
26 13 26 12
18 5 19 5
19 26 19 27
11 25 11 26
5 14 6 14
29 3 29 2
8 10 8 11
9 4 8 4
14 8 14 9
18 0 17 0
26 14 26 13
16 19 17 19
23 21 23 22
19 17 20 17
6 1 5 1
14 18 14 19
28 21 28 22
19 2 18 2
18 28 19 28
21 21 21 20
7 23 8 23
7 13 8 13
18 20 18 19
23 2 23 1
5 23 5 24
10 9 11 9
25 8 24 8
15 15 16 15
19 25 19 26
7 24 7 25
28 24 28 23
12 18 12 17
8 12 9 12
21 0 20 0
29 21 28 21
2 6 2 7
20 1 21 1
3 19 3 18
2 20 2 21
21 9 22 9
12 27 11 27
5 13 5 14
28 21 28 20
20 12 21 12
13 27 12 27
13 2 14 2
14 13 14 12
29 24 28 24
17 0 16 0
13 28 12 28
17 14 17 15
10 11 10 12
10 24 11 24
25 22 24 22
25 13 24 13
0 25 1 25
11 26 12 26
9 27 9 26
18 21 18 22
14 3 14 4
22 11 22 12
25 17 26 17
3 23 3 22
15 7 15 8
19 21 18 21
11 18 12 18
21 1 21 2
6 12 6 13
19 22 19 23
7 27 6 27
1 25 2 25
21 2 21 3
15 4 15 5
23 23 22 23
28 26 29 26
1 11 2 11
14 25 14 24
4 23 5 23
20 0 20 1
2 7 3 7
28 20 27 20
24 11 24 12
16 13 16 12
22 1 21 1
21 10 22 10
27 25 26 25
2 0 2 1
12 9 12 10
1 26 1 25
2 16 1 16
11 20 11 19
9 26 10 26
10 0 11 0
20 15 19 15
5 20 5 19
18 22 19 22
22 4 22 5
13 11 13 12
18 21 18 22
4 6 4 7
7 1 7 2
25 2 26 2
25 7 25 8
7 10 7 11
12 24 13 24
5 23 4 23
8 14 9 14
17 22 17 23
12 12 12 13
22 9 23 9
15 8 15 7
16 0 16 1
17 1 17 2
12 8 12 9
17 12 17 11
17 11 18 11
3 8 2 8
2 17 2 18
20 5 20 4
11 19 10 19
28 29 28 28
27 13 28 13
5 14 5 15
23 5 23 6
15 26 16 26
28 25 28 26
8 0 7 0
22 15 22 14
13 26 13 27
17 7 17 6
24 21 23 21
26 19 26 20
3 24 3 23
20 1 20 2
23 1 23 0
8 9 9 9
27 26 26 26
27 19 28 19
5 26 5 25
10 17 10 16
14 21 13 21
26 25 25 25
28 14 27 14
2 28 2 27
4 5 4 6
15 3 15 4
15 4 15 3
21 13 22 13
24 22 25 22
18 1 18 0
24 28 23 28
7 2 8 2
7 9 6 9
3 16 4 16
28 26 28 27
1 25 0 25
4 16 3 16
27 12 28 12
26 27 26 28
5 1 6 1
21 23 20 23
7 3 8 3
27 3 27 4
6 7 7 7
6 14 5 14
7 20 7 19
29 26 28 26
5 15 5 16
4 23 5 23
189
8 23 8 26
7 25 7 26
27 10 29 10
23 26 23 28
16 12 16 15
23 22 23 26
20 6 20 9
28 15 29 15
14 12 16 12
10 6 12 6
23 26 24 26
24 2 26 2
22 0 22 2
24 8 25 8
14 4 18 4
9 6 9 7
29 12 29 15
6 1 8 1
20 25 20 27
4 0 7 0
22 2 22 5
8 3 8 4
17 23 17 27
13 15 13 16
20 13 22 13
25 10 25 11
17 15 19 15
20 9 20 13
14 19 14 22
24 12 24 13
3 5 3 6
11 24 11 27
12 17 14 17
22 13 24 13
23 28 25 28
13 12 14 12
5 25 7 25
29 10 29 12
4 1 6 1
23 29 29 29
11 29 22 29
12 7 12 9
14 19 17 19
1 16 3 16
17 19 17 21
12 26 12 27
24 13 26 13
0 25 0 26
19 13 20 13
29 1 29 2
23 6 23 7
12 0 18 0
11 9 11 10
14 24 14 27
3 25 5 25
26 18 27 18
12 6 12 7
25 25 29 25
2 21 3 21
18 6 20 6
25 25 25 28
16 15 17 15
3 9 3 13
8 13 8 15
27 18 27 20
8 19 10 19
2 25 2 27
10 16 13 16
21 7 23 7
21 12 22 12
23 11 25 11
14 11 18 11
19 15 21 15
1 14 1 16
1 0 3 0
19 13 19 15
5 14 5 16
12 28 15 28
15 25 15 28
24 7 28 7
7 0 11 0
26 8 26 10
5 19 5 23
1 6 1 14
28 13 28 15
29 2 29 10
5 16 5 19
10 27 11 27
15 28 19 28
11 27 11 29
7 11 8 11
19 15 19 19
21 11 21 12
11 0 12 0
12 17 12 18
18 22 18 25
19 10 19 12
18 4 19 4
8 18 8 19
8 4 14 4
1 0 1 1
17 6 18 6
26 10 27 10
11 24 13 24
11 9 12 9
14 9 20 9
22 21 22 23
2 21 2 25
22 29 23 29
2 25 3 25
19 27 19 28
2 27 6 27
19 3 21 3
19 3 19 4
1 20 3 20
20 16 20 17
22 2 24 2
25 28 26 28
3 9 5 9
21 1 21 3
20 17 26 17
12 27 12 28
29 15 29 22
3 13 6 13
14 12 14 17
3 5 5 5
3 7 3 9
22 21 23 21
5 23 8 23
14 10 19 10
8 15 8 18
1 6 3 6
10 16 10 19
26 17 26 18
13 24 14 24
8 4 8 8
12 10 12 11
26 2 29 2
8 8 9 8
5 6 5 9
21 3 21 7
9 6 10 6
20 21 22 21
10 19 14 19
24 10 25 10
8 1 8 2
17 27 19 27
8 27 8 29
29 22 29 25
23 22 25 22
14 22 14 24
22 6 23 6
3 16 5 16
13 21 13 24
16 1 19 1
2 19 5 19
25 11 25 12
14 22 18 22
17 21 20 21
18 19 19 19
8 27 10 27
6 27 8 27
8 11 12 11
20 17 20 21
29 25 29 28
6 13 8 13
19 28 23 28
23 11 23 12
3 0 4 0
14 10 14 11
18 25 20 25
26 13 28 13
21 7 21 11
25 8 26 8
19 1 19 3
25 21 25 22
8 8 8 11
12 9 14 9
12 7 13 7
1 1 1 6
18 0 22 0
3 20 3 21
13 14 13 15
8 11 8 13
12 11 14 11
8 2 8 3
22 12 23 12
23 7 24 7
3 3 3 5
