115
9 2 9 3
6 15 6 14
5 22 4 22
20 2 20 3
12 15 13 15
1 19 1 20
3 0 3 1
4 11 4 10
2 9 2 8
2 5 3 5
20 18 20 19
5 10 5 11
19 21 20 21
13 1 13 0
19 7 18 7
9 15 9 16
22 4 21 4
13 3 12 3
15 7 16 7
4 13 3 13
5 17 6 17
4 20 4 21
20 19 19 19
1 5 2 5
10 19 10 20
11 15 10 15
1 18 1 19
12 14 12 15
11 16 11 17
18 3 18 2
15 14 15 13
18 18 19 18
13 20 12 20
8 9 8 8
0 5 0 6
1 11 0 11
7 9 7 10
13 21 13 20
11 1 11 2
10 2 9 2
18 17 19 17
15 11 15 12
18 15 18 14
0 20 0 21
11 10 11 11
18 11 19 11
1 16 1 15
8 1 7 1
12 20 12 19
0 18 1 18
11 19 10 19
1 15 1 14
10 20 9 20
22 18 22 17
4 15 4 14
2 5 2 6
20 12 20 13
16 17 17 17
21 4 20 4
10 21 11 21
9 1 8 1
3 5 4 5
14 18 14 19
14 10 14 11
19 12 20 12
14 6 14 5
20 13 21 13
12 3 12 4
22 12 21 12
9 14 9 15
14 21 13 21
10 1 10 2
5 5 5 4
20 15 19 15
12 19 12 18
22 20 22 19
7 1 7 0
10 8 11 8
1 18 2 18
4 16 4 15
19 6 20 6
22 1 22 0
11 9 10 9
3 9 4 9
12 1 12 2
2 7 3 7
13 13 14 13
2 21 2 20
13 14 12 14
11 13 10 13
21 17 20 17
13 10 14 10
15 9 14 9
7 8 7 9
5 2 5 3
17 10 18 10
14 17 13 17
15 16 14 16
4 15 4 16
19 20 19 21
7 11 6 11
10 0 10 1
2 4 2 5
6 22 5 22
16 11 15 11
7 20 8 20
0 0 1 0
4 10 3 10
8 21 7 21
21 11 20 11
11 12 12 12
12 0 12 1
1 21 2 21
19 11 19 10
2 20 2 19
185
18 1 19 1
1 1 2 1
16 10 18 10
19 13 19 15
5 3 9 3
17 0 17 1
20 17 22 17
13 18 15 18
6 10 7 10
4 6 6 6
4 19 4 21
8 1 10 1
0 19 1 19
13 7 13 9
9 3 9 4
4 2 7 2
15 10 15 11
16 16 18 16
22 15 22 16
12 11 12 12
1 4 4 4
12 7 13 7
19 8 20 8
19 2 21 2
20 14 21 14
2 18 4 18
14 14 16 14
21 15 22 15
0 6 1 6
0 15 0 17
9 13 10 13
6 17 6 18
10 4 10 9
2 19 3 19
13 15 13 16
20 20 20 21
18 8 18 9
4 4 4 5
13 11 14 11
14 0 17 0
17 1 18 1
4 5 4 6
22 16 22 17
1 1 1 2
18 16 18 19
15 18 15 19
12 9 13 9
19 17 20 17
1 4 1 6
19 8 19 10
4 0 4 2
7 6 7 9
15 1 15 2
16 4 18 4
19 0 19 1
8 1 8 2
15 6 15 8
15 18 16 18
2 8 3 8
12 18 13 18
15 6 16 6
11 5 12 5
10 16 13 16
0 22 2 22
14 20 14 22
16 16 16 18
4 21 7 21
20 8 21 8
12 12 12 13
1 8 1 12
10 9 12 9
5 14 6 14
4 2 4 3
5 11 5 12
4 14 4 16
4 21 4 22
2 17 3 17
13 15 14 15
4 18 5 18
9 12 10 12
2 5 2 6
9 15 10 15
13 17 15 17
14 13 14 14
5 18 6 18
1 12 1 14
6 6 7 6
3 10 3 13
19 15 21 15
14 16 16 16
10 19 10 22
4 14 5 14
5 12 5 14
18 9 18 10
8 14 10 14
10 14 12 14
7 10 7 12
0 21 0 22
16 7 18 7
2 1 2 3
15 11 17 11
13 19 14 19
1 0 4 0
6 14 8 14
20 3 20 4
18 16 22 16
14 11 15 11
18 2 18 4
10 15 10 16
8 8 8 10
18 21 19 21
12 4 13 4
21 13 21 14
3 16 3 17
9 4 10 4
0 17 0 19
11 11 12 11
10 1 12 1
12 2 12 4
16 9 16 10
3 10 6 10
10 12 12 12
19 10 19 13
19 2 19 5
12 4 12 5
14 20 16 20
4 3 5 3
2 18 2 19
20 17 20 20
18 10 18 14
8 8 9 8
2 6 2 8
16 14 18 14
4 3 4 4
13 0 14 0
0 19 0 21
3 8 3 10
7 10 8 10
0 15 3 15
17 5 19 5
8 2 9 2
15 8 16 8
21 8 22 8
2 1 3 1
10 13 10 14
18 7 18 8
3 19 3 20
12 1 12 2
5 11 6 11
14 14 14 15
10 16 10 19
12 13 14 13
20 4 20 6
1 14 4 14
21 2 21 8
19 19 19 21
12 1 15 1
2 22 4 22
14 19 14 20
3 15 3 16
16 20 16 21
16 21 18 21
9 0 13 0
6 19 10 19
10 19 13 19
9 4 9 5
20 7 20 8
19 1 19 2
6 14 6 17
15 2 18 2
18 6 18 7
15 8 15 10
4 0 7 0
7 0 9 0
12 5 12 6
4 19 6 19
16 20 17 20
1 6 1 8
4 4 5 4
22 0 22 2
13 9 13 11
13 16 13 17
18 6 20 6
20 21 20 22
7 12 9 12
