218
14 4 14 5
6 9 6 8
12 2 12 1
16 5 17 5
21 13 21 14
5 15 5 14
8 9 8 8
24 3 25 3
12 24 11 24
23 18 23 19
21 4 20 4
25 4 24 4
5 19 5 20
10 18 11 18
12 16 12 17
23 9 24 9
19 3 19 2
1 3 1 4
8 13 8 12
7 3 6 3
7 17 6 17
20 13 21 13
22 16 23 16
25 2 25 1
6 1 7 1
23 22 23 23
15 23 15 22
6 3 6 2
1 16 1 15
22 17 21 17
23 23 24 23
14 12 14 13
2 2 2 1
14 22 14 23
4 9 4 10
24 7 23 7
11 19 10 19
9 1 10 1
24 6 24 7
11 16 10 16
1 4 1 5
9 5 9 6
19 14 19 15
7 1 7 2
19 7 18 7
1 19 0 19
10 22 10 23
5 6 4 6
15 4 14 4
20 9 19 9
25 16 25 17
12 23 13 23
0 4 1 4
3 15 3 14
20 8 20 9
20 6 21 6
3 2 2 2
3 21 3 22
7 0 7 1
8 21 8 22
14 0 14 1
22 3 23 3
7 24 7 23
12 22 13 22
24 8 23 8
16 21 16 20
1 18 1 19
16 22 16 21
18 25 18 24
19 8 20 8
1 22 0 22
12 12 13 12
9 0 10 0
16 10 16 11
14 3 15 3
6 19 5 19
24 4 23 4
18 5 19 5
4 15 5 15
7 2 7 3
10 4 10 5
7 21 7 20
3 9 2 9
22 9 23 9
3 3 2 3
12 20 12 19
0 18 1 18
13 22 13 21
22 19 21 19
11 20 11 19
5 15 5 16
21 5 22 5
24 7 24 8
13 3 14 3
24 16 25 16
24 1 24 2
8 2 7 2
22 8 22 9
8 1 9 1
18 21 19 21
1 7 1 8
6 24 6 25
9 2 8 2
11 21 11 20
8 0 8 1
22 4 21 4
24 8 25 8
3 1 3 2
8 6 8 5
2 3 2 4
20 19 20 20
2 23 1 23
5 13 6 13
19 9 19 10
11 17 11 16
5 12 6 12
21 19 21 20
20 3 19 3
11 16 12 16
12 17 11 17
19 6 19 7
11 15 11 16
20 4 20 3
16 7 17 7
12 1 11 1
3 11 3 12
20 12 20 13
23 4 23 5
24 17 23 17
3 20 3 21
13 25 13 24
5 19 5 18
13 18 13 17
23 3 23 4
2 15 3 15
11 22 11 23
1 20 1 21
10 16 10 15
4 10 3 10
16 1 16 0
12 21 12 22
11 17 10 17
23 19 22 19
11 3 11 4
13 17 12 17
4 11 4 12
25 1 24 1
5 2 5 3
23 24 23 23
16 0 15 0
2 22 2 23
1 23 1 22
7 3 7 4
11 8 11 7
19 3 19 4
2 2 2 3
17 7 17 8
19 21 19 20
12 11 13 11
12 18 13 18
11 13 10 13
4 16 4 15
0 17 0 18
17 14 17 15
23 1 23 2
7 13 8 13
10 15 11 15
2 1 2 2
22 24 21 24
2 11 3 11
4 12 4 11
17 10 17 9
17 25 16 25
22 25 22 24
10 6 10 7
7 10 7 11
18 14 19 14
1 19 1 20
12 6 13 6
21 24 21 23
12 9 12 8
4 11 4 10
13 11 14 11
11 14 10 14
6 21 7 21
19 19 18 19
2 4 2 5
21 1 21 0
25 3 25 2
2 6 2 7
18 19 19 19
11 20 12 20
14 7 14 6
5 11 4 11
16 11 16 12
0 23 1 23
14 21 15 21
14 17 15 17
5 3 5 2
8 17 7 17
1 5 1 6
16 12 16 11
11 7 11 8
16 2 16 1
11 16 11 17
17 21 18 21
6 10 7 10
2 2 2 1
3 24 3 23
20 7 20 6
7 18 7 19
5 9 5 10
4 6 3 6
10 7 10 8
6 15 5 15
21 13 22 13
25 7 24 7
13 14 12 14
182
24 15 25 15
23 20 24 20
10 19 10 20
5 0 6 0
20 1 20 3
15 12 17 12
1 6 1 8
1 0 2 0
21 9 22 9
12 10 12 13
1 6 3 6
22 5 22 9
19 5 20 5
12 15 13 15
0 18 0 19
6 6 7 6
7 21 9 21
20 21 21 21
19 19 19 20
15 22 17 22
3 21 3 22
10 1 11 1
7 4 11 4
20 21 20 22
8 24 8 25
9 22 12 22
5 10 5 14
6 0 10 0
20 5 22 5
24 15 24 18
19 7 19 10
17 22 20 22
3 16 5 16
8 23 9 23
5 21 5 24
0 3 0 5
24 1 24 2
10 10 11 10
14 3 14 4
10 11 11 11
6 8 8 8
18 8 18 10
6 8 6 12
21 21 23 21
9 20 9 21
24 19 24 20
2 12 2 14
13 19 14 19
8 19 9 19
23 9 23 14
12 10 18 10
3 22 3 23
8 1 8 2
21 9 21 12
2 16 3 16
20 3 21 3
23 9 24 9
13 19 13 20
20 5 20 6
0 20 0 22
5 17 5 18
9 8 10 8
13 24 14 24
2 1 2 3
9 20 10 20
20 9 21 9
22 24 24 24
2 8 3 8
4 1 4 5
22 13 22 18
7 25 8 25
9 21 9 22
11 9 16 9
7 6 9 6
24 9 25 9
17 12 18 12
19 12 21 12
24 7 24 9
12 25 16 25
22 23 22 24
16 20 16 21
23 5 23 7
3 21 5 21
8 2 11 2
22 5 23 5
10 20 10 21
4 5 6 5
4 8 4 10
5 14 5 15
16 4 16 9
0 22 1 22
24 18 24 19
10 0 10 1
5 16 5 17
6 12 8 12
1 4 1 6
11 15 12 15
6 14 6 17
11 2 11 4
0 3 2 3
22 18 24 18
14 1 14 3
20 1 24 1
3 8 4 8
11 12 11 15
16 4 17 4
4 15 5 15
7 4 7 6
3 5 3 6
10 8 11 8
18 7 19 7
17 4 18 4
22 19 22 20
20 24 22 24
22 2 22 5
19 19 22 19
12 4 13 4
6 2 6 5
10 17 10 19
13 16 19 16
8 8 9 8
3 2 3 5
18 10 18 12
14 11 14 13
5 14 6 14
4 7 4 8
1 22 3 22
1 8 2 8
23 20 23 21
12 22 15 22
18 12 19 12
18 3 18 4
14 13 17 13
9 23 9 24
24 2 24 5
1 1 2 1
16 25 19 25
19 10 20 10
6 2 7 2
17 15 19 15
18 3 20 3
2 1 4 1
14 4 16 4
0 16 2 16
0 19 0 20
7 17 10 17
15 0 17 0
3 6 6 6
0 5 0 8
13 20 16 20
11 1 14 1
5 21 7 21
8 18 8 19
11 10 12 10
24 5 24 7
12 22 12 25
13 16 13 18
11 8 11 9
19 15 19 16
17 8 18 8
16 20 19 20
4 10 5 10
6 17 7 17
2 14 2 16
6 0 6 2
5 24 8 24
2 12 3 12
12 20 13 20
1 12 2 12
5 18 8 18
13 15 13 16
11 4 12 4
18 4 18 7
22 9 22 13
6 22 7 22
9 6 9 7
16 9 17 9
17 13 17 15
23 21 23 23
8 12 11 12
11 11 11 12
13 18 13 19
