211
24 11 24 10
25 10 25 11
23 4 23 3
10 1 10 2
17 28 16 28
26 5 27 5
25 19 24 19
31 14 31 13
22 21 22 22
12 30 12 29
17 10 17 11
11 10 12 10
16 28 16 27
8 29 8 28
3 18 3 17
26 4 25 4
4 29 4 28
24 6 25 6
17 4 18 4
23 10 23 11
11 28 10 28
20 19 20 18
9 29 8 29
2 23 1 23
18 30 18 29
20 8 19 8
11 31 12 31
18 16 19 16
26 19 25 19
27 23 26 23
12 7 12 8
7 27 7 28
30 29 31 29
1 12 2 12
18 4 19 4
26 17 26 18
14 15 14 16
17 5 17 4
21 24 21 25
12 26 13 26
7 26 7 25
21 25 22 25
18 19 19 19
6 5 7 5
26 30 26 31
25 1 25 2
7 14 7 13
0 18 1 18
6 1 5 1
5 24 4 24
8 27 7 27
2 12 3 12
13 12 12 12
10 30 11 30
13 27 12 27
8 30 7 30
19 17 18 17
28 23 28 24
18 31 18 30
10 12 11 12
19 26 19 27
3 29 4 29
15 29 15 30
11 1 11 2
19 20 20 20
29 27 30 27
20 26 20 25
1 14 1 13
28 30 29 30
4 31 3 31
22 22 22 23
16 21 16 20
26 1 26 0
27 3 27 4
22 11 22 12
24 8 23 8
16 27 15 27
25 29 25 30
25 2 26 2
13 24 12 24
4 10 5 10
20 25 21 25
17 3 18 3
9 13 10 13
25 20 24 20
30 17 30 18
18 15 18 16
30 14 31 14
18 14 18 13
5 23 5 24
13 6 12 6
21 5 21 6
29 0 30 0
26 20 26 19
22 0 22 1
19 23 20 23
10 11 10 12
14 7 14 8
5 14 5 15
12 12 12 13
18 30 19 30
12 6 12 7
25 21 25 20
3 8 3 7
11 24 11 25
21 8 21 9
22 20 23 20
3 25 4 25
25 3 25 2
9 30 9 29
7 2 7 1
15 6 15 5
10 10 11 10
6 12 6 13
2 25 3 25
28 12 28 13
18 28 18 27
14 23 14 22
17 11 16 11
16 1 16 2
7 4 6 4
6 27 6 28
11 30 11 31
6 4 5 4
30 26 30 25
26 3 27 3
30 0 31 0
0 8 1 8
17 2 18 2
28 0 28 1
5 4 5 3
23 31 24 31
3 22 4 22
27 11 27 12
5 21 4 21
2 14 2 13
31 20 30 20
7 15 7 14
3 31 3 30
31 22 30 22
9 4 10 4
12 24 12 25
15 0 15 1
22 19 22 18
7 14 6 14
19 8 19 7
22 10 23 10
12 16 12 15
5 20 5 21
15 4 16 4
9 15 9 16
15 30 16 30
13 7 13 6
18 29 18 28
14 8 15 8
3 7 3 8
6 15 7 15
12 4 11 4
5 18 6 18
15 7 15 6
30 24 29 24
23 11 22 11
24 26 24 25
29 19 28 19
18 21 18 22
27 10 26 10
3 17 3 16
19 11 18 11
28 8 29 8
3 8 3 9
29 25 28 25
25 8 25 9
1 24 1 25
7 1 7 0
27 21 27 20
19 15 19 14
16 31 15 31
9 17 8 17
30 23 31 23
19 13 19 12
25 4 25 3
11 10 11 11
29 30 29 29
31 21 31 20
11 7 11 8
12 31 12 30
18 13 18 12
27 8 27 9
28 21 28 20
26 19 26 20
21 6 22 6
14 25 13 25
3 26 2 26
27 28 27 27
25 11 26 11
0 29 0 30
10 5 10 6
28 22 29 22
21 15 20 15
2 17 1 17
20 7 21 7
28 6 28 5
31 19 31 18
5 22 6 22
14 14 14 15
2 13 2 12
31 11 30 11
28 26 27 26
1 29 0 29
1 13 2 13
29 6 29 7
188
23 2 23 3
7 12 8 12
11 8 11 9
5 8 5 10
7 30 12 30
31 29 31 30
1 8 5 8
11 25 12 25
26 11 30 11
13 23 16 23
30 13 30 18
22 9 22 11
10 9 10 12
25 26 27 26
4 21 4 22
25 30 25 31
21 21 21 25
1 1 5 1
1 6 1 8
14 16 15 16
26 2 26 9
19 30 25 30
24 4 24 9
20 20 20 21
0 24 0 28
5 7 5 8
18 9 18 11
22 8 22 9
17 1 17 4
22 11 26 11
0 28 3 28
6 28 7 28
4 23 8 23
6 18 7 18
29 18 30 18
16 20 18 20
17 4 19 4
29 24 29 26
8 28 9 28
8 23 8 28
1 9 2 9
4 28 4 29
22 23 22 25
9 16 9 22
7 13 10 13
18 11 18 12
19 14 19 16
9 29 10 29
22 6 22 8
26 21 26 23
15 1 17 1
10 13 12 13
24 10 26 10
16 20 16 23
5 1 5 3
29 26 29 29
4 30 7 30
12 25 12 27
13 0 26 0
3 14 6 14
28 13 29 13
15 20 16 20
3 3 5 3
25 30 31 30
30 13 31 13
21 25 21 27
18 20 20 20
15 1 15 2
13 25 13 26
0 1 1 1
5 10 8 10
26 0 31 0
7 8 11 8
11 2 11 3
28 24 29 24
18 2 22 2
19 27 21 27
25 20 25 26
26 18 26 20
17 30 19 30
11 11 15 11
15 16 15 20
24 17 29 17
1 1 1 6
31 0 31 13
5 0 5 1
23 3 25 3
7 28 8 28
3 23 3 25
24 19 24 20
4 25 4 27
26 18 29 18
14 5 15 5
15 28 18 28
12 22 14 22
3 25 4 25
3 30 4 30
31 18 31 20
11 9 11 11
19 27 19 29
27 26 29 26
7 18 7 19
5 0 7 0
12 7 16 7
26 9 26 10
10 2 10 4
15 11 16 11
19 16 19 19
3 12 3 14
3 12 7 12
8 12 10 12
24 17 24 19
4 25 7 25
12 8 15 8
19 29 19 30
12 27 15 27
10 13 10 16
12 20 12 21
10 16 14 16
19 4 20 4
6 2 6 6
11 2 13 2
7 0 13 0
10 9 11 9
8 29 9 29
28 5 28 10
20 4 24 4
1 18 6 18
10 2 11 2
8 10 8 11
18 1 22 1
22 2 23 2
31 23 31 26
25 20 26 20
29 13 30 13
17 1 18 1
19 19 24 19
6 16 9 16
27 2 27 3
16 30 17 30
25 5 25 6
26 2 27 2
15 27 15 28
4 27 4 28
30 11 30 13
9 22 9 26
3 28 3 30
13 2 15 2
12 22 12 25
12 7 12 8
12 30 16 30
3 9 3 12
10 29 11 29
4 22 4 23
10 4 11 4
29 29 31 29
11 25 11 29
6 16 6 18
13 23 13 25
2 12 3 12
11 4 11 8
15 8 22 8
16 14 19 14
1 23 3 23
7 13 7 15
15 2 15 5
26 23 31 23
19 4 19 7
15 11 15 12
26 10 28 10
12 21 12 22
18 11 22 11
24 9 24 10
9 22 12 22
16 11 16 14
1 18 1 23
27 3 30 3
7 28 7 30
24 20 24 23
25 3 25 5
6 2 10 2
6 14 6 16
20 21 21 21
22 23 24 23
18 12 19 12
2 9 3 9
31 20 31 23
1 9 1 10
