319
31 35 31 34
2 6 2 5
22 2 22 3
37 14 37 15
9 27 10 27
3 36 3 35
21 1 21 2
26 26 26 27
2 27 1 27
13 35 12 35
26 25 25 25
33 11 32 11
27 34 27 35
13 25 12 25
6 20 5 20
13 21 14 21
2 28 2 27
32 23 33 23
26 27 25 27
26 10 25 10
27 22 28 22
23 10 22 10
37 9 37 8
16 19 17 19
34 28 33 28
16 1 16 0
28 23 28 24
6 22 6 21
18 25 19 25
23 37 23 36
4 16 4 17
1 36 1 37
25 27 24 27
21 25 21 24
31 31 31 30
2 9 2 8
19 19 19 18
10 33 10 32
21 8 22 8
27 10 28 10
38 8 38 9
5 38 5 37
32 16 31 16
27 33 27 32
20 1 20 2
3 4 3 5
35 28 34 28
25 20 26 20
19 2 19 1
11 15 10 15
35 32 34 32
8 19 9 19
33 32 32 32
38 9 37 9
6 2 6 3
32 24 32 23
31 20 32 20
12 34 11 34
29 20 30 20
29 34 29 33
5 27 5 28
10 19 10 20
9 34 9 35
12 33 12 34
18 9 19 9
6 21 6 20
30 11 31 11
35 27 35 28
17 31 16 31
27 32 26 32
27 20 27 19
31 11 31 12
3 5 4 5
22 16 23 16
32 31 31 31
28 10 28 11
1 5 1 4
26 33 26 34
35 2 36 2
6 24 5 24
20 0 20 1
36 25 36 26
2 20 2 19
14 22 14 23
28 19 28 20
23 9 24 9
5 20 5 19
8 1 9 1
33 25 33 24
20 2 19 2
34 28 34 27
23 8 23 9
31 34 30 34
9 1 10 1
26 9 26 10
0 18 1 18
24 32 24 31
30 33 31 33
0 4 0 3
18 32 17 32
27 0 27 1
13 20 13 21
35 31 35 30
15 38 15 37
16 31 15 31
28 11 28 12
18 29 19 29
11 34 10 34
4 7 5 7
18 34 17 34
23 34 23 33
29 35 30 35
1 14 1 15
15 34 15 33
5 14 5 13
19 36 19 37
30 20 31 20
25 8 25 9
4 31 3 31
37 24 36 24
36 28 36 27
4 36 4 35
20 27 21 27
3 30 3 29
24 9 24 8
9 17 9 16
23 3 23 2
16 6 17 6
28 22 28 21
9 19 10 19
19 25 20 25
14 17 15 17
6 8 6 9
36 3 37 3
35 37 34 37
6 3 6 4
3 38 3 37
3 35 2 35
32 38 32 37
3 19 3 18
1 9 2 9
5 17 5 16
18 2 18 1
32 27 32 28
19 5 19 4
12 3 12 4
24 21 23 21
27 24 27 25
19 33 18 33
31 20 31 21
34 38 33 38
32 25 32 24
26 17 26 16
15 27 14 27
3 37 3 36
23 38 23 37
33 24 34 24
19 37 19 38
22 35 22 34
14 2 14 1
9 4 9 5
33 22 34 22
32 32 32 33
20 16 19 16
18 1 18 2
35 30 34 30
17 8 17 9
10 27 10 26
33 13 33 12
38 24 37 24
24 27 24 28
35 38 34 38
38 23 38 24
23 2 22 2
0 14 1 14
6 26 6 27
15 7 16 7
19 35 19 36
15 20 14 20
37 26 37 27
22 38 23 38
10 24 11 24
0 13 1 13
9 12 8 12
36 6 35 6
6 18 6 19
34 36 35 36
1 11 0 11
7 36 7 37
32 6 32 7
27 15 27 16
29 14 30 14
25 35 25 34
8 38 7 38
10 15 10 14
8 16 8 15
14 27 14 28
6 38 5 38
3 1 4 1
19 36 18 36
33 23 33 24
16 0 15 0
23 35 22 35
30 19 30 20
19 24 18 24
12 25 11 25
6 35 6 36
19 2 19 3
5 16 6 16
24 3 25 3
37 27 37 28
1 4 1 3
31 31 30 31
10 34 10 33
4 1 3 1
17 38 17 37
24 24 25 24
32 24 31 24
2 12 1 12
3 1 4 1
18 6 18 7
5 37 4 37
30 20 30 19
2 19 2 18
23 37 22 37
19 1 18 1
31 21 30 21
31 9 30 9
15 6 15 7
1 15 1 16
1 12 2 12
1 34 0 34
28 7 28 8
29 25 29 26
28 6 27 6
0 26 0 25
36 29 36 30
25 37 25 38
15 7 14 7
18 33 18 32
10 7 11 7
34 38 35 38
12 32 12 31
12 4 12 5
16 38 17 38
2 11 3 11
23 21 23 22
36 26 37 26
35 0 34 0
2 17 1 17
31 10 30 10
10 32 10 31
13 23 12 23
2 22 2 21
32 20 31 20
34 27 33 27
37 28 36 28
34 24 34 25
8 21 8 20
35 24 35 25
36 27 35 27
37 15 36 15
22 1 21 1
36 30 37 30
30 31 30 30
4 37 5 37
15 37 16 37
30 36 30 37
23 36 23 35
23 7 23 8
24 23 25 23
14 1 14 2
22 17 22 18
2 8 3 8
33 27 32 27
18 2 18 3
10 8 9 8
4 17 5 17
35 36 34 36
3 11 2 11
19 4 18 4
9 5 10 5
35 29 35 30
33 29 33 30
4 5 4 4
28 18 27 18
23 22 23 21
9 2 9 1
19 0 19 1
4 21 5 21
19 1 19 2
35 27 34 27
1 26 1 25
5 3 5 2
30 1 30 0
23 16 23 17
1 13 2 13
8 20 7 20
24 8 25 8
2 12 1 12
22 4 22 5
29 0 29 1
14 2 13 2
19 29 19 28
36 15 36 16
23 35 24 35
12 23 12 24
33 30 33 31
14 7 14 8
2 5 1 5
2 26 1 26
0 30 0 31
1 12 2 12
22 18 22 17
36 4 36 3
30 35 31 35
35 23 35 24
33 38 32 38
11 10 10 10
180
10 5 12 5
37 10 37 12
1 33 1 37
12 34 12 35
17 36 18 36
7 37 7 38
22 8 22 10
23 19 27 19
30 6 35 6
23 21 23 23
27 7 27 9
17 37 17 38
24 12 28 12
1 17 1 18
6 20 6 27
30 6 30 9
31 33 32 33
31 16 36 16
21 24 23 24
32 33 32 37
32 23 32 27
7 38 10 38
27 1 27 4
18 32 21 32
1 31 2 31
26 24 28 24
24 26 24 28
26 34 30 34
27 1 29 1
35 1 35 6
31 30 31 33
10 38 17 38
36 16 36 24
10 20 14 20
17 32 18 32
30 27 30 30
2 27 6 27
12 5 16 5
23 24 25 24
7 34 7 37
27 19 27 23
4 20 6 20
31 30 32 30
1 18 2 18
2 27 2 31
1 31 1 33
35 25 35 28
1 3 4 3
9 26 10 26
6 19 6 20
30 37 32 37
37 9 37 10
31 16 31 20
17 27 17 32
5 37 7 37
1 20 4 20
32 33 35 33
34 22 35 22
28 12 28 15
11 25 11 27
15 17 16 17
9 10 9 16
33 28 35 28
4 9 6 9
7 34 12 34
28 16 31 16
3 36 5 36
4 1 4 3
17 27 18 27
25 23 27 23
23 9 23 17
27 38 32 38
18 1 20 1
37 3 38 3
27 9 27 11
10 16 10 19
19 3 22 3
5 34 7 34
4 4 4 6
1 16 1 17
6 9 6 16
10 35 10 38
32 11 32 13
32 29 32 30
15 31 15 33
19 2 19 3
27 11 29 11
23 17 23 19
20 19 23 19
10 20 10 26
20 28 24 28
0 3 1 3
4 3 8 3
35 28 36 28
1 6 4 6
20 25 20 28
35 33 35 38
35 24 36 24
31 35 31 36
28 20 31 20
23 23 23 24
14 21 14 23
19 3 19 8
3 33 7 33
14 8 19 8
9 16 9 18
6 16 9 16
32 37 34 37
23 9 25 9
27 7 29 7
10 5 10 10
1 6 1 10
16 17 18 17
7 8 7 9
35 28 35 30
26 28 26 32
27 23 32 23
18 32 18 36
3 31 3 33
25 9 27 9
27 35 31 35
19 8 22 8
9 16 10 16
4 4 6 4
17 37 22 37
1 14 2 14
21 21 21 24
22 37 30 37
30 27 32 27
25 34 26 34
10 26 10 31
10 1 10 4
1 17 3 17
10 31 10 33
35 24 35 25
26 24 26 28
6 4 6 9
32 27 34 27
17 36 17 37
1 37 5 37
9 10 10 10
28 24 31 24
17 19 17 20
30 30 30 34
30 9 37 9
35 30 35 33
36 10 36 16
28 15 28 16
10 4 10 5
26 34 26 35
2 13 2 14
10 1 18 1
34 22 34 25
17 19 20 19
2 36 3 36
22 34 25 34
27 19 29 19
11 27 17 27
9 9 9 10
25 24 26 24
10 19 10 20
21 32 26 32
14 8 14 9
14 23 15 23
3 33 3 36
27 9 30 9
1 16 6 16
31 33 31 35
20 19 20 25
24 28 24 29
29 11 32 11
14 20 17 20
14 14 14 20
34 25 34 27
19 28 20 28
20 1 21 1
14 20 14 21
36 28 36 32
10 33 15 33
7 33 10 33
