24
10 13 9 13
5 2 5 3
1 3 2 3
9 16 9 15
12 14 12 15
3 1 2 1
11 12 12 12
11 9 12 9
4 18 3 18
16 18 17 18
11 4 11 3
16 13 16 12
14 9 13 9
16 10 15 10
17 19 17 20
1 2 1 3
13 13 13 14
19 20 20 20
8 5 8 6
10 4 11 4
16 12 17 12
6 5 6 4
16 11 16 10
14 18 15 18
176
2 20 4 20
9 10 9 13
7 4 8 4
8 19 8 20
7 15 9 15
0 3 1 3
13 11 14 11
7 6 8 6
1 18 1 20
8 1 10 1
11 4 11 5
15 13 15 15
2 1 2 2
4 10 4 12
3 17 3 18
1 13 1 15
14 19 15 19
6 19 8 19
3 8 3 9
12 15 13 15
17 18 17 20
1 4 6 4
3 9 4 9
13 16 13 18
3 6 3 8
13 16 14 16
13 18 15 18
14 16 14 17
3 11 3 12
0 2 2 2
3 12 3 13
6 3 6 4
11 19 11 20
18 3 18 4
1 13 3 13
11 4 13 4
18 11 19 11
17 11 17 12
0 20 1 20
12 12 12 15
13 4 13 7
11 19 14 19
15 18 15 19
7 10 7 11
6 17 8 17
11 10 11 16
4 7 4 9
12 9 12 12
1 5 1 13
4 9 4 10
1 20 2 20
0 15 0 16
5 3 6 3
8 20 11 20
10 1 11 1
4 9 6 9
14 17 15 17
8 1 8 4
13 9 15 9
14 11 14 12
0 2 0 3
17 11 18 11
0 18 0 20
7 14 7 15
15 9 15 10
20 17 20 20
6 4 7 4
10 0 15 0
3 18 5 18
0 16 0 18
10 0 10 1
16 20 17 20
13 15 13 16
18 4 18 6
12 9 13 9
15 18 17 18
13 9 13 11
13 4 18 4
0 3 0 7
8 6 8 12
6 17 6 19
18 18 19 18
16 9 16 10
2 10 4 10
7 6 7 8
9 13 9 15
14 12 14 13
17 13 17 14
9 3 11 3
7 11 7 14
10 6 10 7
17 20 20 20
5 11 5 12
9 4 9 5
10 7 10 8
14 11 17 11
6 14 6 16
18 10 19 10
15 15 15 16
3 17 6 17
9 2 9 3
17 15 17 18
1 4 1 5
15 0 19 0
14 15 15 15
6 0 10 0
1 18 3 18
13 12 13 14
7 5 9 5
19 10 20 10
17 7 17 8
17 2 19 2
2 15 3 15
3 12 4 12
14 3 15 3
1 3 1 4
11 16 11 17
19 6 19 10
7 8 7 10
14 7 14 8
17 10 18 10
20 0 20 4
6 16 7 16
13 14 14 14
15 13 17 13
19 11 19 13
14 8 17 8
19 2 19 5
0 15 1 15
20 15 20 16
11 3 14 3
14 14 14 15
15 12 15 13
4 14 6 14
10 10 11 10
3 15 5 15
7 16 11 16
19 17 19 18
10 5 10 6
14 1 14 2
19 1 19 2
18 16 18 18
18 1 19 1
11 7 11 10
9 5 10 5
3 14 4 14
9 3 9 4
12 6 12 7
5 10 5 11
17 8 17 10
2 14 2 15
16 2 17 2
20 10 20 14
6 11 6 14
12 1 14 1
11 7 12 7
9 17 11 17
20 14 20 15
14 2 14 3
3 6 7 6
17 14 20 14
10 7 11 7
11 18 12 18
5 11 6 11
15 1 18 1
8 18 11 18
11 17 11 18
2 5 7 5
3 14 3 15
16 10 17 10
15 1 15 3
19 5 19 6
18 16 20 16
20 4 20 10
10 10 10 12
13 7 13 9
