316
3 13 3 14
3 11 4 11
6 28 6 29
4 28 4 29
4 27 4 26
20 9 21 9
22 27 23 27
28 10 27 10
29 3 28 3
16 4 16 3
8 19 8 18
17 5 16 5
11 13 11 12
2 26 2 25
7 20 7 19
28 7 27 7
29 7 28 7
16 20 16 19
24 6 23 6
13 8 14 8
8 20 7 20
13 2 12 2
7 19 7 18
3 10 2 10
13 22 13 23
14 18 14 19
24 15 23 15
14 10 15 10
19 17 19 18
6 15 6 14
18 0 18 1
18 17 19 17
9 13 10 13
1 16 0 16
20 22 20 21
11 10 11 9
26 4 27 4
7 28 6 28
27 13 27 12
26 3 26 2
9 21 8 21
19 8 20 8
19 15 19 16
17 6 17 5
26 12 26 11
7 23 6 23
6 22 5 22
23 12 22 12
27 10 26 10
25 6 24 6
1 11 2 11
8 25 8 24
2 27 3 27
2 7 3 7
7 16 6 16
11 19 10 19
27 21 26 21
15 13 15 14
11 29 11 28
26 13 27 13
27 12 26 12
7 20 7 19
7 19 8 19
5 7 5 6
26 6 25 6
14 19 15 19
2 25 3 25
12 10 11 10
7 25 8 25
6 26 6 25
28 2 29 2
9 5 10 5
16 28 16 27
6 29 5 29
29 11 29 12
3 21 4 21
20 10 20 11
2 11 3 11
4 20 3 20
3 27 3 28
19 1 19 0
16 26 17 26
11 24 12 24
13 9 13 8
14 21 13 21
29 27 29 28
27 16 26 16
12 29 11 29
28 17 27 17
12 22 13 22
8 24 9 24
25 23 24 23
25 15 24 15
10 17 9 17
28 3 27 3
25 4 26 4
2 16 1 16
12 24 12 23
27 6 26 6
3 25 4 25
15 10 15 9
16 15 15 15
24 17 25 17
2 13 3 13
21 18 22 18
22 16 21 16
25 0 26 0
7 22 6 22
4 8 4 7
24 29 24 28
8 21 8 20
11 2 11 3
15 20 14 20
27 15 27 14
6 1 7 1
24 3 24 2
14 17 14 18
25 24 25 23
26 28 27 28
16 6 17 6
27 13 27 12
12 19 11 19
10 2 10 1
14 18 14 19
22 20 22 21
29 4 29 3
22 12 22 11
19 13 19 14
25 13 25 12
1 16 1 17
12 7 12 8
0 24 1 24
6 14 6 13
4 13 4 12
10 16 10 17
14 11 14 12
19 6 20 6
12 28 12 29
16 17 15 17
16 21 16 20
10 7 11 7
1 3 2 3
20 21 21 21
29 5 29 4
11 22 12 22
29 4 28 4
23 8 22 8
1 15 1 16
14 27 14 26
2 0 2 1
26 24 25 24
22 18 23 18
26 4 26 3
5 8 5 7
2 24 2 25
19 26 19 27
6 24 5 24
28 7 28 8
24 11 25 11
13 18 14 18
16 19 17 19
18 1 17 1
3 8 4 8
22 28 22 27
10 22 11 22
6 20 7 20
20 29 20 28
5 15 5 16
13 19 12 19
24 2 24 1
12 2 11 2
18 22 19 22
6 23 5 23
11 23 11 24
12 25 12 24
25 14 25 15
27 17 27 16
7 26 6 26
7 29 7 28
26 14 25 14
11 24 11 25
29 2 29 1
11 3 12 3
12 13 13 13
1 13 2 13
1 16 2 16
8 18 8 17
7 4 7 3
24 16 23 16
27 20 26 20
9 8 10 8
26 27 27 27
13 7 13 6
18 15 19 15
9 18 9 19
19 4 19 3
11 28 11 27
26 0 26 1
11 29 11 28
6 16 6 15
21 19 21 18
7 6 8 6
3 3 4 3
19 27 20 27
18 13 17 13
16 14 17 14
2 16 3 16
25 20 25 19
16 29 17 29
26 10 25 10
23 18 23 17
22 8 22 7
25 5 25 4
25 7 25 8
10 14 9 14
13 27 13 28
13 28 13 27
27 11 27 10
18 8 17 8
4 14 4 15
21 16 22 16
2 1 1 1
5 14 5 13
11 22 11 23
26 23 26 24
29 23 28 23
14 23 15 23
2 15 2 16
27 2 28 2
29 3 29 2
28 11 28 10
28 24 27 24
17 12 16 12
29 14 29 13
7 27 7 26
26 5 25 5
9 3 9 2
2 2 2 1
8 5 7 5
26 22 26 23
0 16 1 16
2 16 2 17
26 16 25 16
5 27 5 28
27 12 27 11
11 7 12 7
17 2 16 2
6 28 6 29
6 6 6 5
14 7 13 7
3 7 2 7
25 14 25 13
17 0 18 0
2 29 1 29
18 18 18 17
5 9 5 8
26 21 25 21
6 27 5 27
14 24 15 24
15 25 14 25
27 4 26 4
18 17 18 18
2 1 2 2
26 4 27 4
29 6 29 5
1 8 1 7
15 21 16 21
16 21 15 21
16 23 16 24
16 9 16 10
15 7 14 7
20 24 21 24
0 0 0 1
24 19 24 20
9 14 9 13
25 5 24 5
26 23 26 22
22 26 23 26
27 28 27 29
5 11 5 12
22 14 22 13
10 3 9 3
17 1 17 2
0 9 0 10
27 11 27 12
4 15 3 15
7 15 7 14
18 18 18 19
16 24 16 23
3 23 4 23
6 22 6 23
4 3 4 2
2 17 2 16
29 29 28 29
20 26 20 25
3 11 3 12
19 12 18 12
9 25 9 26
15 6 16 6
27 27 27 28
6 5 6 6
3 28 4 28
8 13 7 13
7 1 8 1
9 26 10 26
11 21 11 22
26 20 25 20
0 13 1 13
1 9 2 9
4 11 4 10
20 20 20 21
23 7 23 8
28 29 28 28
20 4 19 4
16 20 17 20
19 20 20 20
182
10 4 11 4
17 20 18 20
27 19 27 23
5 10 7 10
13 21 13 22
14 19 14 20
17 17 19 17
12 8 12 9
27 18 27 19
20 11 20 15
8 27 9 27
24 12 24 13
18 21 20 21
27 12 27 14
1 23 1 24
29 2 29 5
3 12 4 12
15 14 15 15
0 14 1 14
21 18 24 18
27 10 28 10
1 1 1 7
5 16 8 16
18 20 18 21
25 22 25 23
6 8 10 8
14 8 15 8
13 11 13 13
4 25 6 25
24 14 27 14
28 2 28 4
27 12 28 12
5 8 5 10
6 6 8 6
27 4 28 4
24 14 24 15
3 0 3 5
12 9 12 12
7 24 7 26
27 16 27 18
28 9 28 10
25 23 27 23
3 16 4 16
20 21 21 21
10 5 10 8
27 25 27 28
21 18 21 21
13 10 13 11
10 27 11 27
14 22 15 22
12 23 13 23
0 12 0 14
12 9 15 9
4 16 5 16
1 27 5 27
5 1 5 2
11 2 11 4
28 16 29 16
26 1 29 1
23 13 24 13
5 8 6 8
22 13 23 13
10 13 13 13
6 0 6 6
1 7 2 7
17 26 18 26
23 10 23 11
4 21 7 21
17 6 17 8
10 12 10 13
26 19 26 22
15 5 15 8
13 15 15 15
4 24 4 25
18 6 20 6
3 0 6 0
6 6 6 8
11 4 19 4
3 5 3 12
23 11 25 11
9 16 9 17
10 8 12 8
4 28 5 28
14 20 17 20
8 16 8 17
9 27 10 27
7 28 8 28
9 13 10 13
20 1 24 1
16 2 17 2
16 6 17 6
7 18 7 20
20 5 20 6
3 12 3 13
10 13 10 15
13 13 16 13
24 15 24 18
18 21 18 25
5 6 6 6
11 15 13 15
28 8 28 9
27 10 27 12
6 13 7 13
24 13 24 14
13 0 14 0
23 8 23 10
7 26 7 28
10 4 10 5
11 0 13 0
11 25 11 27
24 28 27 28
25 4 25 6
24 1 26 1
15 1 20 1
22 4 25 4
1 24 4 24
29 1 29 2
21 10 23 10
10 15 10 17
11 23 12 23
20 8 20 11
10 17 10 18
11 12 12 12
27 23 28 23
20 27 21 27
25 11 25 12
0 1 1 1
25 4 27 4
10 17 13 17
29 15 29 16
19 16 19 17
14 20 14 22
8 20 8 23
4 16 4 21
20 11 22 11
11 2 16 2
15 17 17 17
25 6 25 8
7 13 9 13
3 16 3 18
18 25 18 26
27 28 28 28
23 6 23 8
13 17 15 17
13 14 13 15
15 15 19 15
8 25 11 25
25 10 25 11
15 18 15 19
7 21 7 24
5 28 7 28
26 18 26 19
7 20 8 20
11 28 20 28
11 25 14 25
10 19 11 19
1 24 1 27
19 4 22 4
20 28 24 28
20 27 20 28
22 11 22 13
15 22 15 23
25 8 28 8
13 23 15 23
10 18 10 19
20 6 23 6
11 27 11 28
8 23 8 25
17 26 17 27
15 17 15 18
9 17 10 17
27 14 27 16
17 8 20 8
4 12 4 16
24 8 25 8
29 13 29 15
1 27 1 29
19 15 20 15
16 12 16 13
13 17 13 21
25 12 25 13
7 18 10 18
