46
37 10 36 10
22 22 22 21
33 37 33 36
31 10 31 11
27 16 26 16
30 28 29 28
37 35 36 35
20 22 19 22
37 18 36 18
34 26 33 26
34 31 34 30
30 31 29 31
33 10 32 10
21 30 21 29
36 35 36 36
20 35 20 34
30 22 31 22
3 9 3 8
25 17 26 17
8 20 9 20
27 33 27 34
37 31 36 31
37 15 36 15
3 37 4 37
5 20 5 19
13 10 12 10
33 36 32 36
20 34 20 33
30 27 30 28
23 27 23 28
20 13 20 12
30 19 31 19
31 31 31 30
32 21 32 22
37 9 36 9
17 26 17 27
12 8 12 7
27 34 27 35
12 28 12 27
35 17 36 17
10 29 9 29
23 24 24 24
2 0 1 0
6 7 5 7
5 34 4 34
12 27 11 27
154
26 0 26 4
25 33 25 37
6 9 6 11
29 36 32 36
17 17 17 19
5 19 11 19
21 16 21 20
36 31 36 36
1 15 1 26
14 36 16 36
24 16 24 24
12 7 12 10
14 6 26 6
8 0 8 2
31 19 33 19
29 9 33 9
32 36 36 36
16 33 16 36
33 9 33 19
7 32 14 32
36 5 36 8
21 13 21 15
6 5 6 9
29 35 29 36
29 31 29 35
7 32 7 33
7 6 7 11
7 31 11 31
36 22 36 31
1 26 9 26
18 9 19 9
26 12 26 16
4 34 4 37
14 6 14 7
0 29 3 29
11 27 17 27
17 33 20 33
36 8 36 9
33 19 33 26
33 9 36 9
8 0 26 0
29 4 30 4
9 13 21 13
35 1 37 1
1 0 1 2
19 22 19 27
20 30 20 33
16 11 20 11
14 32 14 36
3 8 5 8
20 12 26 12
16 9 18 9
36 9 36 10
21 15 21 16
11 36 14 36
21 16 24 16
26 4 26 6
22 21 22 24
36 17 36 18
16 9 16 11
32 31 32 36
20 33 25 33
30 11 31 11
31 11 31 19
34 30 34 35
6 11 7 11
19 9 29 9
7 11 16 11
8 2 18 2
20 11 20 12
21 28 23 28
5 12 5 15
5 15 9 15
17 27 19 27
4 32 7 32
18 8 18 9
1 2 8 2
5 15 5 19
12 7 14 7
27 35 29 35
31 22 32 22
2 37 4 37
9 20 9 26
37 21 37 24
18 2 22 2
1 15 5 15
9 13 9 15
26 0 29 0
7 16 21 16
17 19 17 27
11 19 11 27
29 16 29 28
25 29 25 31
7 31 7 32
27 29 31 29
9 26 9 29
5 37 16 37
31 30 34 30
30 11 30 23
21 36 23 36
36 10 36 15
5 8 5 12
21 28 21 29
29 15 29 16
3 29 9 29
6 35 13 35
27 4 27 5
16 33 17 33
18 10 27 10
30 8 35 8
36 18 36 22
26 36 27 36
36 15 36 17
27 5 30 5
5 12 20 12
4 32 4 34
30 5 30 8
27 13 27 29
17 27 17 33
26 16 26 17
22 20 22 21
26 30 31 30
30 4 30 5
7 6 14 6
26 31 26 36
25 31 26 31
20 29 21 29
16 37 17 37
0 25 0 29
5 35 5 37
20 17 20 21
25 14 25 18
27 13 29 13
8 3 9 3
34 18 34 30
31 30 31 33
27 10 32 10
37 1 37 12
25 18 25 29
20 21 22 21
27 10 27 13
29 13 29 15
31 22 31 29
37 12 37 21
26 30 26 31
5 35 6 35
20 21 20 29
31 29 31 30
35 1 35 8
12 14 12 15
29 28 30 28
21 29 25 29
34 16 34 18
26 24 26 30
