38
34 4 35 4
34 14 34 15
21 17 20 17
8 16 8 15
27 28 27 27
30 31 29 31
20 7 19 7
4 7 4 8
32 33 32 34
2 33 1 33
7 5 6 5
3 15 2 15
15 26 14 26
34 28 35 28
15 28 15 27
12 28 13 28
35 14 34 14
37 14 36 14
26 9 25 9
34 3 34 2
36 13 35 13
11 34 11 33
25 8 26 8
29 26 29 25
37 32 36 32
22 4 21 4
31 30 32 30
15 19 16 19
14 0 14 1
35 32 34 32
14 30 14 31
13 31 12 31
31 11 31 12
14 1 14 2
12 22 11 22
10 23 10 22
11 30 11 31
33 6 33 5
162
3 6 6 6
1 14 1 26
30 29 32 29
2 4 2 7
16 21 18 21
13 28 13 30
37 3 37 8
21 2 21 4
36 32 36 34
28 27 28 31
17 27 19 27
25 27 27 27
10 22 11 22
9 35 24 35
13 1 35 1
11 8 13 8
35 23 37 23
25 21 25 27
2 15 8 15
18 21 21 21
28 10 29 10
13 8 13 17
1 4 1 6
15 25 15 27
19 16 21 16
16 21 16 23
27 24 27 27
1 6 1 8
35 1 35 4
37 20 37 23
19 7 28 7
17 18 20 18
32 4 35 4
25 9 25 14
0 13 0 19
16 19 17 19
32 16 32 29
27 27 28 27
1 8 1 14
27 22 27 24
1 14 3 14
32 5 32 10
37 12 37 20
15 3 15 20
11 22 11 25
37 8 37 12
8 31 9 31
2 20 2 36
1 28 1 33
16 19 16 21
0 3 0 5
19 7 19 16
29 10 32 10
35 13 35 23
0 28 1 28
14 2 14 10
3 8 4 8
32 10 32 14
35 28 35 33
14 26 14 28
13 17 13 28
21 16 21 21
19 4 19 7
11 3 11 4
6 1 9 1
28 7 31 7
28 7 28 10
26 12 31 12
21 4 23 4
19 27 25 27
21 8 21 13
11 8 11 22
12 31 14 31
17 18 17 19
32 14 32 16
16 31 17 31
1 26 1 28
0 5 0 13
21 16 24 16
26 8 26 12
13 1 13 8
24 5 32 5
9 29 9 31
6 1 6 5
32 4 32 5
32 5 33 5
35 9 35 13
10 1 10 6
35 4 35 9
21 21 25 21
35 23 35 28
8 15 8 27
15 27 17 27
29 25 29 31
9 35 9 37
33 15 33 16
11 1 11 3
6 6 6 14
24 8 26 8
30 13 30 25
32 31 32 32
32 32 34 32
34 11 34 13
9 21 9 22
9 19 9 21
1 4 2 4
6 5 6 6
24 8 24 9
15 20 15 25
21 2 34 2
6 28 7 28
32 34 32 36
11 33 18 33
2 15 2 20
9 31 9 35
32 30 32 31
33 9 33 15
14 10 14 26
24 12 24 16
8 27 8 28
21 13 21 16
1 36 2 36
14 28 14 31
32 32 32 34
29 31 32 31
34 32 34 33
4 8 4 13
16 32 32 32
14 31 16 31
1 1 6 1
12 20 12 31
34 14 34 15
26 21 29 21
12 13 12 20
11 31 11 33
6 28 6 29
34 15 34 32
9 1 10 1
9 1 9 19
34 13 34 14
8 35 9 35
16 31 16 32
8 4 8 15
11 31 12 31
9 31 11 31
32 34 36 34
10 1 11 1
14 2 21 2
3 6 3 8
29 18 29 21
0 19 0 28
29 25 30 25
29 21 29 25
25 14 25 21
26 28 26 29
14 28 26 28
33 15 34 15
9 22 9 29
3 8 3 10
8 28 8 31
7 28 8 28
26 12 26 21
