211
9 24 8 24
27 10 28 10
19 28 19 29
19 9 18 9
23 14 23 15
13 20 12 20
9 29 9 28
25 13 25 14
2 0 2 1
30 12 30 13
16 28 16 27
5 13 5 12
4 13 3 13
21 19 21 20
12 25 12 26
18 27 19 27
2 2 3 2
25 1 24 1
1 11 1 10
3 19 2 19
24 1 24 2
11 13 12 13
18 19 18 18
6 17 7 17
24 30 24 31
24 25 24 24
5 31 5 30
29 14 29 15
9 16 8 16
10 16 10 17
15 24 16 24
5 9 4 9
29 15 30 15
30 21 31 21
31 22 30 22
10 24 10 25
21 17 21 18
5 32 5 31
20 30 19 30
30 30 29 30
2 10 3 10
14 31 15 31
29 29 30 29
26 11 27 11
7 8 6 8
8 28 8 27
23 30 23 29
19 27 19 26
13 31 14 31
32 24 31 24
2 13 2 14
19 6 18 6
3 4 3 5
30 13 29 13
3 11 4 11
10 31 10 30
14 24 13 24
22 16 21 16
19 15 18 15
24 24 23 24
6 10 6 9
8 16 7 16
27 16 28 16
4 9 4 10
27 17 27 16
15 3 15 2
31 27 30 27
16 24 16 25
21 18 22 18
5 8 5 9
13 18 14 18
30 6 29 6
19 14 19 13
13 28 14 28
4 20 3 20
23 0 24 0
29 16 29 15
11 4 11 3
18 28 19 28
16 16 16 17
8 15 8 16
17 9 17 8
8 27 8 26
23 7 24 7
3 15 4 15
16 9 17 9
6 28 6 27
2 22 1 22
31 28 30 28
17 5 17 4
29 31 29 32
27 24 28 24
16 12 16 13
28 27 29 27
26 30 26 29
8 8 8 9
23 27 22 27
23 9 22 9
12 14 11 14
6 27 5 27
27 14 26 14
19 30 18 30
31 30 30 30
28 30 28 31
32 32 31 32
25 14 24 14
12 13 12 12
18 18 19 18
32 13 31 13
11 14 11 13
4 21 3 21
8 18 7 18
23 16 22 16
10 29 10 28
30 24 30 23
13 21 13 20
2 9 2 10
9 26 9 27
29 6 28 6
24 27 23 27
27 15 27 14
16 32 16 31
30 32 30 31
23 24 23 23
11 3 12 3
8 7 8 6
13 22 13 21
29 30 29 29
16 13 16 14
12 11 12 10
30 23 29 23
27 16 27 15
15 5 15 6
26 18 27 18
5 20 5 21
31 13 30 13
6 4 6 3
22 16 22 17
9 3 9 4
19 10 19 9
13 14 14 14
4 17 5 17
5 24 5 23
19 26 19 25
19 5 19 6
6 21 6 20
16 25 17 25
12 31 11 31
23 1 23 0
4 28 4 29
26 16 26 15
21 8 20 8
1 13 0 13
1 5 1 4
3 0 4 0
30 2 31 2
7 18 7 19
3 32 2 32
1 1 1 0
1 15 0 15
12 9 11 9
17 4 16 4
21 25 21 26
11 10 11 11
21 21 20 21
3 10 3 11
8 4 8 3
18 16 17 16
28 6 28 7
11 2 12 2
18 30 17 30
16 11 16 12
5 28 6 28
10 25 9 25
13 3 13 2
7 0 7 1
24 26 24 25
25 25 26 25
19 2 19 1
6 23 6 24
11 9 11 8
1 4 1 5
18 15 18 14
15 10 15 11
0 5 0 6
30 26 30 25
26 26 27 26
24 6 25 6
31 2 30 2
15 28 16 28
1 17 1 18
31 9 31 10
23 12 24 12
4 6 5 6
5 6 5 7
4 0 5 0
24 7 24 6
26 9 27 9
7 1 8 1
21 5 20 5
26 24 26 23
28 20 29 20
6 11 5 11
32 7 32 6
25 28 25 29
10 30 9 30
27 26 26 26
30 5 30 6
4 24 4 23
13 26 13 27
31 10 30 10
188
14 21 16 21
29 7 29 13
9 25 11 25
27 22 28 22
29 13 29 15
2 14 3 14
8 1 8 3
7 10 7 12
21 20 21 22
14 28 16 28
30 7 31 7
3 29 4 29
9 4 9 7
31 21 31 24
5 27 9 27
3 23 4 23
29 27 29 29
9 27 9 28
15 11 17 11
9 4 10 4
19 13 19 18
6 24 8 24
13 4 13 5
15 6 16 6
29 7 30 7
4 23 5 23
25 30 30 30
28 22 29 22
26 26 29 26
2 10 2 14
19 20 19 25
31 3 31 7
30 29 31 29
29 13 30 13
27 15 28 15
6 29 8 29
2 1 2 4
25 9 25 10
25 10 25 15
11 1 11 5
15 2 23 2
26 15 27 15
11 1 12 1
23 18 23 23
14 28 14 31
7 12 7 16
16 6 18 6
5 23 5 27
2 6 2 10
3 7 3 8
2 6 6 6
8 17 9 17
11 8 11 11
19 20 21 20
32 25 32 28
22 9 22 14
8 9 9 9
1 0 1 2
17 28 17 30
11 8 15 8
24 6 25 6
2 1 8 1
16 28 17 28
14 21 14 25
22 14 24 14
19 9 22 9
16 8 16 10
19 12 19 13
12 1 13 1
16 12 17 12
3 11 3 13
30 10 30 11
24 10 25 10
29 26 29 27
8 1 11 1
28 15 29 15
0 4 2 4
1 10 2 10
11 5 11 8
18 9 19 9
3 8 6 8
8 9 8 16
17 13 19 13
30 30 30 31
9 25 9 27
3 20 3 21
15 8 15 11
2 4 2 6
21 22 21 23
3 22 3 23
1 29 3 29
13 20 19 20
30 11 31 11
6 18 6 20
9 7 9 9
31 17 31 18
19 6 20 6
6 5 7 5
13 20 13 21
14 32 19 32
6 6 6 8
25 4 25 6
24 25 24 29
15 8 16 8
4 10 7 10
12 29 12 30
11 13 13 13
31 11 31 14
28 17 31 17
11 11 11 13
25 15 26 15
12 12 15 12
13 1 17 1
3 13 6 13
5 31 11 31
28 5 28 7
30 6 30 7
17 30 25 30
12 10 12 12
11 5 13 5
22 17 22 18
19 1 31 1
31 18 31 21
13 13 17 13
19 6 19 9
19 18 20 18
1 22 3 22
24 2 24 6
5 12 7 12
12 10 14 10
1 0 5 0
17 25 19 25
7 5 7 9
7 9 8 9
17 9 18 9
6 20 7 20
3 21 3 22
29 22 29 23
13 5 20 5
6 20 6 24
25 6 25 7
22 18 23 18
11 25 14 25
20 8 25 8
22 17 28 17
28 16 28 17
19 25 19 28
8 16 8 17
26 29 29 29
6 3 6 5
15 6 15 8
29 32 31 32
2 10 4 10
6 14 6 18
29 29 30 29
8 16 13 16
20 6 20 8
1 10 1 18
24 29 25 29
25 7 28 7
25 7 25 8
6 9 7 9
13 16 17 16
18 9 18 12
11 30 12 30
22 14 22 17
17 1 19 1
5 9 6 9
31 1 31 3
25 29 25 30
17 12 18 12
28 7 28 10
13 16 13 20
15 12 16 12
8 24 8 26
8 17 8 24
6 13 6 14
31 24 31 29
14 25 14 28
8 29 12 29
21 23 23 23
3 14 3 20
16 7 16 8
11 31 14 31
23 2 24 2
14 31 14 32
31 14 31 17
31 29 31 32
