316
42 17 41 17
12 29 12 28
39 16 39 17
22 25 21 25
14 42 14 43
30 39 29 39
43 31 44 31
25 25 25 24
41 26 41 27
37 12 37 13
34 8 33 8
40 3 39 3
34 7 34 6
37 35 38 35
0 11 0 10
37 39 37 38
9 35 10 35
15 0 15 1
37 38 37 39
1 12 2 12
43 9 42 9
29 5 29 4
20 43 21 43
29 24 29 23
37 39 36 39
2 13 1 13
12 37 12 38
38 11 39 11
41 16 41 15
23 44 22 44
19 20 20 20
5 41 5 40
19 26 19 25
12 3 12 4
1 14 0 14
41 43 41 44
17 5 17 6
22 2 22 3
18 26 19 26
1 30 1 31
20 20 20 19
41 10 41 11
35 26 34 26
21 39 21 38
23 38 23 39
10 35 10 34
44 29 44 30
21 37 20 37
7 27 6 27
21 36 20 36
42 9 41 9
13 37 12 37
15 31 15 32
41 18 42 18
25 42 26 42
18 33 19 33
5 19 6 19
12 2 11 2
39 11 39 12
20 17 21 17
34 36 34 35
17 37 17 38
33 34 33 35
29 4 30 4
19 7 19 6
20 40 21 40
19 19 19 18
10 16 9 16
39 22 40 22
42 25 43 25
23 41 23 42
0 19 0 18
10 20 10 19
27 24 28 24
23 3 23 2
41 27 42 27
6 18 6 17
1 29 1 30
17 4 17 5
21 19 21 20
7 30 7 29
22 16 22 17
18 18 18 17
2 29 1 29
36 20 35 20
10 8 9 8
7 35 7 36
18 35 19 35
23 26 22 26
35 28 36 28
2 15 1 15
41 44 42 44
23 7 24 7
2 24 1 24
15 28 16 28
29 3 29 2
33 5 33 4
1 13 1 14
25 11 25 12
22 17 22 18
8 28 8 27
14 29 14 30
0 8 1 8
26 42 26 41
38 24 38 25
23 39 24 39
24 18 24 19
7 36 7 37
14 43 14 44
44 12 44 13
30 22 31 22
29 18 29 19
8 5 9 5
16 15 16 16
28 24 28 23
36 35 35 35
31 22 31 23
25 13 25 14
40 26 40 25
41 15 40 15
39 27 38 27
3 8 4 8
17 28 17 29
15 6 15 5
36 21 36 22
2 38 3 38
18 17 17 17
28 44 29 44
1 43 0 43
25 10 25 9
37 36 37 35
41 11 42 11
0 13 1 13
23 16 23 15
29 29 29 30
43 30 43 31
15 36 15 35
34 14 34 13
11 9 11 8
17 38 16 38
34 32 33 32
5 33 5 34
12 38 13 38
25 21 25 22
16 19 15 19
13 11 13 12
22 44 22 43
3 11 2 11
26 3 25 3
13 12 12 12
8 3 9 3
15 5 15 4
1 30 0 30
15 30 15 31
32 22 33 22
3 34 3 33
15 1 15 2
25 22 25 23
29 11 29 10
32 9 31 9
30 3 29 3
32 12 31 12
23 42 22 42
17 10 17 11
8 1 8 0
15 42 15 41
44 30 43 30
3 38 3 39
4 5 5 5
37 35 36 35
14 28 14 29
0 10 1 10
4 34 3 34
36 28 36 29
6 27 5 27
39 26 40 26
33 6 33 5
8 32 7 32
25 16 26 16
22 39 21 39
30 18 29 18
15 43 15 42
36 18 37 18
33 22 34 22
11 30 11 31
12 11 13 11
13 0 14 0
0 30 1 30
32 4 32 3
38 25 38 26
25 12 26 12
44 16 43 16
34 26 33 26
6 17 5 17
22 18 21 18
17 29 17 30
15 10 16 10
23 19 23 18
6 19 6 18
36 39 35 39
42 34 42 35
0 43 0 44
32 24 33 24
37 29 37 30
10 37 11 37
19 6 19 7
42 29 41 29
31 23 30 23
39 30 40 30
1 13 2 13
29 18 28 18
7 28 6 28
0 18 0 17
21 6 21 7
32 30 32 31
27 18 26 18
36 35 36 34
44 31 44 30
28 23 27 23
33 4 34 4
5 10 5 11
13 6 12 6
15 41 14 41
29 19 29 18
29 10 29 9
27 23 26 23
20 41 20 42
36 6 37 6
19 35 19 36
43 31 43 32
10 2 9 2
32 20 33 20
44 27 44 26
41 22 41 21
14 1 14 2
23 10 22 10
0 2 1 2
0 17 1 17
20 19 19 19
36 5 36 4
18 34 18 33
42 18 43 18
39 5 38 5
31 1 30 1
15 31 14 31
5 5 5 4
8 20 7 20
29 2 28 2
14 0 13 0
33 5 34 5
19 18 19 17
32 3 32 2
22 6 22 7
9 3 10 3
18 19 17 19
14 9 13 9
35 39 35 38
31 14 31 13
42 8 42 9
14 30 13 30
3 3 4 3
4 4 4 5
17 6 16 6
33 9 33 10
15 42 15 41
8 27 9 27
0 5 0 4
1 24 1 25
28 25 27 25
5 16 4 16
30 5 30 6
4 38 4 37
3 12 3 11
6 37 6 38
13 44 12 44
16 36 17 36
40 7 41 7
31 5 32 5
11 31 11 32
44 28 44 29
20 3 21 3
21 12 21 13
21 33 21 34
32 5 32 6
22 42 21 42
1 8 2 8
29 26 30 26
8 2 8 1
25 14 25 15
16 10 15 10
41 9 41 8
9 2 8 2
14 5 13 5
4 3 5 3
44 13 43 13
1 30 0 30
23 18 23 17
15 41 16 41
21 11 20 11
43 30 42 30
12 19 12 18
12 28 11 28
25 40 24 40
16 16 16 17
10 31 9 31
40 38 39 38
7 22 7 21
10 6 11 6
21 17 21 16
0 42 0 41
13 1 14 1
35 38 35 39
32 13 32 12
27 25 27 26
40 26 41 26
44 30 44 31
182
25 9 29 9
29 39 29 42
19 29 32 29
11 37 11 39
34 13 37 13
37 20 37 21
25 9 25 15
1 14 1 15
16 17 17 17
39 1 41 1
8 2 8 4
10 34 14 34
30 4 34 4
5 34 6 34
41 1 41 4
19 7 21 7
9 5 13 5
15 4 19 4
12 7 18 7
21 40 21 42
39 3 39 12
15 2 23 2
9 8 9 16
19 28 19 29
36 12 39 12
3 11 5 11
41 4 41 7
1 29 1 31
21 34 21 38
41 17 41 21
38 27 38 35
40 29 41 29
32 12 32 15
39 1 39 3
13 28 16 28
43 16 43 18
21 20 21 25
17 30 17 36
23 2 23 15
21 18 21 20
1 14 8 14
1 2 8 2
20 33 20 36
21 13 21 16
31 12 32 12
19 4 19 5
34 31 34 34
11 2 14 2
31 6 31 9
15 2 15 4
26 22 34 22
8 4 12 4
16 38 16 41
17 30 19 30
5 4 8 4
21 39 21 40
12 4 15 4
21 10 22 10
35 35 38 35
33 25 33 26
42 39 42 44
34 6 34 13
9 31 14 31
0 31 1 31
44 33 44 34
21 25 21 26
18 7 19 7
6 34 10 34
35 39 42 39
17 19 19 19
7 29 7 32
26 18 26 22
31 9 31 12
5 27 5 34
7 29 11 29
38 26 38 27
19 36 19 37
41 0 41 1
23 15 25 15
1 17 5 17
17 36 19 36
1 15 1 17
16 38 21 38
38 26 41 26
19 33 19 34
1 17 1 25
5 11 6 11
35 35 35 39
34 35 35 35
0 41 6 41
5 17 16 17
7 20 21 20
5 17 5 27
41 29 44 29
0 31 0 41
8 4 8 14
34 13 34 22
5 27 9 27
9 6 9 8
19 33 20 33
16 27 16 28
19 34 19 36
1 25 1 29
19 30 19 31
25 24 33 24
20 42 20 44
33 26 38 26
21 38 21 39
20 44 29 44
3 11 3 13
17 17 17 19
41 21 41 26
37 21 41 21
3 34 3 39
33 24 33 25
32 29 36 29
12 37 12 41
36 31 36 34
11 37 12 37
14 44 20 44
40 11 40 13
19 5 19 7
14 29 19 29
39 17 41 17
19 26 21 26
44 29 44 31
26 16 26 18
14 41 14 44
4 16 9 16
41 26 41 29
37 13 40 13
23 22 26 22
30 26 33 26
1 25 3 25
21 18 26 18
28 10 28 18
29 42 29 44
12 12 20 12
9 5 9 6
25 23 26 23
8 0 11 0
12 7 12 12
0 27 0 29
12 41 14 41
29 9 31 9
36 29 36 31
9 16 21 16
26 18 28 18
21 34 34 34
19 26 19 28
43 13 43 14
43 14 43 16
37 3 39 3
44 31 44 33
1 10 1 14
12 37 19 37
29 3 37 3
3 39 11 39
34 34 34 35
11 29 14 29
41 7 41 8
2 13 3 13
36 22 40 22
34 22 36 22
21 16 21 18
21 42 27 42
3 10 3 11
29 3 29 9
21 10 21 13
34 4 34 5
11 0 11 2
23 15 23 17
26 22 26 23
36 15 36 22
14 31 14 34
9 27 16 27
7 37 11 37
19 29 19 30
41 8 41 17
16 30 17 30
43 18 43 25
34 5 34 6
