229
11 12 11 13
12 12 11 12
15 2 15 1
1 16 0 16
18 13 18 12
2 16 1 16
8 18 9 18
0 9 0 10
6 2 5 2
3 2 4 2
1 9 0 9
1 8 0 8
11 6 11 7
4 18 4 19
18 14 18 13
12 13 12 12
12 19 12 20
4 17 4 18
2 8 1 8
12 6 11 6
7 18 8 18
9 4 9 3
2 7 2 8
3 3 3 2
14 12 13 12
13 13 12 13
12 18 12 19
2 17 2 16
7 17 7 18
5 17 4 17
15 12 14 12
4 13 4 12
5 16 5 17
9 10 8 10
11 18 12 18
15 13 15 12
3 8 3 9
13 3 14 3
13 2 13 3
19 14 18 14
9 9 9 10
16 19 16 20
19 15 19 14
8 6 9 6
2 6 2 7
10 18 11 18
16 13 15 13
13 6 12 6
6 9 7 9
8 4 9 4
8 3 8 4
6 16 5 16
8 7 8 6
6 1 6 2
3 6 2 6
7 8 6 8
6 10 6 9
3 7 3 8
12 20 13 20
2 18 2 17
7 16 7 17
2 3 3 3
17 19 16 19
19 5 20 5
17 5 18 5
18 19 17 19
18 15 19 15
1 8 1 9
1 18 2 18
16 14 16 13
12 2 13 2
12 19 12 20
18 20 18 19
2 2 2 3
1 2 2 2
7 15 7 16
0 2 1 2
9 7 8 7
18 16 18 15
17 20 18 20
15 11 15 10
9 6 9 7
12 3 12 2
17 19 17 20
4 14 4 13
0 8 1 8
3 5 3 6
17 7 16 7
18 2 19 2
11 3 12 3
16 15 16 14
9 8 9 9
6 15 7 15
4 7 3 7
4 15 4 14
17 15 16 15
17 14 17 15
10 8 9 8
14 1 14 0
14 13 13 13
14 2 15 2
12 18 12 19
3 4 3 5
16 14 17 14
9 3 8 3
3 3 3 4
0 7 0 8
6 11 6 10
8 6 9 6
15 3 15 4
1 7 0 7
13 18 12 18
16 15 16 14
20 15 20 16
2 7 1 7
15 15 16 15
1 17 1 18
14 11 15 11
11 8 10 8
8 7 8 6
9 4 9 3
2 8 2 7
14 12 14 11
7 1 6 1
19 15 20 15
11 2 11 3
8 6 8 7
2 13 3 13
10 2 11 2
2 17 1 17
13 2 14 2
2 18 2 17
14 6 13 6
14 18 13 18
14 15 15 15
14 14 14 13
13 12 14 12
20 15 19 15
6 17 6 16
3 18 2 18
14 3 15 3
6 16 6 15
3 2 3 3
19 2 18 2
13 14 14 14
7 17 6 17
3 19 3 18
3 15 4 15
20 1 20 0
14 7 14 6
3 20 3 19
2 9 2 8
8 11 9 11
18 0 17 0
2 10 2 9
15 7 14 7
19 4 19 3
11 7 12 7
8 17 7 17
14 17 14 18
13 15 13 14
18 5 19 5
14 2 14 1
1 2 0 2
15 2 14 2
10 4 9 4
8 16 8 17
13 1 13 2
14 16 14 17
11 9 11 8
14 1 13 1
2 11 2 10
8 17 8 16
12 15 13 15
12 16 12 15
9 18 10 18
9 2 10 2
2 15 3 15
3 3 3 2
6 17 6 16
13 15 14 15
15 8 15 7
10 3 10 4
9 17 8 17
12 12 13 12
1 1 1 2
12 17 12 16
2 16 2 15
2 20 3 20
12 18 12 17
8 1 7 1
12 15 13 15
17 4 17 5
17 16 18 16
15 3 15 2
16 3 15 3
11 15 12 15
2 12 2 11
10 15 11 15
5 17 6 17
16 16 17 16
11 18 12 18
14 8 15 8
4 5 4 6
9 15 10 15
11 17 11 18
8 15 9 15
1 0 1 1
7 9 7 8
1 12 2 12
14 0 14 1
2 17 2 16
7 1 8 1
8 14 8 15
14 1 14 0
4 17 5 17
18 19 17 19
5 17 4 17
6 10 6 11
6 17 5 17
0 0 1 0
14 7 14 8
15 16 14 16
8 5 8 6
18 20 18 19
8 9 7 9
14 8 14 7
2 19 2 20
16 17 16 16
168
13 13 13 14
6 9 7 9
16 14 17 14
13 14 13 15
5 15 6 15
17 15 17 16
9 0 9 1
3 10 3 11
11 10 12 10
7 0 8 0
14 10 15 10
14 0 14 2
2 8 3 8
2 15 3 15
16 18 16 19
17 12 18 12
18 16 19 16
3 15 4 15
6 9 6 11
8 16 8 17
11 13 12 13
16 4 18 4
1 8 2 8
0 15 1 15
17 14 18 14
8 6 8 7
6 16 7 16
10 10 11 10
1 6 2 6
9 19 9 20
13 10 14 10
7 8 7 9
6 6 7 6
1 10 2 10
2 1 2 2
11 4 11 5
12 4 12 5
11 3 11 4
3 14 3 15
0 17 1 17
16 7 16 8
10 9 10 10
9 12 10 12
12 5 13 5
5 8 5 9
16 19 17 19
2 10 3 10
5 9 6 9
13 17 14 17
15 11 15 12
14 2 15 2
16 12 17 12
7 11 9 11
0 8 1 8
18 4 18 6
2 18 3 18
8 16 9 16
7 6 7 7
13 8 13 10
6 11 7 11
4 15 5 15
2 3 4 3
3 8 4 8
7 14 9 14
14 12 15 12
15 5 15 6
1 7 1 8
16 12 16 13
9 11 9 12
3 20 4 20
12 17 13 17
9 12 9 13
16 13 16 14
20 2 20 4
2 2 2 3
4 18 4 19
7 9 9 9
12 3 13 3
15 12 16 12
10 18 10 19
8 20 9 20
3 17 3 18
5 16 6 16
0 16 0 17
17 16 18 16
13 7 13 8
18 2 20 2
7 11 7 12
13 5 13 6
6 15 7 15
10 6 11 6
8 4 8 6
7 7 7 8
4 4 4 6
11 5 11 6
18 6 18 7
4 16 5 16
4 8 5 8
13 13 14 13
16 7 18 7
0 19 0 20
5 6 5 7
13 2 13 3
16 16 16 18
4 18 5 18
16 15 16 16
15 8 16 8
14 12 14 13
13 8 15 8
12 13 13 13
9 9 10 9
18 4 20 4
4 3 4 4
2 15 2 16
1 2 2 2
0 6 1 6
16 4 16 5
1 15 2 15
13 17 13 18
9 6 10 6
4 6 4 8
15 4 16 4
9 16 9 19
8 15 8 16
11 6 11 8
2 12 3 12
1 17 3 17
0 5 0 6
0 14 0 15
9 3 11 3
10 17 12 17
16 14 16 15
15 2 16 2
13 20 14 20
2 8 2 9
3 11 4 11
7 14 7 15
0 9 1 9
10 16 10 17
7 15 8 15
10 15 10 16
2 9 2 10
11 3 12 3
0 12 0 13
3 5 3 6
20 12 20 13
0 1 1 1
20 0 20 2
19 16 20 16
12 11 12 13
4 19 4 20
11 8 13 8
7 0 7 2
2 6 3 6
9 1 9 3
10 17 10 18
5 18 6 18
8 0 9 0
9 13 9 14
2 12 2 14
6 16 6 18
19 9 20 9
7 6 8 6
3 18 4 18
0 12 2 12
12 10 12 11
10 19 10 20
6 2 7 2
