317
2 31 3 31
33 28 33 27
26 18 26 19
28 25 29 25
5 20 6 20
1 7 2 7
8 7 8 8
21 33 21 34
12 28 12 27
4 23 3 23
14 2 13 2
29 1 29 0
12 32 12 33
17 3 17 2
27 12 26 12
19 25 20 25
28 13 27 13
10 15 10 14
27 10 27 9
0 16 0 17
30 23 30 22
4 27 5 27
20 33 20 34
4 19 3 19
2 9 3 9
1 27 1 26
25 3 24 3
10 11 9 11
0 17 1 17
24 6 23 6
24 5 24 6
8 4 8 5
15 19 15 20
29 18 30 18
24 15 24 14
8 8 8 9
34 27 34 28
27 20 27 21
12 1 12 2
32 0 33 0
25 10 25 11
8 9 7 9
1 18 2 18
16 12 16 13
28 22 27 22
9 5 9 4
10 20 9 20
21 4 21 5
28 26 28 25
10 0 10 1
26 33 27 33
3 25 3 24
25 5 24 5
24 3 24 2
23 4 23 5
23 18 23 17
19 28 19 29
32 11 32 10
26 23 27 23
9 12 9 13
30 24 30 25
18 32 18 33
27 33 27 32
31 22 31 23
22 20 22 21
30 32 30 31
10 16 10 17
10 27 10 28
19 15 19 14
32 17 33 17
27 21 28 21
24 1 25 1
11 34 12 34
7 1 6 1
17 26 16 26
27 19 27 20
1 8 0 8
24 4 23 4
30 27 30 28
16 13 15 13
33 1 33 2
34 32 34 31
12 2 12 3
22 3 21 3
15 6 15 7
17 32 16 32
19 32 19 33
17 21 17 22
34 6 34 7
16 3 16 2
14 1 14 2
23 17 22 17
9 11 9 12
3 21 2 21
21 8 22 8
16 26 15 26
24 5 24 4
34 5 33 5
2 8 1 8
32 33 32 34
2 1 2 2
16 22 15 22
20 26 21 26
23 33 24 33
23 28 24 28
4 24 5 24
9 16 10 16
11 33 11 34
11 16 12 16
18 17 19 17
4 13 4 12
8 27 8 26
25 26 24 26
8 28 7 28
15 1 14 1
33 33 32 33
10 14 11 14
2 29 3 29
21 26 21 25
24 18 23 18
15 20 14 20
20 30 21 30
25 19 25 18
17 30 16 30
12 17 11 17
33 0 34 0
34 18 33 18
24 26 23 26
27 0 28 0
20 13 19 13
16 16 15 16
26 11 27 11
10 31 10 30
28 0 27 0
28 25 27 25
32 7 32 6
26 24 26 25
30 1 30 0
28 8 28 9
4 34 4 33
0 25 0 24
2 7 2 8
22 15 22 16
7 15 6 15
29 9 30 9
21 18 21 19
0 14 0 15
15 25 16 25
7 21 7 20
30 26 31 26
25 9 24 9
11 17 11 16
9 12 8 12
21 19 21 20
10 32 10 31
6 8 6 7
6 11 7 11
23 3 22 3
1 26 2 26
32 30 31 30
32 33 31 33
4 33 3 33
15 33 15 34
10 21 10 20
6 13 6 12
4 12 3 12
7 34 7 33
3 33 3 32
10 16 10 15
15 22 15 21
25 21 26 21
24 4 24 3
25 25 25 26
30 16 29 16
29 27 28 27
23 5 22 5
32 29 32 30
27 23 28 23
34 0 34 1
2 4 2 5
12 31 13 31
19 33 20 33
2 22 1 22
25 22 25 21
25 1 25 0
29 33 29 32
2 34 1 34
23 7 24 7
25 11 26 11
5 16 5 15
19 34 19 33
6 18 6 17
3 0 3 1
24 3 23 3
18 3 18 2
17 25 17 24
24 31 23 31
26 8 26 7
34 31 34 30
6 21 5 21
24 7 24 8
17 11 16 11
14 1 14 0
11 9 12 9
1 16 0 16
2 18 2 17
10 33 11 33
20 29 20 28
6 34 5 34
9 9 10 9
6 10 5 10
19 4 18 4
1 34 1 33
31 19 31 18
32 15 32 14
4 21 4 22
30 8 29 8
30 33 29 33
15 16 16 16
13 15 13 14
1 17 1 18
10 34 10 33
16 2 15 2
4 28 4 27
27 17 27 18
29 10 29 9
18 21 19 21
4 14 5 14
33 13 33 12
19 3 18 3
16 16 15 16
21 27 21 28
3 31 4 31
7 33 7 34
34 28 33 28
31 26 31 27
20 0 21 0
33 34 33 33
29 25 29 26
15 2 15 1
26 7 25 7
15 30 14 30
26 21 27 21
23 9 22 9
0 34 1 34
12 16 12 15
18 33 17 33
34 30 33 30
2 17 2 16
32 28 31 28
5 29 4 29
8 29 9 29
20 3 20 4
23 12 22 12
15 14 15 15
34 10 34 9
2 30 2 31
5 22 6 22
25 16 24 16
21 28 22 28
20 4 20 5
6 29 5 29
16 15 17 15
20 7 21 7
1 33 1 32
4 9 5 9
21 13 21 14
32 14 32 13
29 7 28 7
0 8 0 7
9 17 9 18
13 25 14 25
11 28 11 29
1 34 0 34
10 17 10 16
31 30 30 30
21 25 21 26
16 8 16 9
2 24 1 24
7 18 8 18
6 17 6 18
5 6 5 5
7 28 7 27
5 5 4 5
26 16 25 16
14 19 14 18
30 22 30 21
23 15 23 16
12 24 12 25
30 7 29 7
13 14 14 14
3 17 4 17
12 9 11 9
33 27 34 27
29 26 29 25
22 12 23 12
17 33 17 34
27 3 27 4
4 6 3 6
5 26 6 26
3 19 3 20
16 25 16 24
1 24 2 24
21 7 21 8
34 7 33 7
16 33 17 33
33 32 32 32
7 27 6 27
29 17 29 18
9 29 8 29
14 3 13 3
23 6 23 7
30 21 29 21
7 20 7 19
3 24 3 25
31 21 32 21
11 13 11 12
183
1 12 3 12
27 20 27 21
6 6 6 7
10 15 12 15
20 6 20 10
20 18 23 18
4 31 6 31
27 11 27 13
27 21 27 22
6 7 6 9
15 34 17 34
14 34 15 34
6 1 6 5
20 33 22 33
30 9 30 10
18 15 18 20
1 18 6 18
20 25 24 25
8 3 8 5
24 2 24 6
6 18 8 18
0 7 6 7
33 8 34 8
20 17 20 18
33 33 34 33
15 13 15 15
23 16 23 18
11 33 12 33
12 3 13 3
12 33 17 33
9 18 9 20
32 10 32 13
22 26 23 26
28 9 28 10
1 22 3 22
3 2 3 6
0 24 2 24
8 5 13 5
7 31 8 31
3 22 3 23
5 0 5 4
1 18 1 22
6 27 11 27
7 9 10 9
23 1 23 2
20 18 20 20
34 27 34 33
32 6 33 6
34 22 34 27
24 25 26 25
8 33 8 34
5 19 5 21
23 19 26 19
17 27 17 31
4 16 6 16
23 3 23 4
6 27 6 30
33 28 33 30
8 15 10 15
6 5 8 5
8 18 9 18
3 12 6 12
15 15 15 16
34 8 34 9
6 31 6 33
29 33 31 33
26 19 26 25
30 25 33 25
32 13 32 19
10 3 12 3
0 23 0 24
10 33 11 33
15 13 19 13
27 22 29 22
23 2 24 2
28 33 29 33
2 24 5 24
17 34 20 34
18 3 18 4
2 23 3 23
26 19 30 19
10 1 15 1
6 30 6 31
30 28 31 28
6 5 6 6
20 15 25 15
19 18 19 21
2 23 2 24
24 28 24 29
15 21 19 21
15 15 17 15
1 31 1 32
13 3 18 3
6 12 8 12
34 1 34 8
22 6 22 7
2 2 2 5
4 27 4 29
6 15 8 15
22 26 22 28
24 6 24 8
19 18 20 18
1 12 1 18
15 1 22 1
1 32 3 32
34 9 34 12
20 27 20 28
29 22 34 22
15 7 15 13
10 12 10 15
0 33 6 33
5 24 5 27
15 16 15 21
33 8 33 12
10 9 10 12
17 31 17 33
33 5 33 6
32 27 34 27
2 2 3 2
22 7 22 8
27 13 32 13
24 29 24 33
1 29 3 29
17 27 20 27
7 9 7 11
3 9 3 12
6 15 6 16
24 33 28 33
3 20 3 22
17 33 19 33
12 27 17 27
2 16 4 16
22 1 23 1
20 33 20 34
20 23 20 25
6 7 9 7
3 27 3 29
30 25 30 28
12 25 12 27
18 4 23 4
34 12 34 22
6 9 6 12
2 0 5 0
3 29 3 32
0 4 0 7
29 21 29 22
9 7 15 7
0 1 0 4
12 15 12 21
5 27 6 27
22 7 23 7
20 10 20 15
5 21 12 21
27 22 27 25
23 1 26 1
31 28 33 28
24 28 30 28
18 15 20 15
2 0 2 2
27 13 27 15
24 9 27 9
24 8 29 8
6 1 10 1
25 15 27 15
6 33 8 33
3 27 4 27
20 25 20 27
23 4 23 7
32 6 32 10
30 10 32 10
30 19 32 19
24 8 24 9
24 25 24 28
12 21 12 25
22 8 22 9
13 34 14 34
22 19 23 19
17 24 17 27
20 6 22 6
26 1 34 1
21 2 23 2
27 9 28 9
22 3 23 3
