113
17 2 16 2
23 27 24 27
9 19 8 19
25 18 25 17
8 30 8 29
1 5 1 4
5 6 5 5
30 14 29 14
13 20 13 21
12 29 13 29
11 12 12 12
5 2 5 3
5 3 4 3
21 15 21 16
12 20 13 20
3 2 4 2
12 19 11 19
22 11 22 10
5 4 5 3
4 16 4 17
11 17 10 17
9 14 9 13
9 10 8 10
18 25 19 25
17 19 17 20
4 19 4 20
0 5 1 5
23 7 22 7
14 27 14 28
0 24 1 24
1 4 2 4
23 28 23 29
23 11 23 10
9 15 8 15
29 29 28 29
6 20 5 20
28 3 28 2
19 19 19 18
3 7 4 7
28 30 29 30
15 28 15 27
24 11 23 11
29 30 29 29
28 21 27 21
26 18 25 18
8 4 8 5
29 3 28 3
9 13 9 12
19 10 19 9
22 29 22 30
17 26 17 25
25 17 25 16
0 26 1 26
2 17 2 16
2 20 1 20
18 16 17 16
17 25 16 25
8 0 7 0
22 18 21 18
28 15 28 16
11 22 11 21
22 4 22 5
29 13 29 12
21 25 21 26
29 18 29 19
26 11 27 11
25 16 26 16
4 13 4 12
5 0 4 0
7 14 6 14
25 5 24 5
12 5 12 6
10 13 9 13
6 18 7 18
29 12 28 12
17 29 17 28
2 3 1 3
15 4 15 5
8 24 8 25
29 29 29 28
12 17 11 17
15 11 16 11
13 27 14 27
17 17 18 17
5 28 5 29
13 5 12 5
29 19 29 18
24 20 23 20
9 13 9 14
10 26 11 26
9 0 10 0
23 8 23 7
10 14 10 13
2 4 2 3
18 3 19 3
21 26 20 26
4 0 4 1
28 14 28 15
23 14 22 14
3 1 3 2
15 5 15 6
29 14 28 14
23 7 23 6
26 20 25 20
25 10 25 9
8 22 7 22
26 9 26 8
5 10 4 10
3 2 3 1
9 27 9 26
5 20 5 19
16 2 16 3
11 25 11 24
186
5 27 5 29
12 6 12 9
25 18 25 20
28 16 29 16
12 9 12 12
4 4 16 4
1 22 1 24
12 18 19 18
16 20 17 20
1 24 1 26
19 9 23 9
27 1 28 1
9 26 11 26
23 20 25 20
1 20 4 20
13 21 14 21
14 1 15 1
12 21 13 21
19 6 23 6
0 2 1 2
16 20 16 21
1 14 6 14
11 30 13 30
7 10 7 11
8 21 8 25
14 21 16 21
16 5 20 5
19 6 19 9
4 4 4 5
29 2 29 10
15 22 15 27
12 12 12 13
18 20 18 21
29 10 29 11
4 3 4 4
11 17 11 19
7 29 8 29
17 11 17 13
11 21 12 21
4 10 6 10
5 5 8 5
1 26 9 26
3 17 4 17
14 28 17 28
7 0 7 1
28 2 29 2
7 2 8 2
7 0 10 0
1 15 1 16
7 10 8 10
5 29 7 29
3 17 3 19
1 20 1 22
2 12 2 13
25 20 25 25
19 25 19 27
3 1 3 3
27 11 28 11
1 24 6 24
20 5 22 5
16 21 16 25
27 20 27 21
24 28 24 29
26 16 26 19
12 13 17 13
17 15 23 15
28 6 28 7
2 2 2 3
4 7 4 9
4 2 7 2
11 14 11 17
1 2 2 2
11 24 11 26
14 21 14 27
6 13 6 14
14 27 15 27
12 13 12 15
19 25 25 25
8 29 13 29
26 8 26 12
25 9 25 14
4 10 4 12
29 11 30 11
23 9 25 9
17 15 17 16
25 14 28 14
27 23 27 26
3 19 5 19
9 14 11 14
29 20 29 28
23 18 23 20
6 14 9 14
12 9 19 9
30 11 30 17
3 3 4 3
1 16 1 17
26 12 28 12
9 21 9 22
12 5 12 6
27 1 27 6
24 12 24 15
13 29 15 29
28 15 28 16
29 11 29 16
27 21 27 23
19 18 20 18
23 16 26 16
3 0 3 1
24 29 25 29
8 21 9 21
13 29 13 30
15 15 17 15
28 3 28 6
4 9 4 10
18 17 21 17
23 3 23 6
25 6 27 6
28 12 28 14
4 12 9 12
11 21 11 24
8 5 8 8
26 16 28 16
10 0 10 2
20 28 24 28
21 18 23 18
10 2 11 2
28 1 28 2
2 9 4 9
4 5 5 5
28 7 28 11
20 1 27 1
16 3 16 4
30 17 30 22
22 3 23 3
7 7 7 10
13 21 13 29
3 15 3 17
1 5 4 5
22 27 24 27
23 10 24 10
25 20 27 20
25 4 25 6
18 21 18 24
15 1 15 2
9 12 12 12
16 4 16 5
24 8 26 8
21 16 21 17
24 28 26 28
24 27 24 28
2 13 6 13
17 28 20 28
6 15 6 24
12 15 12 18
17 21 17 28
1 8 1 14
27 6 27 8
20 1 20 5
23 15 23 16
24 10 24 12
26 19 27 19
21 17 21 18
22 30 25 30
1 14 1 15
9 11 9 12
1 5 1 8
9 14 9 21
7 25 8 25
8 8 8 10
1 17 3 17
4 1 4 2
26 28 29 28
28 11 28 12
29 16 29 18
12 18 12 21
23 15 24 15
22 10 23 10
26 23 27 23
20 18 21 18
3 0 7 0
29 2 30 2
17 21 18 21
12 6 15 6
29 18 29 20
5 18 5 19
30 22 30 24
