52
31 1 30 1
25 3 25 2
24 30 24 29
29 0 29 1
14 14 13 14
23 35 23 36
32 24 33 24
20 27 20 28
34 33 34 32
7 2 8 2
28 8 29 8
4 23 5 23
6 24 5 24
20 1 20 0
8 13 9 13
27 12 26 12
6 3 7 3
33 25 32 25
10 28 10 29
34 11 34 12
3 15 4 15
25 16 25 17
19 1 20 1
25 11 24 11
8 22 8 21
34 25 34 26
22 26 23 26
6 5 5 5
7 1 7 0
6 25 5 25
7 25 7 26
24 24 24 25
26 6 27 6
23 27 22 27
23 30 24 30
7 8 8 8
22 14 22 13
24 25 23 25
20 8 19 8
35 23 35 24
5 31 4 31
3 8 4 8
7 3 7 2
29 1 29 2
10 30 10 31
35 24 36 24
24 9 25 9
24 29 23 29
28 30 28 29
31 19 30 19
13 1 13 0
27 10 27 9
148
3 35 4 35
33 22 33 24
28 29 31 29
5 35 8 35
21 3 21 13
20 2 20 13
33 24 33 26
25 2 29 2
8 21 9 21
17 25 23 25
18 35 25 35
12 19 12 25
20 1 20 2
23 29 25 29
24 6 27 6
4 36 11 36
2 2 7 2
0 19 0 20
9 0 10 0
1 29 1 30
33 26 34 26
9 29 10 29
30 1 30 12
11 32 11 36
26 12 26 16
23 29 23 33
26 26 33 26
7 0 7 2
4 35 4 36
36 4 36 7
12 19 13 19
20 1 30 1
10 0 13 0
10 29 23 29
29 5 29 8
13 11 13 14
14 17 14 24
12 25 17 25
6 8 6 11
13 14 13 19
36 14 36 15
23 26 26 26
7 2 7 26
4 31 4 35
26 36 29 36
13 19 13 23
1 29 2 29
29 2 29 5
4 35 5 35
2 19 2 29
21 13 22 13
4 31 7 31
19 13 20 13
24 6 24 11
27 5 29 5
25 29 28 29
23 26 23 29
6 21 6 26
9 0 9 7
30 0 30 1
1 13 1 19
29 36 32 36
33 19 33 22
30 12 30 19
10 29 10 31
23 20 23 25
27 32 34 32
2 2 2 19
7 31 10 31
6 11 6 21
26 12 30 12
16 13 19 13
6 26 7 26
19 0 20 0
23 25 23 26
20 13 21 13
0 19 1 19
8 14 8 16
3 9 4 9
36 15 36 24
1 19 2 19
36 7 36 14
3 6 3 9
25 9 27 9
27 8 27 9
27 9 29 9
10 13 10 21
25 35 25 36
20 2 25 2
34 26 34 32
32 2 32 3
4 15 4 31
8 3 8 8
27 5 27 6
32 3 32 7
8 28 15 28
32 7 35 7
2 29 2 32
25 36 26 36
27 17 27 21
15 20 23 20
14 5 19 5
4 9 4 15
25 9 25 13
5 28 8 28
2 32 2 35
11 5 14 5
10 12 10 13
32 7 32 8
8 8 8 14
6 4 6 8
17 24 17 25
33 24 36 24
14 17 16 17
19 5 19 6
5 24 5 25
6 26 6 27
30 19 33 19
30 12 34 12
8 16 8 21
20 0 25 0
5 15 5 23
14 13 14 17
9 21 10 21
16 17 25 17
25 17 27 17
25 29 25 35
7 0 9 0
14 1 14 5
19 0 19 5
11 13 11 17
9 7 9 13
2 35 3 35
11 5 11 13
5 5 5 15
15 28 20 28
32 3 36 3
19 6 19 8
14 5 14 13
16 8 19 8
8 21 8 28
8 2 8 3
10 2 10 12
5 23 5 24
25 0 27 0
10 13 11 13
25 13 25 17
5 25 5 28
