132
15 13 15 14
15 12 15 13
0 12 1 12
16 15 15 15
6 6 5 6
14 12 15 12
0 13 0 12
17 15 16 15
2 9 3 9
13 12 14 12
5 13 5 12
2 0 3 0
8 4 9 4
6 14 5 14
15 0 15 1
5 14 5 13
13 1 13 0
7 14 6 14
12 13 11 13
2 1 2 0
12 9 13 9
6 7 5 7
0 14 0 13
13 2 13 1
7 15 7 14
16 0 15 0
3 12 4 12
3 13 3 12
5 0 4 0
12 8 12 9
2 13 3 13
13 11 13 12
12 12 12 13
14 11 13 11
11 12 12 12
8 15 7 15
11 4 10 4
14 10 14 11
8 16 8 15
11 11 11 12
3 6 3 5
0 15 0 14
13 10 14 10
14 2 13 2
9 16 8 16
16 10 16 11
6 8 6 7
10 0 11 0
1 13 2 13
1 1 1 0
1 9 2 9
1 15 0 15
9 17 9 16
15 10 16 10
2 2 2 1
5 1 5 0
17 0 16 0
10 11 11 11
12 7 12 8
3 7 3 6
2 15 1 15
11 3 11 4
17 1 17 0
5 15 5 14
15 9 15 10
4 15 5 15
6 5 6 6
6 9 6 8
16 9 15 9
16 8 16 9
3 15 4 15
17 2 17 1
12 6 12 7
7 4 8 4
17 3 17 2
7 5 7 4
12 5 12 6
17 16 17 15
6 10 6 9
1 2 1 1
10 17 9 17
10 12 10 11
17 4 17 3
11 12 10 12
2 14 2 15
3 2 2 2
14 1 14 2
2 15 3 15
1 3 1 2
4 2 3 2
13 11 13 10
12 2 11 2
0 9 1 9
16 4 17 4
1 14 2 14
13 5 12 5
5 2 4 2
4 1 5 1
1 15 1 14
10 1 10 0
6 11 6 10
4 7 3 7
7 11 6 11
15 4 16 4
9 1 10 1
2 3 1 3
12 11 13 11
2 4 2 3
1 16 1 15
8 11 7 11
16 7 16 8
2 16 1 16
1 15 2 15
4 8 4 7
3 16 2 16
16 16 17 16
11 5 10 5
13 2 12 2
10 16 10 17
14 4 15 4
4 16 3 16
4 15 4 16
4 9 4 8
3 9 4 9
11 11 11 12
11 16 10 16
9 0 9 1
12 16 11 16
0 13 1 13
3 8 3 9
1 4 2 4
14 3 14 4
168
5 15 6 15
7 1 7 2
0 7 0 8
9 15 9 16
8 0 10 0
8 8 8 9
7 8 8 8
13 8 13 9
15 9 16 9
13 17 14 17
6 3 6 4
9 11 10 11
3 15 5 15
1 16 2 16
1 8 1 9
15 15 16 15
5 3 6 3
16 10 16 11
3 6 4 6
6 4 7 4
16 0 17 0
2 10 3 10
14 13 14 14
14 15 15 15
9 16 9 17
0 5 0 6
9 16 10 16
8 0 8 1
1 3 2 3
13 3 13 4
9 1 10 1
5 13 5 14
13 13 13 14
2 16 3 16
11 2 12 2
17 14 17 15
9 14 9 15
12 8 13 8
8 3 8 4
3 1 5 1
15 8 15 9
7 12 7 13
11 4 11 6
6 15 6 16
16 15 16 17
0 0 0 1
15 7 17 7
11 16 13 16
15 0 15 1
13 15 14 15
5 1 5 3
10 6 11 6
9 12 9 13
2 12 3 12
4 9 5 9
1 6 1 7
6 2 7 2
14 10 15 10
13 16 13 17
1 11 2 11
14 14 14 15
5 10 6 10
1 12 2 12
12 15 13 15
5 7 5 8
14 12 14 13
6 2 6 3
8 8 9 8
13 15 13 16
1 1 1 2
13 4 13 6
4 7 5 7
11 2 11 4
3 10 4 10
0 14 1 14
15 6 15 7
8 17 9 17
2 15 3 15
1 9 2 9
11 4 12 4
10 7 10 8
14 8 15 8
0 1 1 1
8 7 9 7
2 12 2 13
16 9 17 9
13 3 15 3
5 9 5 10
13 8 14 8
16 1 16 2
2 13 2 14
6 7 7 7
13 1 15 1
5 12 5 13
13 11 14 11
12 14 12 15
16 8 17 8
3 0 3 1
13 0 14 0
16 2 17 2
17 15 17 16
9 3 10 3
14 6 15 6
8 5 9 5
14 11 15 11
2 9 2 10
10 13 11 13
10 11 13 11
10 13 10 14
15 11 16 11
6 7 6 8
9 5 9 6
3 5 3 6
2 14 2 15
10 12 10 13
8 12 9 12
12 6 13 6
11 13 12 13
1 2 1 3
7 1 8 1
3 4 4 4
8 4 8 5
9 6 9 7
0 11 0 12
12 1 13 1
3 3 3 4
9 1 9 2
9 2 9 3
5 5 8 5
17 2 17 3
8 10 8 12
16 9 16 10
4 6 4 7
3 2 3 3
0 5 1 5
0 11 1 11
7 7 8 7
13 1 13 3
2 10 2 11
0 8 0 10
15 1 16 1
11 17 12 17
13 6 13 7
17 16 17 17
4 4 4 5
7 14 7 15
5 8 5 9
15 5 15 6
2 3 3 3
9 12 10 12
3 2 4 2
8 3 9 3
1 3 1 5
14 9 14 10
14 11 14 12
0 12 0 14
10 3 10 4
12 13 13 13
1 7 1 8
15 7 15 8
4 5 5 5
1 6 2 6
10 16 11 16
9 7 10 7
1 14 1 16
10 1 12 1
1 5 1 6
3 16 3 17
