210
0 42 1 42
23 27 22 27
16 11 15 11
9 27 9 26
21 21 21 20
40 33 41 33
31 9 30 9
38 24 39 24
16 10 16 11
8 39 7 39
9 22 10 22
29 1 30 1
15 31 14 31
27 30 27 31
39 41 39 40
30 22 29 22
22 40 22 41
22 16 22 17
40 30 41 30
27 40 27 39
31 5 31 4
22 37 22 38
18 17 18 16
31 39 30 39
16 23 16 24
12 12 11 12
28 38 28 39
35 38 35 37
9 10 9 11
17 23 18 23
42 14 42 15
41 17 40 17
22 2 22 3
35 39 35 38
42 20 41 20
38 10 37 10
40 24 40 23
39 40 40 40
41 37 40 37
19 23 19 22
22 11 22 10
29 10 29 9
40 17 39 17
32 31 31 31
30 23 30 22
3 35 3 36
9 26 10 26
33 31 33 32
9 11 8 11
17 33 17 34
19 24 18 24
38 37 38 38
8 30 9 30
18 18 19 18
16 18 15 18
31 4 31 3
36 32 36 31
27 39 27 38
29 2 29 1
16 11 17 11
12 19 11 19
2 12 3 12
39 24 39 23
8 37 8 38
40 40 40 39
18 31 17 31
10 14 11 14
5 8 6 8
1 39 2 39
41 4 40 4
9 28 9 27
18 33 18 34
11 13 10 13
22 22 21 22
41 10 42 10
22 20 22 19
42 15 42 16
40 18 40 17
2 39 3 39
5 27 5 28
9 32 10 32
16 4 16 3
21 34 21 33
41 41 40 41
20 18 20 17
18 16 17 16
19 22 20 22
16 5 15 5
21 41 21 42
9 31 10 31
16 38 15 38
14 34 15 34
1 42 1 41
8 35 9 35
6 37 7 37
22 3 21 3
13 26 14 26
23 32 23 31
30 22 31 22
42 37 41 37
33 21 33 22
8 11 7 11
10 24 10 25
24 33 24 32
32 20 31 20
15 16 14 16
40 8 39 8
5 39 5 38
13 18 13 19
11 12 11 11
5 33 4 33
42 31 41 31
21 8 21 7
42 10 42 11
7 27 7 28
35 38 34 38
42 42 42 41
21 20 22 20
40 0 40 1
10 32 9 32
39 18 38 18
10 12 10 11
16 31 16 32
27 41 27 42
9 35 9 34
18 4 18 5
24 13 25 13
1 13 1 12
2 31 3 31
41 16 41 17
32 41 32 40
23 16 24 16
38 1 39 1
12 37 12 38
21 7 21 6
40 17 40 16
11 16 10 16
2 18 1 18
40 34 40 33
23 31 23 30
11 36 10 36
22 38 21 38
33 23 33 24
30 1 31 1
41 29 40 29
2 37 1 37
10 17 10 18
12 26 12 25
24 16 25 16
4 35 3 35
28 22 27 22
1 29 0 29
30 13 29 13
4 6 5 6
1 16 0 16
25 17 26 17
14 19 14 20
37 10 37 11
5 40 6 40
5 38 6 38
2 7 2 6
22 17 23 17
24 14 23 14
11 14 11 15
6 22 6 21
34 40 35 40
41 17 40 17
30 39 30 40
21 36 21 35
10 16 10 17
11 39 12 39
7 42 6 42
34 20 34 21
20 17 20 16
26 6 25 6
1 12 1 13
9 32 10 32
1 15 0 15
1 37 1 38
16 32 17 32
25 6 25 5
16 2 17 2
22 36 23 36
26 29 26 30
36 7 36 6
16 24 17 24
31 18 31 17
12 25 13 25
16 19 16 18
22 35 22 34
1 33 0 33
7 28 8 28
33 33 33 34
14 22 15 22
4 20 3 20
29 13 30 13
6 21 6 22
35 35 34 35
27 13 28 13
41 30 41 29
6 0 6 1
21 35 20 35
39 14 39 13
27 5 28 5
24 37 24 36
5 21 4 21
3 39 3 38
33 30 34 30
23 37 24 37
21 38 20 38
188
34 38 38 38
7 26 10 26
15 38 15 41
25 11 25 13
5 6 16 6
2 13 10 13
24 32 24 36
18 23 22 23
5 41 7 41
20 16 20 22
4 33 4 36
17 11 19 11
2 2 2 6
6 27 9 27
27 38 30 38
14 3 16 3
26 20 27 20
11 11 15 11
39 17 40 17
10 38 10 40
25 15 25 16
5 6 5 12
40 1 40 4
3 26 6 26
10 31 10 32
7 9 28 9
25 11 37 11
29 1 31 1
16 6 17 6
8 28 8 38
40 16 42 16
25 13 25 15
31 17 39 17
10 25 10 26
39 23 39 26
3 26 3 28
10 18 10 22
39 1 39 8
7 39 7 41
9 27 9 30
13 19 13 23
9 34 15 34
10 13 10 17
17 6 21 6
25 13 28 13
42 16 42 34
17 16 17 20
27 20 27 22
13 25 22 25
17 11 17 16
14 26 14 31
1 13 2 13
28 12 28 13
14 23 18 23
33 38 34 38
20 38 23 38
28 9 29 9
2 6 2 13
3 36 4 36
20 41 22 41
6 26 7 26
29 9 30 9
3 28 5 28
37 11 39 11
16 16 17 16
30 13 33 13
31 22 33 22
10 26 14 26
10 28 10 30
30 38 33 38
20 22 21 22
17 32 24 32
19 31 27 31
2 6 5 6
39 1 40 1
16 3 16 6
11 11 11 15
28 5 28 9
27 29 27 31
10 22 10 25
22 20 22 23
5 0 5 6
31 1 31 3
39 13 39 17
23 36 23 38
31 31 36 31
31 3 32 3
31 22 31 31
22 41 40 41
37 9 37 11
35 8 39 8
27 20 31 20
27 22 29 22
23 20 26 20
34 35 34 38
23 36 24 36
33 13 34 13
8 38 10 38
9 33 19 33
6 34 6 38
29 21 32 21
7 41 15 41
27 29 29 29
40 41 42 41
21 3 31 3
36 39 40 39
7 9 7 11
10 11 11 11
28 39 32 39
14 31 17 31
42 11 42 16
39 8 39 11
39 11 42 11
16 0 20 0
6 38 6 40
1 38 1 41
33 12 33 13
5 0 9 0
40 39 40 41
25 34 30 34
6 38 8 38
39 23 40 23
5 28 8 28
15 11 15 17
30 33 30 34
15 41 20 41
16 3 21 3
10 32 17 32
22 25 22 27
18 23 18 24
17 31 19 31
33 34 34 34
15 34 15 38
40 29 40 33
39 17 39 23
10 17 10 18
25 5 28 5
23 25 23 30
23 17 23 20
30 33 40 33
19 33 21 33
11 15 11 19
9 30 9 33
36 29 40 29
16 0 16 3
1 38 3 38
30 4 30 9
40 23 40 29
18 5 25 5
23 38 27 38
23 30 26 30
25 15 33 15
9 30 10 30
40 37 40 39
32 3 34 3
22 20 23 20
31 17 31 20
19 11 25 11
15 17 15 18
23 20 23 25
11 38 12 38
18 38 20 38
1 31 1 38
1 41 5 41
40 33 40 37
7 11 10 11
17 31 17 32
12 38 15 38
30 4 37 4
20 16 25 16
30 34 33 34
20 35 20 38
1 13 1 17
32 21 34 21
27 31 31 31
29 21 29 22
18 14 18 23
32 39 36 39
31 1 39 1
13 23 14 23
28 35 34 35
11 19 13 19
33 13 33 14
34 13 39 13
3 36 3 38
10 25 13 25
1 26 1 31
9 33 9 34
