114
25 5 24 5
1 24 0 24
19 9 19 10
21 7 21 8
18 8 17 8
5 16 5 15
12 18 12 19
9 8 9 9
1 16 0 16
14 21 15 21
3 22 3 21
17 6 18 6
24 26 24 27
24 0 24 1
8 10 9 10
26 12 26 13
11 21 12 21
27 1 26 1
15 21 15 20
13 3 13 4
4 11 4 12
25 4 25 5
13 15 13 14
6 7 7 7
26 5 26 4
23 0 24 0
5 6 6 6
10 14 10 13
7 6 8 6
27 2 27 1
9 23 10 23
26 1 25 1
13 4 12 4
12 25 12 24
9 22 10 22
10 8 9 8
18 9 18 8
12 13 12 14
24 9 24 8
17 1 16 1
10 15 9 15
2 25 3 25
15 4 14 4
20 22 21 22
6 6 7 6
18 1 19 1
12 9 13 9
18 3 17 3
27 1 26 1
21 8 20 8
15 24 15 25
6 23 5 23
13 9 13 10
15 20 16 20
14 22 14 23
2 0 1 0
25 27 25 26
20 7 21 7
5 15 6 15
9 3 9 2
18 0 18 1
5 25 5 26
25 26 24 26
5 18 4 18
27 16 26 16
15 7 15 6
22 18 23 18
18 1 17 1
10 17 11 17
3 0 3 1
24 5 24 4
11 16 12 16
10 27 10 26
10 24 11 24
16 12 16 13
16 11 16 12
18 24 18 23
1 9 2 9
13 10 12 10
5 4 5 5
2 8 2 7
22 14 22 13
17 13 17 12
4 18 4 19
6 10 6 11
20 14 20 13
6 15 7 15
14 6 14 5
14 24 15 24
25 12 25 13
13 23 13 24
0 25 0 26
11 24 11 25
27 12 26 12
10 13 9 13
16 16 16 17
3 4 4 4
15 22 14 22
23 18 24 18
13 22 13 21
17 7 17 6
7 18 7 19
24 10 24 9
20 24 19 24
26 25 27 25
17 15 17 16
14 18 13 18
17 16 16 16
16 16 16 15
3 25 4 25
9 24 9 25
24 18 24 17
14 11 15 11
5 21 5 20
186
21 18 21 20
3 9 3 11
13 24 15 24
7 6 7 7
2 3 2 4
9 18 13 18
10 10 11 10
11 25 13 25
15 18 15 24
2 7 2 9
17 10 17 11
18 19 18 21
12 12 12 14
13 6 15 6
25 13 25 19
5 13 5 17
5 11 6 11
11 15 11 17
13 14 13 18
24 23 24 25
21 22 22 22
12 1 13 1
5 19 6 19
12 21 12 22
24 4 24 8
2 9 3 9
27 0 27 4
4 24 4 25
20 6 20 8
7 3 11 3
1 7 2 7
11 3 15 3
7 0 7 3
25 13 26 13
9 7 9 8
24 9 26 9
4 19 4 20
2 24 2 26
6 20 9 20
24 4 26 4
21 22 21 23
27 13 27 17
23 19 25 19
7 3 7 6
7 15 9 15
20 8 23 8
24 0 24 1
21 21 21 22
3 1 3 9
1 7 1 14
9 20 9 25
11 15 12 15
7 13 8 13
16 12 16 13
15 24 19 24
23 24 23 25
12 26 23 26
2 26 3 26
15 3 17 3
24 1 24 4
18 17 19 17
17 17 18 17
9 15 9 18
10 7 12 7
13 14 14 14
17 1 17 3
7 7 7 9
13 13 16 13
12 26 12 27
9 18 9 20
26 6 26 9
21 12 21 13
7 7 9 7
17 9 21 9
23 20 23 21
22 16 22 17
11 9 17 9
19 18 21 18
16 13 18 13
9 10 9 12
26 4 27 4
19 17 19 18
12 22 14 22
17 10 19 10
9 13 9 15
15 3 15 6
22 9 24 9
9 10 10 10
14 14 15 14
22 19 23 19
6 11 6 16
18 21 18 22
16 13 16 15
7 13 7 15
22 17 22 19
21 25 23 25
23 26 24 26
18 6 18 7
5 22 5 23
1 19 4 19
19 24 23 24
11 10 11 15
22 15 22 16
1 22 1 26
16 17 16 20
16 17 17 17
1 17 1 19
18 16 18 17
19 14 19 16
18 7 19 7
11 26 12 26
12 4 12 7
21 13 21 15
19 1 24 1
27 4 27 6
14 14 14 22
21 13 22 13
5 20 5 22
5 17 5 19
15 11 17 11
23 2 23 3
15 14 15 18
21 20 21 21
2 24 4 24
12 14 13 14
21 15 21 16
21 16 21 18
19 10 19 13
16 22 18 22
7 9 7 13
21 9 21 12
26 13 27 13
1 26 1 27
22 4 24 4
27 25 27 27
12 4 14 4
18 22 21 22
23 19 23 20
18 2 23 2
11 25 11 26
1 22 5 22
6 16 6 17
5 5 6 5
6 1 6 2
25 0 25 1
27 17 27 20
1 27 4 27
21 9 22 9
12 7 18 7
26 3 26 4
11 9 11 10
9 9 9 10
8 27 12 27
12 24 13 24
24 25 27 25
1 0 4 0
18 12 18 13
18 2 18 6
17 1 19 1
0 21 1 21
3 9 7 9
23 8 24 8
6 20 6 22
2 4 2 7
6 19 7 19
24 25 24 26
4 25 9 25
18 13 18 14
12 10 17 10
16 15 16 17
12 10 12 12
27 6 27 13
10 7 10 10
25 1 26 1
1 0 1 1
19 13 19 14
4 27 8 27
0 16 0 21
22 22 27 22
1 21 1 22
5 19 5 20
1 14 1 17
26 26 26 27
25 1 25 2
21 23 24 23
3 11 5 11
