319
19 1 19 0
13 11 12 11
30 27 29 27
21 21 20 21
22 19 22 20
19 29 20 29
5 15 5 14
18 11 18 12
22 14 21 14
13 13 12 13
21 10 22 10
24 4 25 4
30 10 29 10
27 10 28 10
26 16 26 15
5 3 6 3
8 0 9 0
23 16 23 17
3 17 3 16
30 28 30 29
30 13 31 13
19 30 19 29
28 9 27 9
16 12 15 12
26 10 27 10
29 6 29 5
1 22 0 22
5 21 6 21
9 1 8 1
3 3 3 4
2 29 3 29
11 29 11 28
16 6 15 6
19 22 18 22
18 10 18 11
3 22 3 21
24 6 25 6
10 10 10 9
6 13 5 13
8 19 9 19
30 29 31 29
2 5 1 5
20 27 19 27
23 14 22 14
8 12 8 13
13 3 14 3
22 7 22 8
15 9 16 9
8 25 9 25
9 30 9 31
2 27 3 27
23 17 22 17
4 29 4 30
28 11 28 12
8 18 7 18
22 13 21 13
1 17 0 17
24 20 25 20
20 5 19 5
18 9 18 10
30 9 30 10
13 12 13 11
29 13 30 13
9 9 9 10
31 22 31 23
14 14 14 13
31 23 30 23
0 16 1 16
20 30 19 30
8 1 8 0
22 16 23 16
27 15 27 14
13 9 12 9
31 16 31 17
9 29 9 30
24 14 23 14
5 18 5 17
9 17 9 18
22 11 21 11
15 6 14 6
28 8 27 8
23 30 23 29
14 7 13 7
23 11 23 10
9 13 10 13
30 6 29 6
2 2 3 2
9 21 10 21
1 13 2 13
0 29 1 29
1 14 1 13
20 21 20 22
12 11 11 11
25 7 26 7
4 3 4 4
6 22 5 22
31 28 30 28
2 3 2 2
29 31 29 30
30 31 30 30
10 11 10 10
4 8 5 8
30 21 29 21
28 16 29 16
24 15 24 16
29 12 29 13
6 24 5 24
30 7 30 6
24 1 23 1
5 14 6 14
26 23 26 22
16 5 16 6
9 19 9 20
30 12 29 12
18 11 17 11
8 6 7 6
9 22 9 21
25 26 25 25
17 9 17 10
4 2 5 2
19 6 20 6
31 17 30 17
21 30 20 30
6 3 7 3
31 27 31 28
27 5 27 4
0 14 1 14
11 19 10 19
6 12 5 12
19 11 19 12
1 4 1 3
25 23 26 23
22 10 22 11
3 2 3 1
12 10 12 11
6 30 6 29
27 27 28 27
20 26 21 26
21 31 22 31
13 25 13 26
20 25 21 25
29 8 28 8
6 11 6 12
17 26 18 26
8 9 7 9
12 25 13 25
21 11 21 10
22 28 22 29
14 9 15 9
12 9 12 10
10 9 9 9
4 9 4 10
1 13 0 13
29 7 30 7
4 19 4 18
1 1 1 2
12 24 12 23
30 30 30 29
16 10 15 10
1 25 0 25
26 29 27 29
14 6 14 7
1 16 1 17
13 22 14 22
1 26 1 25
5 17 4 17
4 10 5 10
27 24 28 24
23 1 22 1
21 17 21 16
27 11 28 11
4 1 4 2
24 30 24 31
15 17 15 18
13 1 13 2
30 11 30 12
20 0 20 1
17 11 16 11
24 13 24 14
26 3 26 4
18 28 18 27
3 27 4 27
2 20 2 19
11 20 11 19
4 27 5 27
29 30 28 30
1 25 1 24
26 9 26 10
21 6 21 7
2 26 1 26
23 10 24 10
16 31 16 30
11 26 11 25
29 11 30 11
16 13 17 13
20 17 20 18
21 29 21 30
28 10 28 9
17 25 17 24
4 6 5 6
22 2 22 3
29 28 29 29
3 18 3 17
18 8 18 7
18 22 18 21
24 28 24 29
7 10 6 10
4 2 4 3
26 20 27 20
19 18 18 18
19 27 19 28
22 8 23 8
20 11 19 11
30 17 30 18
26 24 27 24
21 8 20 8
28 12 28 13
3 16 4 16
7 18 6 18
31 21 31 22
11 6 11 5
28 30 28 29
28 31 29 31
6 12 7 12
30 23 30 24
26 4 26 5
28 15 28 14
29 16 29 15
26 5 27 5
13 6 13 5
14 24 14 25
8 13 8 14
0 20 1 20
0 25 0 24
25 0 25 1
5 2 4 2
12 10 13 10
9 30 8 30
5 13 4 13
16 9 16 10
21 28 21 29
8 20 7 20
30 28 30 27
28 29 28 28
30 29 30 28
3 1 4 1
3 28 4 28
30 20 30 19
18 30 18 31
29 29 29 30
5 27 5 26
21 18 21 19
12 6 13 6
26 15 27 15
1 15 1 16
2 23 2 24
17 30 17 31
14 3 14 4
7 14 7 15
13 8 13 9
20 23 19 23
7 1 8 1
18 26 18 25
0 7 1 7
9 26 8 26
7 22 6 22
1 30 1 31
21 26 21 27
19 0 20 0
28 11 28 10
10 5 10 4
15 22 15 23
23 31 23 30
3 23 2 23
31 12 31 11
25 18 25 19
20 20 21 20
21 27 20 27
11 25 10 25
9 20 10 20
16 14 16 13
9 16 9 15
16 26 17 26
8 5 8 6
19 30 19 31
12 19 12 18
16 23 16 24
22 1 23 1
2 1 1 1
11 19 11 20
28 10 28 11
24 29 24 30
11 23 10 23
16 18 16 19
1 23 1 22
6 22 7 22
0 22 0 23
0 12 1 12
29 30 28 30
20 27 21 27
29 31 30 31
22 9 22 10
22 14 22 15
10 26 9 26
23 9 22 9
23 27 22 27
7 13 7 14
1 5 1 4
23 29 24 29
15 15 15 16
27 17 28 17
23 30 23 31
13 6 14 6
19 3 19 2
8 14 9 14
3 0 4 0
11 24 11 23
19 12 20 12
11 2 12 2
178
27 22 29 22
6 19 10 19
29 9 29 10
9 10 10 10
1 1 4 1
11 5 11 8
16 7 18 7
25 20 25 25
30 12 30 13
14 22 14 25
10 13 10 17
15 23 18 23
29 10 29 12
20 1 20 6
0 30 4 30
13 9 15 9
22 11 22 15
4 28 5 28
22 9 22 10
13 7 13 9
13 10 13 11
14 1 20 1
25 25 25 28
11 23 12 23
5 26 8 26
0 4 1 4
27 10 27 13
28 5 29 5
4 28 4 30
5 26 5 28
4 30 7 30
19 9 19 10
2 13 2 19
22 11 26 11
10 17 10 19
6 19 6 21
4 18 6 18
15 4 15 5
8 26 9 26
14 22 16 22
1 26 5 26
20 22 20 28
22 10 22 11
25 29 27 29
2 12 2 13
24 18 30 18
15 9 19 9
1 2 1 3
1 3 1 4
30 22 31 22
9 25 10 25
20 9 21 9
7 12 9 12
29 15 30 15
25 6 25 8
29 5 29 6
13 5 13 7
7 5 11 5
22 20 25 20
1 3 4 3
31 29 31 30
10 1 14 1
22 0 24 0
11 22 11 23
3 14 6 14
27 13 27 14
20 6 22 6
31 22 31 26
4 3 7 3
30 19 30 22
11 4 11 5
20 28 25 28
2 13 4 13
0 13 2 13
0 17 0 23
11 22 14 22
26 11 26 12
28 28 30 28
19 9 20 9
10 8 10 10
24 5 27 5
27 28 28 28
14 25 16 25
9 12 10 12
14 18 14 22
6 8 7 8
19 28 20 28
22 17 22 20
0 23 0 24
7 6 7 8
22 30 22 31
29 9 31 9
27 10 29 10
20 22 23 22
7 8 7 9
11 5 12 5
10 12 10 13
27 22 27 24
22 15 22 17
14 17 14 18
0 13 0 15
24 30 25 30
18 6 18 7
22 6 25 6
27 5 28 5
18 21 18 23
7 3 7 5
6 15 6 16
30 13 30 15
6 8 6 10
25 29 25 30
2 21 3 21
5 24 5 26
25 25 27 25
20 28 20 29
4 18 4 21
25 28 27 28
30 28 31 28
22 17 24 17
19 17 22 17
16 30 20 30
27 29 31 29
13 2 13 5
12 23 12 30
18 18 18 21
14 1 14 4
15 9 15 10
2 19 2 21
14 6 16 6
11 8 11 9
0 24 0 30
11 9 13 9
10 22 11 22
22 15 27 15
4 7 4 13
29 22 30 22
4 1 8 1
20 29 20 30
13 10 14 10
27 15 29 15
10 10 13 10
16 6 16 7
18 7 19 7
18 6 20 6
22 6 22 9
13 5 15 5
29 6 29 9
23 13 27 13
0 15 0 17
9 21 9 25
3 15 3 17
24 0 24 5
5 22 5 24
10 13 12 13
6 18 9 18
16 11 19 11
16 25 16 30
7 30 8 30
7 5 7 6
25 30 26 30
6 10 6 14
16 11 16 13
26 10 27 10
8 1 10 1
25 19 25 20
7 9 7 12
22 30 24 30
3 21 4 21
13 11 16 11
3 14 3 15
25 8 27 8
7 17 10 17
19 11 22 11
30 18 30 19
10 25 10 27
6 21 9 21
6 16 6 18
8 30 12 30
