109
27 1 27 2
34 5 34 6
12 21 12 22
30 1 30 2
34 14 35 14
32 5 32 4
5 27 4 27
30 10 30 9
25 14 25 15
35 11 34 11
24 14 23 14
22 7 22 6
4 16 5 16
10 30 10 31
17 26 17 27
11 29 12 29
29 20 30 20
16 0 16 1
2 23 3 23
2 3 2 4
15 2 16 2
34 2 35 2
34 35 34 34
5 29 5 30
34 7 35 7
28 24 27 24
20 7 20 6
25 28 25 29
3 4 3 3
24 34 24 33
13 10 13 11
18 19 18 18
18 1 19 1
6 13 5 13
22 1 22 2
0 0 1 0
15 35 15 34
4 12 3 12
12 17 13 17
35 2 35 1
28 5 28 6
35 5 34 5
26 7 27 7
3 8 3 9
20 4 19 4
31 2 31 1
9 4 8 4
20 2 20 3
0 13 1 13
13 30 13 31
34 34 33 34
27 21 27 22
7 25 7 26
34 26 34 27
11 14 11 13
15 22 15 21
24 15 24 16
10 23 11 23
22 23 23 23
30 12 30 11
7 26 7 27
20 9 20 10
4 19 4 18
5 28 5 29
17 5 16 5
16 13 17 13
11 31 11 30
26 17 25 17
3 9 4 9
13 20 13 21
33 15 33 14
16 8 16 7
14 1 14 0
8 14 9 14
25 13 25 12
9 28 9 27
4 17 4 16
9 8 8 8
4 8 3 8
18 0 18 1
19 4 19 3
10 29 10 28
35 4 34 4
10 31 9 31
25 15 25 16
10 28 11 28
1 29 1 28
9 3 8 3
7 1 7 0
11 1 11 0
3 1 2 1
27 17 28 17
25 23 25 24
20 3 21 3
18 17 18 16
28 16 28 15
23 10 23 9
28 21 28 20
11 25 11 24
15 1 15 2
25 35 25 34
26 28 27 28
14 4 15 4
23 21 23 22
32 29 33 29
10 7 11 7
30 22 30 23
15 11 15 12
7 11 6 11
191
34 6 34 11
11 28 11 30
11 30 12 30
17 9 17 13
19 34 25 34
3 3 5 3
18 30 18 34
30 11 34 11
8 8 14 8
28 15 31 15
32 6 34 6
13 25 19 25
32 6 32 7
10 16 15 16
7 24 11 24
25 34 33 34
14 0 19 0
27 2 27 3
25 25 25 29
19 25 20 25
20 10 20 13
4 16 5 16
20 13 20 15
19 23 19 25
26 22 27 22
22 10 22 11
4 9 17 9
21 29 25 29
26 20 26 22
32 27 34 27
25 16 25 17
15 28 21 28
12 11 13 11
4 7 8 7
22 11 30 11
4 34 6 34
28 15 28 17
12 30 18 30
2 29 3 29
5 13 11 13
20 15 23 15
27 28 32 28
8 7 8 8
33 28 33 29
15 27 15 28
23 15 28 15
20 23 23 23
27 22 27 24
5 16 7 16
3 33 4 33
4 6 4 7
11 11 12 11
12 22 16 22
5 13 5 16
16 19 20 19
20 13 27 13
15 16 18 16
7 0 11 0
5 24 7 24
22 4 22 6
2 1 2 4
30 2 32 2
23 9 27 9
4 9 4 16
22 6 24 6
20 10 22 10
22 4 32 4
5 3 7 3
24 6 26 6
27 2 30 2
21 7 25 7
35 3 35 7
11 23 11 24
3 8 3 12
32 28 33 28
19 22 19 23
4 5 4 6
23 14 33 14
11 23 19 23
1 13 1 19
4 7 4 9
35 1 35 3
27 24 27 28
11 17 13 17
11 28 15 28
34 27 34 32
13 17 13 19
32 16 32 18
1 33 1 34
17 13 17 14
20 19 21 19
16 22 19 22
32 2 32 4
32 4 34 4
1 33 3 33
4 31 4 33
16 5 16 7
7 3 7 6
3 29 5 29
4 31 9 31
15 16 15 21
4 4 4 5
20 15 20 19
14 35 16 35
10 27 10 34
8 4 8 7
16 19 16 22
3 21 3 23
21 19 21 20
18 34 19 34
2 4 4 4
1 28 4 28
9 35 14 35
11 11 11 13
7 0 7 3
34 27 35 27
15 2 15 4
13 21 15 21
29 1 31 1
1 4 1 13
19 0 19 1
32 18 32 23
9 27 10 27
21 3 21 7
21 17 21 19
11 0 14 0
17 13 20 13
9 31 9 35
35 14 35 15
15 13 15 16
32 4 32 6
11 24 11 26
25 29 25 31
14 8 15 8
8 4 15 4
32 15 35 15
1 0 7 0
1 0 1 4
23 16 23 22
23 23 26 23
27 9 30 9
19 1 19 3
25 31 29 31
28 20 30 20
11 26 11 28
28 20 28 26
9 7 11 7
1 28 1 33
30 23 32 23
23 22 23 23
1 19 1 28
33 29 33 34
32 15 32 16
30 20 30 23
23 23 23 25
25 7 27 7
15 27 17 27
25 17 25 19
27 5 29 5
7 27 9 27
1 13 3 13
27 28 27 29
13 7 16 7
19 1 29 1
23 14 23 15
23 25 25 25
9 27 9 31
27 5 27 7
16 7 21 7
18 16 18 18
3 12 3 13
35 15 35 24
35 24 35 27
1 19 9 19
11 7 13 7
31 1 35 1
27 19 30 19
12 29 21 29
23 16 24 16
19 3 21 3
5 24 5 29
9 19 13 19
35 7 35 14
15 12 15 13
25 19 27 19
24 16 25 16
30 19 30 20
27 7 27 9
13 19 13 21
23 25 23 28
3 21 13 21
