215
16 23 16 24
4 8 4 7
18 15 19 15
4 21 3 21
2 1 1 1
24 18 23 18
0 6 0 5
22 2 22 3
20 21 19 21
8 1 7 1
5 25 5 24
17 1 17 0
7 10 6 10
6 19 6 18
7 3 8 3
13 8 13 9
18 0 18 1
1 12 1 13
4 7 3 7
14 15 14 16
13 0 13 1
1 6 0 6
7 7 7 8
9 18 9 17
5 9 5 10
6 9 5 9
1 8 2 8
6 7 7 7
7 7 8 7
0 20 0 21
2 12 1 12
2 2 2 1
3 25 4 25
2 19 2 18
4 22 4 21
4 24 3 24
22 12 23 12
4 9 3 9
16 21 16 22
1 9 2 9
1 13 1 14
17 10 18 10
23 12 24 12
14 13 13 13
7 22 7 23
17 11 17 10
1 23 1 22
2 17 2 16
18 1 18 2
1 2 2 2
20 0 20 1
23 14 22 14
13 7 13 8
9 12 9 11
18 7 17 7
14 5 13 5
9 1 9 0
11 25 10 25
3 15 3 14
22 3 23 3
6 12 6 11
7 13 7 14
23 19 22 19
17 8 18 8
11 16 11 15
19 16 18 16
1 4 0 4
2 25 2 24
20 17 20 18
24 20 24 21
23 22 23 23
22 20 21 20
3 6 4 6
4 23 5 23
20 2 20 3
17 16 17 17
14 8 14 7
13 13 13 12
8 7 9 7
1 17 2 17
25 8 25 7
0 7 0 8
6 8 6 7
3 12 2 12
7 9 8 9
3 23 4 23
4 20 5 20
5 7 4 7
6 25 6 24
20 1 19 1
8 23 8 22
11 17 11 16
3 16 3 15
20 23 20 24
24 13 25 13
14 9 14 8
22 19 22 20
12 16 13 16
8 14 8 15
8 0 8 1
23 11 23 12
1 3 1 4
23 0 22 0
11 6 11 5
5 22 5 21
7 16 8 16
24 23 25 23
1 24 1 25
9 0 8 0
0 19 0 20
8 19 8 20
23 15 22 15
5 18 4 18
5 8 6 8
0 17 1 17
0 24 1 24
24 22 23 22
13 23 13 22
13 22 12 22
23 18 23 19
0 9 1 9
0 20 1 20
1 9 1 8
19 18 19 17
8 1 9 1
0 5 1 5
17 6 18 6
2 20 2 21
13 2 14 2
10 2 10 1
15 21 15 20
1 24 1 23
24 4 24 3
18 22 17 22
11 16 12 16
16 18 17 18
13 12 12 12
14 11 15 11
12 16 12 15
21 7 21 6
11 15 10 15
20 3 20 4
1 12 1 13
18 14 18 15
17 10 17 9
8 18 8 19
20 13 19 13
17 19 17 20
8 22 7 22
5 12 5 11
19 6 19 5
21 8 21 7
2 16 3 16
13 1 12 1
24 3 24 4
18 13 18 12
5 9 4 9
4 3 4 2
16 2 17 2
7 23 8 23
15 10 14 10
23 24 22 24
9 19 10 19
25 9 25 8
16 3 16 2
24 14 24 13
23 7 23 8
16 10 15 10
4 9 5 9
19 1 18 1
18 19 18 20
25 8 24 8
17 23 17 24
7 12 7 13
21 1 20 1
23 23 24 23
5 23 6 23
15 23 16 23
12 7 13 7
5 5 4 5
20 8 21 8
7 19 6 19
19 2 19 3
24 23 23 23
1 8 1 7
14 1 15 1
24 0 23 0
11 10 11 9
6 3 6 2
18 11 17 11
1 25 1 24
2 9 1 9
20 9 21 9
4 4 4 3
18 21 17 21
12 10 11 10
12 1 12 0
16 5 16 6
13 10 12 10
17 11 18 11
24 1 24 2
25 22 24 22
25 25 24 25
25 23 25 22
8 9 8 10
7 11 7 10
17 5 17 6
9 20 9 19
13 9 13 10
13 10 13 9
14 0 15 0
17 0 16 0
16 19 16 18
12 0 12 1
12 1 12 2
183
2 22 3 22
10 12 12 12
10 18 10 19
7 21 7 22
18 23 18 24
12 22 16 22
6 5 8 5
1 5 4 5
15 2 16 2
24 11 24 12
14 4 14 6
8 24 8 25
0 13 0 16
24 21 25 21
16 7 17 7
7 18 10 18
4 5 6 5
18 24 19 24
24 16 24 17
6 18 7 18
19 21 23 21
19 23 22 23
2 12 2 14
12 2 14 2
16 23 18 23
24 13 24 15
19 20 19 21
4 17 4 18
12 10 14 10
10 19 10 20
13 7 14 7
20 19 21 19
11 14 11 18
25 7 25 11
19 12 23 12
3 22 7 22
6 8 6 10
1 17 1 18
10 15 10 18
14 7 16 7
8 12 8 15
9 7 9 8
0 8 2 8
0 0 0 1
2 14 2 15
22 7 25 7
24 12 24 13
18 20 18 23
3 7 3 8
18 17 19 17
8 3 12 3
8 12 10 12
1 18 1 19
22 4 24 4
13 15 17 15
12 21 12 22
7 21 8 21
17 15 17 17
10 11 10 12
25 21 25 22
10 5 10 7
23 9 23 12
17 7 17 9
12 11 12 12
18 20 19 20
16 22 16 23
4 12 8 12
20 15 21 15
21 15 21 17
22 0 22 4
24 5 25 5
7 24 8 24
6 5 6 7
12 5 13 5
16 2 17 2
11 5 12 5
2 12 4 12
23 8 23 9
1 1 1 4
14 2 14 4
15 1 15 2
9 5 10 5
0 18 0 21
3 15 5 15
2 15 2 17
1 21 2 21
25 19 25 21
9 15 10 15
10 7 13 7
18 2 21 2
7 18 7 21
10 8 10 9
4 18 4 21
1 4 2 4
17 9 21 9
8 15 9 15
18 12 19 12
0 2 0 3
1 17 2 17
8 23 8 24
5 9 5 10
11 9 12 9
18 12 18 15
24 5 24 6
10 22 12 22
10 20 10 22
2 18 4 18
19 17 21 17
4 7 4 12
23 12 23 17
14 6 14 7
18 6 20 6
16 0 22 0
15 3 15 4
12 9 12 10
6 7 6 8
18 5 18 6
17 2 18 2
8 0 10 0
14 10 14 12
20 4 20 6
11 14 12 14
15 12 18 12
2 18 2 21
24 17 24 21
22 8 23 8
2 15 3 15
8 5 9 5
10 0 15 0
14 12 15 12
4 25 8 25
10 9 11 9
15 11 16 11
1 5 1 7
14 12 14 14
23 21 24 21
22 7 22 8
3 22 3 24
17 17 18 17
21 2 21 3
21 8 21 9
15 4 20 4
14 2 15 2
8 0 8 3
19 17 19 20
4 23 4 25
22 4 22 7
9 8 10 8
11 10 12 10
0 13 1 13
17 17 17 18
21 4 22 4
15 11 15 12
23 17 23 19
24 16 25 16
15 3 17 3
6 2 6 4
24 4 24 5
0 1 1 1
21 19 23 19
12 8 12 9
0 25 4 25
13 4 13 5
0 21 0 25
21 19 21 20
1 4 1 5
12 3 12 5
12 8 13 8
4 7 6 7
3 8 3 9
3 9 3 11
24 15 24 16
2 8 3 8
20 4 21 4
15 0 16 0
10 14 11 14
18 15 18 16
6 4 6 5
7 0 8 0
0 21 1 21
12 14 14 14
0 16 0 18
8 23 10 23
