209
20 2 20 3
5 2 5 3
7 5 6 5
10 29 10 28
9 24 9 23
6 12 6 11
15 17 14 17
8 18 8 17
20 28 21 28
0 13 1 13
14 13 14 14
15 11 15 10
6 13 6 12
4 23 5 23
8 19 8 20
22 1 21 1
13 11 13 12
7 18 7 19
5 23 5 22
19 12 18 12
11 17 10 17
6 6 5 6
15 15 15 16
10 22 9 22
16 9 16 10
0 18 0 17
8 6 8 7
9 16 8 16
8 22 8 21
12 25 12 24
0 7 1 7
17 29 17 28
20 22 19 22
8 20 9 20
4 2 4 3
7 22 8 22
5 1 5 2
8 22 8 23
20 19 19 19
20 4 19 4
27 24 27 25
25 19 24 19
8 3 7 3
21 17 22 17
6 9 5 9
21 27 20 27
20 15 20 16
25 25 25 24
6 12 5 12
21 16 21 15
6 19 6 18
10 23 11 23
22 12 22 11
19 15 19 16
10 20 10 21
12 28 11 28
24 12 24 13
21 2 20 2
2 29 3 29
19 14 19 15
29 14 28 14
18 12 18 13
5 19 5 20
17 1 16 1
27 28 28 28
13 15 14 15
16 10 16 11
16 1 16 0
3 29 3 28
24 10 23 10
21 1 21 2
9 19 8 19
0 26 1 26
16 7 16 6
11 13 10 13
25 12 24 12
27 15 27 14
1 28 1 29
9 23 10 23
25 11 25 12
2 28 1 28
20 3 21 3
29 19 29 18
6 25 7 25
5 20 6 20
27 4 26 4
28 23 28 24
24 3 24 2
23 26 23 27
8 16 7 16
7 19 6 19
14 6 14 5
28 13 29 13
17 12 18 12
29 22 28 22
17 15 16 15
8 29 8 28
2 15 3 15
29 27 29 26
29 29 29 28
21 25 21 26
21 0 21 1
4 25 4 26
4 9 3 9
1 18 0 18
26 0 27 0
19 11 19 12
28 28 28 29
12 29 11 29
2 17 3 17
28 22 28 23
17 21 17 20
18 24 19 24
16 18 15 18
8 17 8 16
2 13 3 13
16 11 17 11
20 21 20 22
29 18 28 18
4 14 5 14
9 3 8 3
22 14 22 15
25 20 25 19
20 13 19 13
22 15 22 16
26 24 27 24
26 23 26 24
3 17 3 18
25 2 26 2
18 17 19 17
13 10 13 11
15 4 15 5
20 16 20 17
17 16 17 15
25 19 26 19
15 5 16 5
14 22 14 21
23 2 23 1
24 19 24 20
27 25 27 26
11 3 10 3
28 29 27 29
19 21 20 21
24 4 24 3
2 26 2 25
26 11 27 11
4 1 4 2
12 14 13 14
20 10 19 10
5 3 6 3
12 22 13 22
15 12 14 12
19 27 19 26
11 5 10 5
19 15 20 15
27 23 26 23
19 10 19 9
23 24 23 23
6 20 7 20
12 26 13 26
6 18 5 18
22 2 22 1
7 25 7 26
17 4 16 4
13 13 14 13
24 20 24 21
13 11 14 11
13 1 12 1
7 15 7 14
21 5 22 5
13 26 12 26
29 25 28 25
1 0 2 0
3 15 3 14
22 5 23 5
8 9 8 8
14 15 15 15
2 18 1 18
23 25 23 24
1 21 1 20
3 16 2 16
20 6 19 6
8 23 8 24
26 2 26 3
13 29 13 28
4 7 4 8
22 6 21 6
6 21 7 21
13 6 14 6
12 12 11 12
27 24 27 25
22 11 21 11
8 27 7 27
2 1 2 2
25 17 25 18
20 20 20 19
10 21 11 21
11 11 11 10
10 16 9 16
12 18 13 18
18 11 19 11
19 20 20 20
11 6 11 7
28 18 28 17
24 2 24 1
17 28 18 28
22 25 21 25
5 18 5 17
14 14 15 14
190
3 3 4 3
11 16 11 18
23 19 26 19
6 19 6 22
26 23 28 23
13 25 14 25
15 16 18 16
11 0 11 1
11 16 13 16
13 16 14 16
19 9 19 11
4 8 5 8
13 5 13 8
18 29 19 29
14 24 14 25
26 1 26 3
0 17 1 17
14 16 15 16
11 28 11 29
13 17 14 17
14 21 20 21
11 18 13 18
0 18 1 18
7 16 7 20
4 26 7 26
17 2 17 3
1 14 2 14
24 3 25 3
7 4 7 6
21 26 21 28
13 8 13 12
3 9 5 9
29 26 29 28
21 3 21 4
14 8 17 8
9 22 9 25
15 18 17 18
7 26 7 27
0 12 0 14
1 3 1 7
18 16 19 16
5 9 5 10
6 22 9 22
23 3 24 3
13 12 14 12
25 9 25 10
19 12 19 13
14 1 20 1
8 12 8 16
22 17 28 17
27 1 27 8
20 15 21 15
19 25 21 25
13 5 14 5
5 8 5 9
0 14 1 14
0 8 0 12
20 2 20 5
25 3 26 3
13 8 14 8
18 26 19 26
20 18 20 19
9 25 10 25
26 26 27 26
11 28 13 28
29 16 29 24
19 12 24 12
2 14 3 14
19 28 21 28
23 6 23 10
3 1 3 3
19 16 22 16
5 17 5 22
4 29 11 29
3 13 3 14
2 9 3 9
11 19 11 21
3 9 3 13
8 3 8 4
1 17 5 17
21 25 24 25
5 14 7 14
20 0 20 1
13 25 13 28
20 17 22 17
19 28 19 29
29 24 29 26
17 5 17 6
4 26 4 27
8 3 10 3
16 6 17 6
10 1 11 1
21 22 21 25
20 17 20 18
21 26 26 26
29 13 29 15
19 25 19 26
10 5 13 5
1 29 4 29
1 3 3 3
22 16 22 17
26 19 26 23
6 17 6 19
28 24 28 25
1 26 4 26
23 28 23 29
5 10 5 12
10 8 10 11
5 13 5 14
21 4 21 6
22 1 23 1
7 12 8 12
18 12 19 12
1 14 1 17
4 3 4 6
15 16 15 18
21 2 21 3
19 13 19 16
1 26 1 28
2 16 7 16
21 6 23 6
2 6 3 6
17 6 18 6
26 1 27 1
3 18 3 22
20 1 21 1
11 21 14 21
29 11 29 13
6 5 6 7
14 17 14 21
21 3 22 3
13 12 13 14
3 6 4 6
21 4 25 4
21 11 27 11
9 16 11 16
20 21 20 22
28 24 29 24
24 28 29 28
5 22 6 22
3 1 8 1
8 1 10 1
1 22 1 26
20 29 23 29
19 6 21 6
10 3 10 5
13 14 13 16
27 11 29 11
3 27 4 27
23 10 25 10
14 24 19 24
20 22 21 22
1 22 3 22
6 4 6 5
26 25 27 25
6 7 8 7
23 1 23 3
27 25 28 25
9 21 11 21
20 21 24 21
9 17 9 20
11 29 18 29
20 1 20 2
21 15 29 15
24 25 26 25
29 15 29 16
21 6 21 9
9 20 9 21
17 11 19 11
6 3 6 4
4 3 6 3
22 10 23 10
21 1 22 1
19 6 19 9
14 11 17 11
17 2 20 2
18 6 19 6
7 14 7 16
7 20 9 20
5 12 7 12
8 16 9 16
23 28 24 28
1 2 1 3
14 1 14 5
7 4 8 4
20 19 23 19
21 9 21 11
10 25 13 25
17 11 17 13
1 18 3 18
