314
14 26 14 27
25 2 25 3
23 4 23 3
31 30 32 30
18 7 18 8
4 13 5 13
4 10 4 9
23 21 23 20
32 19 33 19
13 16 12 16
34 28 33 28
23 23 22 23
32 13 33 13
11 30 10 30
17 32 16 32
10 3 9 3
29 10 30 10
5 30 6 30
4 14 5 14
14 3 14 2
26 34 26 35
2 10 1 10
19 23 20 23
9 18 10 18
31 35 32 35
17 26 17 27
7 16 8 16
30 35 31 35
31 1 30 1
28 4 28 5
14 4 13 4
21 8 20 8
24 34 23 34
0 15 0 14
14 17 14 18
5 26 4 26
18 30 19 30
32 14 33 14
34 1 33 1
32 7 31 7
15 34 15 35
3 9 3 8
20 24 19 24
10 4 9 4
13 31 14 31
13 21 12 21
29 24 29 23
28 6 29 6
0 14 1 14
9 13 9 12
28 11 27 11
20 7 21 7
22 2 22 1
10 14 10 13
9 30 8 30
27 4 28 4
26 18 25 18
10 6 9 6
5 32 5 31
10 19 9 19
4 0 5 0
14 14 14 13
23 32 22 32
12 21 12 20
4 18 5 18
19 30 19 31
27 3 27 4
17 6 16 6
5 20 5 21
14 29 14 30
19 1 19 2
33 30 34 30
17 8 17 7
22 29 21 29
30 13 29 13
31 29 31 28
23 34 23 33
15 3 14 3
35 5 35 6
2 2 2 3
25 12 24 12
23 9 23 10
11 5 12 5
16 31 16 30
22 33 22 34
23 7 23 6
29 17 29 16
27 34 26 34
29 13 29 12
32 23 33 23
26 16 27 16
18 21 19 21
34 15 33 15
20 21 21 21
14 22 13 22
29 25 28 25
14 33 13 33
18 8 18 7
23 30 23 31
26 12 25 12
8 16 9 16
32 18 33 18
35 0 35 1
31 3 31 4
23 3 23 2
28 5 28 6
9 16 9 17
15 2 15 3
2 5 2 4
31 4 32 4
28 4 28 5
18 19 18 20
13 7 12 7
30 10 31 10
28 27 28 26
34 13 34 12
3 10 4 10
34 9 33 9
18 4 18 3
8 28 8 29
21 10 21 11
33 23 33 22
26 9 25 9
17 1 17 2
10 29 9 29
23 19 23 18
11 3 10 3
28 10 29 10
7 20 6 20
14 2 15 2
31 25 31 26
29 23 28 23
6 34 5 34
14 32 13 32
27 35 28 35
13 22 13 21
23 0 23 1
25 19 24 19
12 22 13 22
27 4 26 4
26 27 26 26
26 26 27 26
19 24 19 25
9 28 9 27
34 16 34 17
17 30 17 29
2 29 2 28
30 15 31 15
2 30 1 30
9 31 10 31
16 20 16 19
35 13 35 14
12 23 12 22
27 13 27 12
26 34 26 33
18 32 19 32
31 35 31 34
3 25 4 25
14 34 15 34
22 34 23 34
20 8 20 7
28 23 28 22
28 35 28 34
15 21 15 20
6 20 6 19
28 15 28 16
27 9 27 8
34 17 35 17
19 21 20 21
4 30 5 30
7 32 7 31
22 30 23 30
6 35 6 34
34 32 33 32
22 35 22 34
14 7 13 7
35 2 35 3
31 26 30 26
22 32 22 33
1 0 0 0
15 15 15 16
7 29 7 28
19 9 19 8
11 11 11 10
24 0 24 1
0 3 0 2
10 30 10 29
31 13 30 13
17 25 18 25
4 10 5 10
9 29 9 30
29 31 28 31
3 5 2 5
26 1 26 0
35 1 34 1
11 28 12 28
18 5 17 5
2 26 2 27
29 12 28 12
1 22 1 23
34 22 35 22
34 31 33 31
18 26 17 26
0 25 1 25
6 22 6 23
34 2 35 2
9 21 8 21
13 21 12 21
20 32 21 32
22 33 21 33
3 26 3 27
9 9 9 10
23 2 24 2
14 31 14 32
33 5 32 5
17 34 18 34
2 11 1 11
13 7 13 8
20 12 19 12
10 23 11 23
18 29 19 29
28 22 28 23
31 20 30 20
1 30 2 30
27 8 26 8
28 25 29 25
1 25 2 25
32 5 33 5
29 3 30 3
29 2 29 3
26 20 27 20
6 29 6 28
26 33 26 32
2 4 1 4
18 25 17 25
20 21 20 22
22 28 22 27
1 2 2 2
19 12 19 11
5 30 5 29
31 10 31 9
22 27 23 27
30 24 29 24
2 28 1 28
7 28 7 27
27 29 27 30
24 13 24 14
11 4 11 5
29 27 30 27
35 14 34 14
17 27 16 27
1 27 1 26
14 18 15 18
34 30 35 30
2 2 2 1
11 23 11 24
30 22 30 21
2 15 2 14
1 28 1 27
17 15 16 15
33 1 33 2
2 35 2 34
27 16 27 15
29 22 29 23
15 5 15 6
10 9 9 9
9 22 9 21
1 24 0 24
3 13 3 14
11 10 11 11
29 11 29 12
27 20 28 20
6 2 6 1
7 10 6 10
7 18 8 18
26 8 26 7
27 26 26 26
25 9 26 9
15 2 15 1
32 30 32 31
28 23 28 22
29 25 30 25
10 0 9 0
25 35 24 35
30 18 29 18
2 16 2 17
2 7 1 7
28 30 28 29
9 9 10 9
15 3 16 3
15 12 14 12
28 31 28 32
25 0 24 0
7 2 7 3
34 1 34 2
17 18 16 18
20 18 20 19
34 0 34 1
35 6 34 6
22 34 22 33
34 1 33 1
16 12 17 12
23 31 23 32
21 4 21 5
29 12 30 12
32 35 31 35
1 7 2 7
3 22 3 23
23 33 24 33
29 33 28 33
3 28 2 28
34 20 34 19
4 16 5 16
1 13 2 13
183
31 18 33 18
3 29 5 29
26 7 26 9
22 15 22 16
15 24 16 24
17 5 17 7
29 24 31 24
14 32 14 35
15 20 18 20
13 18 15 18
17 7 17 9
23 34 25 34
18 31 19 31
9 30 9 32
6 19 7 19
24 32 24 33
14 28 14 30
23 27 23 28
14 9 14 10
24 0 24 1
6 19 6 23
7 19 9 19
20 23 20 29
1 26 4 26
6 23 13 23
26 4 26 7
12 7 15 7
9 12 13 12
14 9 17 9
10 18 10 21
33 22 33 28
33 18 33 19
11 22 12 22
16 30 16 32
11 14 12 14
19 29 20 29
14 5 17 5
1 26 1 27
31 2 31 6
21 7 21 9
22 4 26 4
0 13 0 17
19 18 23 18
2 17 4 17
23 20 23 27
4 25 4 26
16 24 16 27
32 2 33 2
12 20 12 21
22 16 28 16
16 27 16 30
4 23 4 25
9 30 14 30
34 12 34 14
0 0 0 2
33 19 34 19
1 23 1 26
33 19 33 22
27 2 31 2
28 16 28 20
14 30 16 30
12 5 12 7
12 21 12 22
33 8 34 8
31 28 33 28
21 25 22 25
17 5 21 5
30 21 31 21
25 12 27 12
34 14 34 19
31 9 31 15
28 6 28 12
17 25 19 25
12 2 12 5
19 20 23 20
21 7 26 7
0 24 0 27
5 35 10 35
17 2 19 2
31 2 32 2
14 30 14 32
15 20 15 24
31 28 31 34
34 8 34 12
32 16 33 16
0 4 1 4
31 21 31 22
5 25 5 29
8 9 10 9
24 2 27 2
10 5 10 9
18 31 18 34
19 2 21 2
29 16 29 18
0 2 12 2
15 18 15 20
4 9 8 9
10 18 11 18
9 17 9 19
1 4 1 10
5 14 11 14
5 13 5 14
13 22 13 23
24 32 26 32
11 18 11 22
13 12 14 12
5 29 8 29
12 28 14 28
1 4 4 4
18 10 19 10
28 26 28 29
33 16 33 17
27 12 28 12
20 22 20 23
23 32 24 32
0 0 3 0
4 32 9 32
19 10 22 10
10 9 14 9
0 17 2 17
16 7 17 7
28 6 29 6
14 10 14 12
12 14 12 15
21 25 21 29
10 3 10 5
2 9 4 9
17 4 19 4
33 28 33 31
21 5 21 7
29 6 31 6
4 23 6 23
26 4 29 4
8 29 8 30
21 29 28 29
25 34 28 34
28 34 31 34
28 26 30 26
23 20 28 20
28 16 29 16
0 2 0 4
32 9 32 16
28 22 31 22
25 11 25 12
34 6 34 8
4 17 9 17
2 14 2 17
28 29 28 32
20 29 21 29
33 2 34 2
19 20 19 25
23 27 27 27
13 12 13 18
16 30 20 30
19 31 21 31
26 32 28 32
1 10 5 10
13 18 13 22
3 29 3 30
5 10 5 13
9 21 10 21
7 12 9 12
32 4 34 4
29 3 29 4
24 1 24 2
12 15 12 16
17 2 17 4
14 3 14 5
12 2 17 2
21 29 21 31
28 22 28 26
34 2 34 4
22 33 24 33
32 4 32 9
18 14 18 20
31 15 31 18
31 24 31 28
18 20 19 20
29 18 31 18
0 23 0 24
27 15 31 15
12 16 12 20
21 2 24 2
