24
10 11 10 12
2 1 2 0
8 14 9 14
3 1 2 1
12 2 12 3
8 13 8 14
3 13 3 12
9 13 8 13
8 10 7 10
9 14 9 13
13 1 13 2
6 9 7 9
0 11 1 11
4 13 3 13
11 11 10 11
5 13 4 13
14 1 13 1
11 10 11 11
3 2 3 1
5 14 5 13
9 4 9 3
8 11 8 10
6 2 7 2
1 8 1 9
176
9 2 10 2
1 12 2 12
12 5 12 6
13 2 13 3
13 11 14 11
10 9 10 10
10 14 11 14
14 0 14 2
3 12 4 12
8 3 9 3
2 1 2 2
13 6 13 7
2 8 4 8
5 3 6 3
0 10 0 12
12 10 13 10
9 11 9 12
13 7 13 8
13 4 13 5
6 1 7 1
7 11 9 11
13 7 14 7
6 0 6 1
12 5 13 5
10 8 10 9
12 6 13 6
13 6 14 6
2 4 3 4
9 0 9 1
2 7 2 8
10 2 11 2
11 4 11 5
9 1 9 2
8 12 9 12
0 12 0 13
2 14 3 14
7 9 7 10
5 2 5 3
6 14 7 14
11 14 12 14
13 13 14 13
3 14 4 14
13 9 13 10
10 7 10 8
9 0 10 0
7 14 8 14
7 1 7 2
2 2 4 2
13 3 13 4
2 2 2 3
1 14 2 14
3 12 3 13
2 12 3 12
12 4 12 5
0 14 1 14
9 11 10 11
4 2 5 2
12 13 13 13
0 3 0 4
0 13 0 14
7 2 7 3
7 3 7 4
10 1 10 2
7 10 7 11
8 14 10 14
12 9 12 10
13 10 13 11
11 6 11 7
7 3 8 3
3 13 3 14
0 10 1 10
12 14 13 14
2 6 2 7
13 4 14 4
13 2 14 2
10 10 12 10
0 9 0 10
14 11 14 12
8 5 9 5
11 0 11 1
7 12 7 13
7 13 8 13
4 14 6 14
3 7 5 7
11 4 12 4
14 12 14 13
0 4 0 5
9 3 9 5
9 8 9 9
8 6 8 7
10 5 10 6
11 2 13 2
3 9 3 11
11 1 12 1
12 13 12 14
6 1 6 3
10 10 10 11
4 9 5 9
0 5 1 5
10 6 11 6
3 1 4 1
1 7 1 9
11 7 11 8
7 5 7 6
7 7 8 7
13 8 13 9
5 11 5 12
0 7 0 8
5 4 6 4
4 11 5 11
5 12 5 13
2 3 3 3
8 10 9 10
2 9 3 9
10 3 12 3
4 1 5 1
2 4 2 5
5 8 5 9
8 9 9 9
5 8 6 8
4 5 5 5
10 12 10 13
4 3 4 4
6 10 6 11
2 9 2 10
11 11 11 12
6 8 7 8
6 4 6 5
1 0 2 0
11 8 11 9
11 8 12 8
0 7 1 7
12 1 13 1
8 8 8 9
5 10 5 11
4 13 5 13
0 6 0 7
1 2 1 4
0 0 1 0
5 0 5 1
1 11 3 11
2 0 3 0
7 6 8 6
5 4 5 5
7 7 7 8
12 12 13 12
9 2 9 3
8 13 9 13
0 0 0 2
6 5 7 5
1 4 2 4
10 3 10 4
1 9 2 9
5 7 5 8
1 0 1 1
6 13 7 13
3 0 3 1
9 7 9 8
12 7 12 8
4 5 4 6
6 8 6 10
5 10 6 10
12 11 12 12
9 13 10 13
10 12 11 12
11 12 12 12
4 4 4 5
3 11 4 11
7 8 8 8
8 6 10 6
10 4 10 5
8 9 8 10
11 12 11 13
0 2 1 2
5 13 6 13
3 4 4 4
