213
12 11 11 11
8 6 7 6
1 11 0 11
17 27 18 27
7 23 6 23
29 1 29 2
11 18 11 17
28 29 28 28
9 4 8 4
18 25 17 25
7 8 7 7
25 12 25 13
18 26 17 26
10 10 10 9
18 1 18 2
5 26 5 25
6 12 6 13
14 11 15 11
16 3 16 4
29 29 28 29
21 6 20 6
9 20 9 19
17 22 18 22
4 4 4 3
26 9 26 8
19 19 20 19
4 22 3 22
22 4 23 4
14 21 14 22
12 1 12 0
2 6 2 7
11 17 12 17
14 26 13 26
12 9 11 9
1 13 0 13
26 10 26 9
20 19 21 19
4 13 4 12
24 29 24 28
21 18 20 18
5 9 5 8
27 10 26 10
23 2 23 1
20 25 21 25
14 3 14 4
29 22 28 22
11 25 11 26
22 2 23 2
4 5 4 4
20 11 19 11
27 27 28 27
6 8 6 9
20 21 20 20
21 25 22 25
3 8 3 7
24 14 23 14
21 7 22 7
29 28 29 27
5 23 5 22
5 20 5 19
23 11 23 12
10 3 9 3
3 10 4 10
6 6 5 6
23 3 22 3
16 19 15 19
10 17 11 17
23 12 23 13
15 26 16 26
13 26 13 25
20 16 19 16
13 27 13 26
3 9 3 8
8 7 8 8
11 20 11 19
5 12 5 13
2 28 2 27
13 11 14 11
23 13 24 13
3 25 2 25
13 7 14 7
26 9 25 9
5 28 5 27
20 10 19 10
14 28 15 28
17 14 17 15
25 28 26 28
17 21 17 22
8 18 8 19
2 7 2 8
7 14 6 14
10 5 9 5
12 10 12 9
26 12 25 12
29 9 29 8
5 27 5 26
24 11 23 11
28 16 29 16
27 25 26 25
18 21 19 21
5 19 4 19
3 2 2 2
14 4 13 4
8 26 9 26
23 23 22 23
5 14 4 14
9 13 10 13
8 15 7 15
25 15 26 15
15 21 14 21
5 26 6 26
28 28 29 28
28 27 28 28
28 21 28 20
21 21 21 20
2 26 1 26
20 27 20 28
11 17 11 16
27 22 27 21
18 2 17 2
11 9 11 10
26 13 26 12
17 2 17 3
11 12 10 12
19 7 20 7
25 2 26 2
23 11 23 12
23 7 23 8
29 5 29 4
2 14 2 15
22 23 22 22
3 24 4 24
27 8 27 7
4 17 5 17
19 4 19 5
2 16 1 16
23 12 23 13
27 18 27 17
28 20 29 20
23 8 23 9
9 26 10 26
3 23 3 24
22 6 23 6
19 5 19 6
17 18 17 17
20 28 20 29
25 13 26 13
23 21 23 22
0 6 0 7
7 21 6 21
16 8 16 7
12 3 12 2
7 15 7 16
1 26 1 25
22 21 21 21
13 4 12 4
20 9 20 8
22 3 22 4
8 0 7 0
23 1 22 1
19 22 19 23
22 22 22 21
9 27 9 26
17 7 17 6
24 7 24 8
27 13 28 13
22 7 22 8
21 21 20 21
22 8 22 9
21 13 21 14
7 6 6 6
9 26 8 26
1 25 1 24
24 19 23 19
13 10 13 9
12 4 11 4
24 8 24 9
18 4 19 4
26 18 27 18
2 17 3 17
14 25 14 24
9 28 9 27
19 6 19 7
11 4 10 4
26 17 26 16
9 27 9 26
19 4 19 5
28 13 29 13
7 0 8 0
20 7 21 7
17 12 16 12
6 19 6 20
10 4 9 4
15 11 15 12
11 29 12 29
19 7 19 8
19 8 19 9
18 27 18 26
16 20 17 20
3 19 3 18
19 13 18 13
20 26 20 25
24 6 25 6
12 21 13 21
15 15 14 15
1 24 2 24
2 24 2 23
10 13 10 14
7 3 8 3
13 13 12 13
15 12 15 11
8 12 9 12
2 23 3 23
187
14 7 14 8
11 19 15 19
7 27 8 27
20 20 20 21
26 8 26 10
3 23 4 23
26 13 29 13
6 13 7 13
14 11 14 13
23 0 23 2
2 20 3 20
4 1 6 1
13 26 13 28
18 20 18 22
16 12 19 12
23 2 23 4
28 15 29 15
11 11 11 16
26 13 26 14
4 23 6 23
24 9 25 9
29 12 29 13
4 19 4 23
9 10 11 10
6 1 7 1
24 10 24 12
3 8 5 8
7 1 8 1
25 22 28 22
9 26 10 26
17 22 17 25
15 19 15 22
1 14 4 14
18 13 20 13
19 20 20 20
9 8 9 10
7 12 9 12
24 28 26 28
26 25 26 27
8 4 9 4
26 7 26 8
14 13 16 13
13 14 13 15
2 25 2 27
29 13 29 15
22 21 24 21
14 13 14 15
4 12 7 12
14 22 14 24
18 22 18 26
4 14 4 19
8 3 8 4
19 9 19 10
28 28 28 29
20 6 20 8
2 25 5 25
12 27 12 29
7 16 11 16
14 22 15 22
17 6 18 6
23 22 23 26
12 7 14 7
14 8 20 8
3 5 5 5
23 2 24 2
26 27 29 27
20 8 20 13
11 10 11 11
18 26 18 28
3 0 4 0
24 2 26 2
9 6 9 7
29 8 29 12
19 11 19 12
25 17 27 17
19 10 19 11
14 15 17 15
14 10 19 10
1 6 3 6
25 21 25 22
12 7 12 8
23 29 28 29
20 8 25 8
1 1 1 6
26 2 26 7
0 25 2 25
8 8 9 8
3 3 3 5
10 6 12 6
6 23 6 26
7 26 7 27
26 27 26 28
22 9 23 9
11 26 13 26
19 3 19 5
2 27 7 27
10 9 12 9
22 29 23 29
23 26 24 26
14 15 14 17
15 22 17 22
3 20 3 21
18 28 24 28
1 16 3 16
13 28 15 28
15 18 15 19
26 2 29 2
13 15 13 16
19 18 19 20
7 24 7 26
21 15 21 19
23 22 25 22
18 6 20 6
19 16 19 18
18 26 19 26
8 1 8 3
12 6 12 7
8 27 8 29
3 5 3 6
11 16 11 19
25 7 25 8
9 19 11 19
28 15 28 22
3 8 3 13
7 13 7 16
1 20 2 20
22 21 22 25
24 12 24 13
20 13 20 15
2 8 3 8
5 6 5 8
15 11 19 11
1 6 1 14
29 25 29 27
14 24 14 27
10 0 10 6
15 28 18 28
12 8 12 9
1 0 1 1
9 6 10 6
12 29 20 29
5 8 8 8
2 20 2 25
17 3 17 6
20 13 23 13
15 25 15 28
4 0 8 0
12 24 14 24
29 2 29 3
15 3 17 3
10 24 12 24
19 26 23 26
20 15 21 15
26 8 29 8
8 4 8 8
11 16 13 16
17 15 20 15
24 12 25 12
25 8 26 8
23 9 24 9
20 21 22 21
21 14 21 15
27 17 27 18
4 12 4 14
12 17 12 18
8 0 10 0
24 9 24 10
7 24 10 24
10 26 11 26
3 0 3 3
20 29 22 29
1 14 1 16
8 27 10 27
15 18 19 18
10 0 12 0
25 11 25 12
11 10 14 10
23 5 23 6
2 19 4 19
21 11 22 11
8 19 9 19
10 27 12 27
24 13 24 21
25 12 25 17
22 9 22 11
12 17 14 17
7 10 9 10
