215
25 18 25 17
16 29 16 30
14 23 14 22
2 20 1 20
29 18 28 18
16 14 15 14
25 1 25 0
0 24 0 23
3 18 3 17
20 6 21 6
11 28 11 27
18 19 18 18
2 9 3 9
25 10 25 11
6 5 7 5
9 13 10 13
22 11 21 11
26 1 25 1
21 24 21 25
21 27 21 26
18 31 19 31
19 15 19 16
21 25 22 25
12 26 12 25
7 2 7 1
23 21 23 20
0 13 1 13
31 20 30 20
22 10 22 11
5 23 6 23
14 24 15 24
17 10 17 11
9 17 8 17
27 23 26 23
26 5 27 5
3 25 4 25
24 16 23 16
29 2 29 3
2 23 2 22
30 29 30 30
31 19 31 18
15 7 15 8
20 9 20 10
15 28 15 27
7 26 8 26
8 29 7 29
6 29 6 30
26 4 26 5
24 11 24 10
30 30 29 30
22 21 22 22
13 7 13 8
19 13 20 13
20 7 21 7
0 18 1 18
7 8 7 9
28 23 28 24
6 27 6 28
13 0 12 0
25 0 26 0
28 2 28 3
27 8 27 7
21 11 21 12
13 23 14 23
0 23 1 23
11 1 11 2
23 10 23 11
6 26 6 25
19 11 20 11
21 5 21 4
1 18 2 18
10 16 10 15
8 12 9 12
1 13 2 13
17 28 16 28
12 0 12 1
25 19 25 18
29 4 29 5
27 7 26 7
30 31 30 30
2 17 1 17
30 23 31 23
1 29 1 30
24 17 24 18
29 17 29 18
11 31 12 31
26 21 26 22
22 22 22 23
25 3 24 3
1 14 1 13
30 3 30 2
29 27 28 27
28 12 27 12
4 27 4 26
5 27 6 27
15 10 16 10
3 28 4 28
22 11 22 12
27 12 26 12
14 29 14 30
2 13 3 13
16 28 15 28
25 11 25 12
16 5 16 6
15 29 16 29
3 13 4 13
18 16 18 17
9 15 9 16
15 6 15 5
15 20 16 20
4 30 5 30
3 23 3 24
31 22 30 22
5 8 5 9
15 28 15 29
5 30 5 29
18 1 18 0
10 1 11 1
17 6 18 6
27 2 26 2
21 10 22 10
28 6 27 6
24 4 25 4
18 15 19 15
13 8 12 8
12 28 13 28
12 4 11 4
18 14 18 15
18 30 18 31
26 17 26 18
17 1 17 0
15 4 16 4
30 30 30 29
26 19 27 19
1 23 2 23
7 27 7 26
6 23 6 22
25 5 25 6
30 29 31 29
7 15 7 16
25 21 26 21
14 7 13 7
11 1 11 0
5 9 5 10
8 30 8 29
25 12 24 12
5 29 5 28
6 8 7 8
5 7 5 8
3 24 3 25
6 1 5 1
26 5 25 5
26 7 25 7
2 23 3 23
19 20 20 20
19 16 18 16
27 19 27 20
15 16 16 16
8 29 8 28
7 26 7 25
21 4 22 4
25 4 26 4
4 28 4 27
24 26 24 25
28 18 28 19
23 11 22 11
24 12 23 12
23 12 23 11
22 5 21 5
5 6 4 6
10 9 9 9
22 10 23 10
26 12 25 12
5 10 6 10
9 7 10 7
7 29 7 28
25 12 24 12
26 18 26 19
9 5 8 5
3 22 3 21
4 27 5 27
11 9 10 9
24 12 23 12
7 25 8 25
29 13 28 13
12 31 13 31
25 5 25 4
12 8 11 8
0 21 0 22
3 3 3 2
13 31 13 30
16 16 16 15
5 18 6 18
20 29 20 30
9 28 10 28
30 24 29 24
13 30 13 29
11 24 12 24
31 31 30 31
19 31 19 30
6 15 7 15
23 31 23 30
28 21 28 20
12 16 13 16
29 18 30 18
22 3 21 3
22 31 22 30
0 28 0 27
15 21 14 21
13 12 13 13
17 29 18 29
28 14 28 15
13 29 12 29
12 29 12 28
6 9 6 8
185
7 14 7 15
26 0 26 2
5 28 6 28
6 16 7 16
16 15 16 20
7 16 9 16
3 29 4 29
9 29 9 30
15 27 15 29
17 0 18 0
23 2 23 4
22 0 26 0
26 22 26 23
8 23 14 23
4 29 9 29
7 9 9 9
19 29 25 29
28 24 28 26
18 16 18 17
4 10 4 13
9 4 9 9
26 19 28 19
9 16 9 22
14 23 14 25
21 26 25 26
19 26 20 26
23 10 24 10
22 8 22 9
14 23 16 23
7 15 10 15
23 4 25 4
6 28 7 28
18 18 24 18
24 18 25 18
8 26 9 26
8 25 12 25
22 9 22 11
24 6 25 6
22 2 23 2
6 2 11 2
16 20 18 20
25 1 25 4
11 29 15 29
25 29 25 31
2 14 3 14
12 25 12 28
24 9 24 10
18 20 20 20
18 9 18 15
26 20 26 21
5 27 5 28
29 30 31 30
13 24 13 27
0 29 3 29
12 22 14 22
0 1 1 1
10 10 10 11
6 16 6 18
16 15 18 15
5 1 7 1
3 21 3 23
3 21 5 21
22 11 23 11
31 11 31 14
26 23 31 23
4 26 8 26
15 0 17 0
26 19 26 20
11 3 11 4
20 11 22 11
24 10 24 18
1 1 1 6
11 0 11 2
23 11 23 12
6 2 6 6
29 26 29 30
28 26 29 26
4 26 4 29
14 5 15 5
20 26 21 26
2 14 2 18
17 2 22 2
9 9 10 9
20 21 21 21
8 10 8 11
25 26 28 26
13 7 16 7
9 9 9 12
12 21 12 22
8 23 8 25
28 24 29 24
22 4 22 8
17 4 17 5
2 25 3 25
2 18 2 22
15 11 17 11
20 4 20 8
7 28 8 28
16 21 16 23
3 25 4 25
18 0 22 0
18 17 18 18
1 9 1 10
31 26 31 29
22 23 22 25
25 4 25 6
1 10 1 12
26 2 26 3
7 18 7 19
28 30 29 30
15 5 17 5
13 2 15 2
26 3 26 4
3 9 7 9
4 10 6 10
12 24 13 24
7 12 9 12
3 9 3 14
11 0 15 0
16 23 16 29
1 1 5 1
4 13 10 13
11 2 11 3
10 28 12 28
24 10 27 10
21 21 21 26
22 4 23 4
9 29 10 29
2 22 2 25
5 0 5 1
19 29 19 30
13 27 15 27
15 12 15 14
26 4 26 9
12 7 13 7
17 5 17 11
10 13 10 15
8 28 10 28
1 9 3 9
7 16 7 18
9 22 12 22
3 8 3 9
19 26 19 29
24 9 26 9
27 10 28 10
3 23 4 23
9 4 11 4
22 23 24 23
25 6 25 7
13 7 13 13
13 6 13 7
4 23 8 23
2 18 6 18
27 6 27 10
10 29 11 29
15 2 15 5
10 9 10 10
6 10 8 10
10 15 14 15
30 18 31 18
20 20 20 21
28 13 30 13
24 23 26 23
4 25 4 26
11 4 11 7
20 11 20 13
17 4 20 4
15 0 15 2
31 21 31 23
16 20 16 21
31 18 31 21
31 23 31 26
21 21 26 21
12 1 12 7
25 18 25 20
15 11 15 12
14 15 16 15
12 20 12 21
10 13 13 13
5 1 5 8
26 2 30 2
18 9 22 9
25 18 30 18
17 30 19 30
20 13 20 16
