223
11 21 11 20
4 3 4 4
20 6 20 7
2 4 2 5
21 5 20 5
14 2 13 2
12 13 11 13
19 20 19 21
20 9 21 9
5 5 4 5
9 10 9 11
18 5 17 5
1 0 1 1
17 7 16 7
18 9 19 9
12 21 11 21
12 12 11 12
7 6 8 6
14 1 14 2
9 18 9 19
17 8 17 7
13 13 13 14
19 18 20 18
5 12 5 11
5 3 5 2
3 3 2 3
20 19 20 20
18 8 18 9
11 15 11 16
9 16 8 16
9 19 8 19
20 20 19 20
3 4 2 4
6 6 7 6
20 1 19 1
16 21 17 21
7 15 7 14
10 7 11 7
12 20 12 21
7 1 6 1
6 10 5 10
13 20 12 20
12 2 11 2
8 20 9 20
10 8 10 7
21 6 21 5
13 3 13 4
11 8 10 8
2 1 2 0
8 3 7 3
12 19 12 18
14 12 14 11
13 11 12 11
10 2 10 3
9 9 9 10
4 12 5 12
7 11 7 12
19 8 18 8
7 18 8 18
9 11 9 12
21 16 21 17
2 0 1 0
5 6 5 5
14 11 13 11
6 5 6 6
19 7 19 8
10 15 11 15
9 1 9 0
18 14 18 15
20 18 20 19
19 6 19 7
13 2 13 3
10 22 10 21
14 13 14 12
19 11 20 11
10 1 10 2
18 4 18 5
20 5 20 6
16 22 16 21
5 11 6 11
10 14 10 15
9 21 8 21
21 12 21 13
13 8 14 8
12 1 12 2
2 14 2 15
11 14 10 14
10 21 9 21
6 15 7 15
3 5 3 4
9 2 9 1
13 19 13 20
18 8 17 8
19 4 18 4
22 8 21 8
3 0 2 0
9 22 10 22
4 14 4 13
11 13 11 14
15 13 14 13
18 9 18 8
14 17 14 18
6 11 7 11
12 20 12 19
8 11 9 11
14 22 15 22
2 9 3 9
12 11 12 12
6 14 6 15
10 22 10 21
3 4 3 3
14 19 13 19
21 11 21 12
0 15 0 14
18 10 18 9
10 13 11 13
11 20 11 19
11 9 11 8
7 20 8 20
8 15 8 14
18 15 18 16
21 20 20 20
9 21 9 22
11 1 12 1
21 21 20 21
7 5 6 5
8 18 9 18
21 17 20 17
2 10 2 9
4 1 5 1
18 6 19 6
15 14 16 14
10 16 9 16
15 19 16 19
15 11 14 11
12 14 12 13
14 2 15 2
21 10 21 11
4 11 4 12
1 7 1 8
3 3 4 3
11 21 11 20
7 15 8 15
3 1 3 0
3 6 3 5
17 16 17 17
8 9 9 9
12 17 11 17
20 4 19 4
11 2 11 1
11 22 11 21
10 12 10 13
7 21 7 20
4 10 4 11
8 12 8 11
21 1 20 1
15 1 14 1
6 12 6 13
11 10 11 9
22 7 22 8
9 20 9 21
2 6 3 6
19 2 18 2
11 12 10 12
17 17 16 17
19 14 18 14
7 4 7 5
2 5 2 6
19 5 20 5
8 20 9 20
12 12 11 12
19 10 19 11
19 1 18 1
21 18 21 17
14 21 14 22
7 6 7 7
4 11 5 11
4 0 4 1
20 14 19 14
21 17 21 16
5 11 6 11
5 7 5 8
8 19 8 18
9 20 9 19
22 18 21 18
18 14 18 15
19 14 18 14
17 0 16 0
6 11 6 12
10 2 9 2
22 8 22 9
16 21 16 20
4 9 4 10
21 18 20 18
4 10 4 11
2 7 1 7
20 18 19 18
20 1 19 1
3 9 4 9
22 14 21 14
18 7 18 6
7 20 8 20
7 10 6 10
22 9 22 10
10 3 10 4
21 14 20 14
8 20 9 20
2 16 1 16
5 0 4 0
4 11 5 11
22 10 21 10
5 11 6 11
8 4 8 5
20 14 19 14
17 10 18 10
21 2 21 1
16 3 15 3
20 3 20 4
8 8 8 9
7 5 7 6
4 9 4 10
9 1 10 1
3 5 2 5
175
15 16 18 16
15 3 18 3
12 8 12 9
18 8 18 9
11 13 12 13
10 12 11 12
9 12 9 13
8 18 8 21
18 14 19 14
20 10 21 10
4 1 4 3
5 13 5 14
4 16 6 16
6 5 8 5
22 6 22 11
10 1 11 1
12 18 13 18
6 10 8 10
5 10 5 12
5 8 5 10
19 1 19 3
4 10 5 10
20 12 20 15
7 0 7 2
7 16 8 16
4 3 6 3
22 11 22 12
15 12 15 15
17 21 17 22
16 9 17 9
9 15 10 15
17 4 17 5
1 10 3 10
15 2 15 3
18 15 18 16
17 20 18 20
6 11 7 11
19 7 20 7
19 4 19 6
12 2 15 2
0 21 0 22
14 10 15 10
8 6 9 6
2 2 2 3
13 20 13 21
5 5 6 5
5 10 6 10
15 9 15 10
9 13 9 14
0 14 3 14
11 7 11 8
1 2 2 2
5 21 8 21
7 12 9 12
18 8 19 8
19 11 19 12
18 20 19 20
7 3 9 3
19 20 19 21
13 10 13 11
7 14 7 16
6 4 6 5
8 22 9 22
17 4 18 4
12 16 12 18
8 21 8 22
17 20 17 21
13 17 15 17
1 4 2 4
11 15 12 15
11 0 11 1
5 5 5 8
9 19 9 20
17 18 17 19
8 16 8 17
12 9 12 10
20 6 22 6
12 10 12 13
20 12 21 12
2 5 2 6
5 14 7 14
9 22 12 22
11 0 12 0
9 10 10 10
12 10 13 10
3 10 3 11
9 18 9 19
19 21 20 21
7 11 7 12
1 6 2 6
20 7 20 10
10 20 10 21
20 15 20 17
12 8 14 8
18 11 19 11
20 21 20 22
14 15 15 15
20 19 20 20
6 18 8 18
6 11 6 12
18 3 19 3
10 17 10 18
20 17 22 17
20 20 22 20
2 4 2 5
16 4 17 4
0 14 0 16
8 17 8 18
19 12 20 12
0 1 1 1
12 21 12 22
19 6 20 6
7 2 7 3
6 16 7 16
15 15 15 16
6 3 7 3
11 20 13 20
20 17 20 19
10 17 11 17
3 10 4 10
16 19 17 19
2 6 2 8
19 3 19 4
10 15 10 17
12 13 14 13
19 7 19 8
13 19 16 19
10 10 12 10
4 7 4 10
19 17 19 18
17 9 18 9
14 8 14 9
19 18 19 20
13 18 13 19
13 21 15 21
9 2 12 2
18 16 19 16
9 12 10 12
7 13 7 14
15 9 16 9
9 2 9 3
1 1 4 1
5 12 5 13
12 13 12 15
9 20 10 20
3 14 5 14
0 9 0 10
9 14 9 15
15 16 15 17
0 1 0 2
12 15 12 16
15 0 15 2
8 6 8 7
0 11 0 13
16 19 16 20
6 3 6 4
8 15 9 15
10 20 11 20
11 8 12 8
13 21 13 22
19 16 19 17
9 18 10 18
0 13 0 14
18 10 18 11
15 21 17 21
7 7 8 7
1 17 2 17
18 14 18 15
19 9 19 11
15 10 15 12
8 9 8 10
8 10 9 10
2 3 2 4
0 6 1 6
21 12 22 12
