306
9 32 8 32
22 24 22 23
25 0 24 0
31 34 32 34
16 13 15 13
5 29 6 29
34 8 33 8
21 15 22 15
12 33 12 34
1 33 1 34
29 26 28 26
21 0 21 1
21 1 21 2
6 26 5 26
8 29 8 30
17 9 17 8
37 9 38 9
32 11 31 11
32 28 32 27
18 4 18 5
23 16 23 17
18 30 17 30
0 20 1 20
5 14 5 15
6 18 7 18
38 2 37 2
24 32 25 32
16 35 16 36
35 3 35 2
30 34 30 33
2 22 1 22
7 24 7 23
8 4 8 3
13 33 12 33
23 7 22 7
7 19 8 19
25 5 24 5
18 26 18 25
27 1 26 1
20 35 21 35
33 9 33 10
24 5 24 6
27 0 28 0
26 1 26 0
17 30 17 29
27 7 27 8
34 20 34 19
37 2 37 3
37 29 36 29
8 7 9 7
9 33 9 34
17 37 17 38
35 32 34 32
33 34 33 35
12 23 12 24
20 36 20 37
23 29 23 28
33 30 32 30
31 9 32 9
1 14 1 13
36 14 35 14
24 2 23 2
21 38 21 37
7 6 6 6
26 32 26 33
38 10 38 11
37 34 37 33
26 4 26 5
28 0 28 1
17 32 17 33
18 9 18 8
9 36 8 36
1 17 0 17
7 27 6 27
5 20 5 19
17 15 16 15
23 38 23 37
33 8 33 9
36 29 36 30
2 3 2 2
8 28 8 27
37 8 38 8
4 38 4 37
1 20 1 19
30 5 30 4
2 2 2 1
36 30 35 30
6 15 7 15
25 32 26 32
6 6 5 6
32 36 33 36
0 0 1 0
16 11 16 10
3 20 4 20
24 8 24 7
21 35 21 34
8 6 8 5
4 14 3 14
21 24 22 24
37 33 38 33
3 38 3 37
3 8 2 8
0 4 1 4
2 1 1 1
29 1 29 2
13 22 14 22
8 11 8 12
14 18 13 18
29 20 29 21
2 10 1 10
35 33 35 32
26 12 27 12
34 13 33 13
37 26 37 25
21 2 21 3
26 32 27 32
35 30 34 30
26 3 27 3
25 1 25 0
36 36 36 37
33 1 32 1
34 1 34 2
26 13 26 12
26 19 26 20
18 27 17 27
36 37 36 38
34 30 33 30
15 14 14 14
16 16 15 16
14 27 13 27
27 33 27 34
12 10 13 10
22 12 21 12
33 0 33 1
31 20 32 20
29 12 30 12
27 22 26 22
31 24 32 24
9 34 9 35
2 8 2 9
27 11 28 11
12 24 13 24
27 34 28 34
13 27 12 27
7 14 6 14
34 38 33 38
29 27 30 27
23 37 23 36
18 2 18 3
14 12 13 12
2 19 2 18
27 6 26 6
37 14 37 13
28 25 28 24
28 2 27 2
34 2 34 3
33 36 34 36
18 3 18 4
28 10 29 10
23 8 23 7
35 24 35 23
38 17 37 17
6 24 7 24
2 33 2 34
37 1 37 2
26 33 27 33
5 35 5 34
21 3 21 4
1 10 0 10
5 16 4 16
9 35 9 36
32 5 32 4
26 0 27 0
27 32 27 31
2 18 2 17
4 11 5 11
34 36 34 35
27 12 27 13
27 33 28 33
11 0 11 1
35 36 36 36
4 20 4 21
13 36 12 36
30 35 29 35
3 14 2 14
31 31 30 31
30 1 30 0
29 4 29 3
4 4 5 4
29 2 30 2
27 31 28 31
18 4 19 4
33 30 33 31
18 8 18 7
20 15 19 15
18 7 19 7
7 0 7 1
37 17 37 18
34 35 34 34
14 20 14 21
23 36 22 36
36 0 37 0
1 13 1 12
34 34 35 34
18 31 18 30
29 15 28 15
28 31 29 31
1 19 2 19
30 33 31 33
35 23 34 23
7 23 6 23
1 0 2 0
32 19 33 19
5 4 5 5
2 14 1 14
16 15 16 16
36 36 37 36
22 13 23 13
7 1 6 1
14 31 14 32
6 1 5 1
27 5 27 6
33 1 33 2
30 2 30 3
30 3 31 3
4 5 4 6
29 3 28 3
18 25 18 24
2 0 2 1
34 23 33 23
36 11 36 12
19 4 19 5
1 14 1 15
1 15 1 16
37 18 36 18
21 8 21 7
34 4 35 4
2 1 2 2
27 13 27 14
33 10 34 10
27 14 28 14
34 17 34 16
19 5 19 6
19 7 20 7
23 17 22 17
32 4 31 4
22 10 21 10
28 33 29 33
36 18 35 18
1 1 0 1
21 4 20 4
33 23 32 23
1 12 2 12
2 2 3 2
17 8 17 7
33 31 32 31
22 36 21 36
38 18 37 18
31 3 32 3
35 34 35 33
8 27 7 27
3 29 3 30
22 17 21 17
26 20 27 20
34 3 34 4
20 7 20 8
23 28 22 28
3 30 2 30
20 4 20 5
32 3 32 4
3 2 4 2
2 19 3 19
2 23 3 23
20 5 20 6
29 33 30 33
35 35 35 36
37 18 36 18
19 6 19 7
35 17 36 17
35 18 34 18
33 2 33 3
21 17 21 16
20 6 20 7
34 18 33 18
4 2 4 1
7 3 6 3
22 23 23 23
36 18 35 18
3 19 4 19
33 18 33 17
32 31 32 32
34 33 34 34
6 12 5 12
35 18 34 18
33 3 33 4
34 18 33 18
37 36 38 36
34 34 33 34
10 25 11 25
34 12 34 11
21 36 20 36
20 22 21 22
1 35 0 35
21 16 20 16
5 11 5 10
4 1 4 0
194
30 27 30 31
8 5 9 5
34 11 37 11
16 30 16 32
35 32 35 33
38 33 38 36
34 19 35 19
37 3 37 11
13 15 13 16
6 27 6 29
7 22 7 24
28 3 37 3
13 10 16 10
12 36 12 37
2 9 4 9
19 9 19 14
30 7 34 7
34 7 34 10
0 1 3 1
24 6 24 7
16 24 18 24
13 7 15 7
6 0 6 3
33 19 33 24
5 5 8 5
24 1 28 1
28 28 28 34
11 7 13 7
12 36 16 36
0 1 0 7
22 37 22 38
29 10 29 14
29 10 30 10
16 10 16 16
10 7 11 7
24 1 24 6
16 16 20 16
13 7 13 10
10 38 17 38
13 12 13 15
13 1 13 7
8 9 8 12
6 38 10 38
20 30 21 30
8 33 12 33
0 7 0 10
8 3 8 5
37 11 38 11
0 14 6 14
29 8 29 10
16 9 16 10
10 15 10 21
27 8 27 9
1 16 4 16
2 9 2 12
9 36 12 36
30 27 32 27
28 1 28 3
15 6 24 6
8 30 8 32
33 34 36 34
18 24 18 30
38 11 38 13
22 28 22 34
33 4 34 4
18 30 20 30
27 23 28 23
22 24 22 28
27 6 27 8
7 21 10 21
5 19 6 19
4 9 8 9
28 17 30 17
34 10 34 11
26 5 34 5
7 27 11 27
16 30 18 30
21 34 22 34
22 28 28 28
8 12 13 12
7 21 7 22
13 24 16 24
30 31 35 31
7 24 7 27
20 34 20 36
0 10 0 13
32 34 32 35
4 19 4 21
0 14 0 17
30 22 30 27
13 16 13 18
21 26 21 30
26 6 27 6
35 33 38 33
18 30 18 33
27 20 32 20
30 7 30 10
20 7 20 8
30 17 32 17
2 37 2 38
30 12 30 17
2 34 2 37
25 22 25 27
32 24 32 27
30 11 30 12
32 32 32 34
35 31 35 32
16 9 19 9
29 31 30 31
22 21 22 22
13 24 13 29
14 21 22 21
8 33 8 34
27 23 27 24
28 14 29 14
13 10 13 12
26 5 26 6
30 31 30 33
14 33 17 33
17 31 17 33
32 34 33 34
34 16 34 19
2 21 2 30
7 24 13 24
32 17 32 20
36 38 37 38
26 2 26 5
8 5 8 9
14 21 14 22
15 6 15 7
27 24 27 26
32 9 33 9
12 33 14 33
28 34 32 34
14 14 14 15
19 7 20 7
4 0 6 0
27 9 27 20
6 3 8 3
22 8 22 15
0 13 0 14
12 21 14 21
34 11 34 16
6 27 7 27
17 7 19 7
12 37 20 37
20 36 20 37
1 31 1 34
12 27 12 29
36 34 36 38
25 2 26 2
0 17 2 17
3 1 5 1
27 26 28 26
32 9 32 17
4 21 7 21
5 26 5 30
1 34 2 34
5 6 5 7
6 14 6 19
35 14 35 19
4 16 4 19
32 17 33 17
32 24 33 24
32 20 32 23
7 33 8 33
17 38 22 38
22 34 22 37
10 15 13 15
7 18 7 21
28 26 28 28
12 29 12 33
27 20 27 23
9 4 9 5
34 4 34 5
14 15 14 21
32 4 33 4
33 19 34 19
22 22 22 24
0 7 5 7
5 30 8 30
8 32 8 33
2 17 2 21
20 8 22 8
33 17 33 18
2 30 5 30
22 22 25 22
2 30 2 34
32 32 34 32
22 8 27 8
2 38 6 38
20 30 20 34
8 34 8 36
31 35 32 35
