234
7 6 8 6
9 20 8 20
15 8 14 8
12 20 11 20
1 21 2 21
6 12 6 11
17 17 16 17
12 0 13 0
15 7 15 8
10 4 10 5
18 2 18 3
19 2 18 2
19 6 18 6
14 10 14 9
12 8 12 9
13 5 12 5
19 14 19 13
11 11 11 10
7 15 7 16
12 17 12 16
17 20 18 20
10 11 11 11
9 11 10 11
17 21 17 20
14 6 14 5
8 4 8 3
20 2 19 2
15 21 16 21
3 5 3 6
8 7 7 7
13 3 14 3
9 7 8 7
21 7 21 6
2 9 2 10
18 17 17 17
6 15 7 15
14 15 13 15
3 9 2 9
8 12 8 13
7 4 8 4
6 19 5 19
13 17 12 17
8 2 7 2
11 18 12 18
8 19 9 19
15 15 14 15
5 19 5 18
7 5 7 4
10 20 9 20
21 8 21 7
6 11 5 11
13 2 13 3
15 6 15 7
5 3 5 2
7 7 7 6
20 4 20 5
13 15 13 14
19 17 20 17
3 13 3 12
9 17 9 16
10 16 10 15
9 12 8 12
20 13 21 13
18 18 18 17
14 7 14 6
19 1 19 0
3 8 3 9
2 17 2 18
6 14 6 15
7 17 6 17
2 20 3 20
18 19 18 18
13 20 12 20
6 5 7 5
11 19 11 18
2 8 3 8
7 19 6 19
2 13 3 13
8 20 8 19
19 7 19 6
17 19 18 19
6 7 7 7
10 19 10 20
7 20 8 20
14 9 15 9
9 6 9 7
16 10 15 10
20 6 20 7
11 0 12 0
6 10 6 11
1 20 2 20
17 20 17 19
8 6 9 6
6 13 6 14
20 3 20 4
0 9 0 10
9 19 9 18
8 3 8 2
21 9 21 8
19 13 20 13
5 13 6 13
9 10 9 11
16 20 17 20
1 9 0 9
21 10 21 9
5 14 5 13
10 17 10 16
5 15 5 14
20 7 19 7
12 4 13 4
2 9 2 8
16 21 16 20
20 10 21 10
17 20 17 21
11 17 10 17
8 5 8 6
20 11 20 10
19 4 18 4
9 18 9 17
13 9 14 9
14 17 13 17
12 14 12 15
11 14 12 14
19 18 19 17
11 15 11 14
4 15 5 15
10 12 9 12
8 19 7 19
3 20 4 20
5 5 6 5
9 9 9 10
3 19 4 19
3 17 2 17
14 14 15 14
2 20 3 20
9 8 9 9
14 15 14 14
2 19 3 19
20 14 19 14
19 2 19 1
16 20 17 20
20 1 20 2
7 10 6 10
1 16 0 16
8 10 7 10
12 9 13 9
5 12 6 12
20 8 20 7
5 7 6 7
8 11 8 10
19 3 20 3
7 16 7 17
2 21 2 20
11 16 11 17
9 4 10 4
10 15 11 15
10 11 10 12
10 13 11 13
4 5 5 5
3 18 3 17
3 19 3 18
3 3 3 4
9 7 9 8
15 14 15 15
19 19 19 18
11 11 10 11
15 20 16 20
9 11 8 11
19 11 20 11
7 5 8 5
7 3 8 3
8 20 8 19
14 9 14 10
21 19 21 18
12 10 12 9
9 12 9 11
3 20 3 19
10 12 9 12
19 18 19 19
7 1 6 1
13 7 14 7
2 20 2 19
13 6 13 5
8 7 9 7
18 18 19 18
8 19 9 19
12 7 13 7
13 1 13 2
7 7 8 7
11 10 12 10
12 9 12 8
7 8 7 7
16 6 15 6
15 15 14 15
16 18 15 18
16 12 15 12
12 8 12 7
2 14 2 13
12 16 11 16
10 10 11 10
11 8 12 8
9 19 9 18
14 21 15 21
9 10 10 10
13 9 12 9
13 19 13 20
12 17 12 16
12 3 12 4
11 10 11 11
10 10 11 10
0 20 1 20
8 4 9 4
8 10 9 10
19 12 19 13
7 19 8 19
10 9 10 10
0 21 0 20
5 4 5 3
11 17 12 17
16 11 16 10
17 21 16 21
14 6 13 6
13 3 12 3
10 14 10 15
1 20 1 21
10 17 11 17
8 2 9 2
0 20 0 21
0 19 0 20
16 10 16 11
20 19 21 19
1 8 1 9
2 5 3 5
1 9 1 8
166
8 8 9 8
15 10 17 10
5 11 5 13
5 5 5 6
3 5 5 5
10 3 10 4
11 15 12 15
0 18 0 20
19 13 19 14
18 1 19 1
5 8 5 9
1 17 1 18
8 3 8 5
14 15 14 16
4 9 5 9
5 6 6 6
3 18 4 18
9 10 10 10
1 14 1 17
5 2 6 2
10 0 10 1
12 4 12 5
19 10 20 10
3 9 4 9
5 11 6 11
14 0 14 1
12 19 14 19
15 6 17 6
3 18 3 19
5 10 5 11
12 19 12 20
2 19 3 19
6 7 6 8
15 21 16 21
17 15 18 15
12 15 12 16
11 9 12 9
5 16 6 16
5 15 5 16
5 9 5 10
15 19 16 19
9 8 9 9
8 11 9 11
19 6 21 6
6 11 7 11
9 9 11 9
8 5 8 6
4 13 5 13
11 17 11 18
7 6 7 7
17 18 17 19
17 2 17 3
6 2 7 2
14 0 15 0
17 5 17 6
0 20 0 21
17 17 17 18
14 18 14 19
16 8 17 8
21 3 21 4
14 19 15 19
4 17 4 18
17 8 18 8
9 9 9 10
17 10 18 10
5 13 5 14
4 19 4 20
2 10 2 11
12 8 13 8
17 18 19 18
17 3 18 3
10 1 10 2
0 2 0 3
17 8 17 10
9 17 9 18
13 2 13 4
12 14 12 15
8 19 12 19
17 6 18 6
16 21 18 21
10 2 10 3
13 21 15 21
10 11 10 15
15 13 15 17
0 18 1 18
5 6 5 8
19 18 20 18
18 13 19 13
18 10 19 10
12 9 15 9
19 7 19 8
0 9 3 9
2 10 3 10
8 7 8 8
10 4 10 5
15 12 18 12
3 14 4 14
14 16 14 18
7 11 8 11
8 16 8 17
17 1 17 2
12 6 13 6
0 7 0 9
12 5 12 6
8 6 8 7
15 19 15 21
7 0 7 2
0 3 0 4
9 17 11 17
19 1 21 1
4 17 5 17
15 0 15 1
8 15 8 16
18 6 19 6
12 15 14 15
12 7 12 8
18 12 18 13
15 12 15 13
21 6 21 7
9 15 10 15
13 6 15 6
6 19 8 19
4 19 6 19
0 4 0 5
12 6 12 7
17 19 17 20
16 20 17 20
15 17 15 18
15 2 17 2
19 14 19 15
11 7 11 9
12 1 14 1
11 2 12 2
4 13 4 14
18 15 19 15
12 2 13 2
10 4 11 4
0 20 4 20
10 10 10 11
19 1 19 5
8 0 10 0
0 21 1 21
6 16 8 16
15 9 15 10
1 14 3 14
5 16 5 17
19 5 19 6
18 8 19 8
6 6 7 6
15 5 15 6
11 4 12 4
11 6 12 6
7 0 8 0
12 0 12 1
6 8 8 8
20 18 21 18
13 2 14 2
8 15 9 15
19 10 19 13
15 18 17 18
7 2 7 4
19 8 21 8
7 4 7 6
14 2 15 2
10 0 12 0
8 17 9 17
