34
28 31 28 30
34 4 33 4
37 23 36 23
25 8 26 8
16 21 16 20
28 27 28 28
28 30 28 29
4 7 4 6
31 11 31 12
11 30 11 31
26 9 25 9
2 36 3 36
33 15 33 14
23 15 24 15
31 12 30 12
24 15 24 14
21 16 20 16
7 0 7 1
27 19 26 19
36 13 36 12
14 28 14 29
3 14 2 14
1 1 1 0
36 12 35 12
23 4 23 3
37 20 36 20
12 28 11 28
21 13 21 14
35 23 34 23
34 28 34 29
32 36 32 35
4 33 5 33
7 5 7 6
5 34 5 35
166
4 20 4 27
15 19 17 19
15 3 15 19
27 24 27 28
1 14 1 26
20 7 20 16
33 4 33 6
11 8 11 25
20 16 24 16
0 3 0 5
15 20 15 25
13 1 13 8
24 5 32 5
15 3 22 3
1 4 2 4
27 28 28 28
32 4 33 4
35 1 35 9
32 4 32 5
37 3 37 8
11 28 15 28
32 29 34 29
17 18 20 18
24 12 24 14
19 27 25 27
11 25 15 25
17 36 17 37
35 9 35 12
19 4 19 16
0 28 1 28
20 7 28 7
18 21 21 21
25 9 25 14
17 19 17 27
17 18 17 19
19 16 20 16
1 26 1 28
17 27 19 27
2 4 2 7
36 20 36 23
35 12 37 12
13 1 35 1
21 21 25 21
24 33 31 33
5 9 5 16
24 14 24 16
36 23 36 27
21 14 24 14
13 8 13 17
28 7 31 7
20 16 20 18
2 7 2 14
4 6 6 6
28 10 29 10
11 8 13 8
29 10 32 10
15 20 16 20
0 5 0 13
0 19 0 28
28 28 28 29
15 19 15 20
37 8 37 12
16 20 16 23
34 23 36 23
24 14 25 14
32 10 32 14
25 21 25 27
13 31 16 31
27 22 27 24
30 29 32 29
1 4 1 6
5 16 5 29
14 30 31 30
11 25 11 28
11 31 13 31
37 14 37 32
0 13 0 19
32 14 32 16
34 23 34 29
24 8 24 9
21 8 21 14
11 1 11 3
28 29 30 29
1 6 1 8
23 3 34 3
4 6 4 13
1 8 1 14
8 31 8 35
3 10 3 15
26 12 26 19
28 7 28 10
8 35 9 35
3 6 4 6
32 16 32 29
32 5 32 10
26 19 26 21
18 22 21 22
11 3 11 4
26 21 29 21
10 1 11 1
3 15 3 24
29 21 29 26
35 14 37 14
6 28 7 28
32 31 32 32
9 1 9 19
6 14 6 28
7 28 8 28
34 11 34 13
34 13 34 14
23 19 26 19
30 13 30 25
34 14 35 14
9 19 9 21
26 21 26 28
9 21 9 22
9 35 9 37
5 35 8 35
8 16 8 27
35 32 37 32
26 8 26 12
11 31 11 34
9 31 9 35
9 35 24 35
3 8 3 10
8 28 8 31
32 32 32 33
9 29 14 29
9 22 9 29
17 31 30 31
10 1 10 6
3 0 3 6
33 14 33 16
5 33 5 35
32 32 35 32
29 18 29 21
3 24 3 36
33 14 34 14
14 29 14 30
6 6 7 6
3 0 13 0
1 36 3 36
9 31 11 31
30 12 30 13
1 0 3 0
16 31 17 31
13 0 14 0
11 34 36 34
16 32 32 32
9 29 9 31
26 12 30 12
9 1 10 1
24 35 32 35
26 28 26 29
32 33 34 33
6 1 6 6
14 29 26 29
8 4 8 16
24 8 26 8
30 31 32 31
3 6 3 8
33 9 33 14
6 28 6 29
6 6 6 14
8 27 8 28
34 3 34 11
