210
9 26 9 25
15 12 15 11
17 11 18 11
30 21 29 21
10 16 10 15
5 32 6 32
28 17 29 17
21 19 21 20
1 2 1 3
5 22 5 21
19 6 18 6
15 3 15 2
4 12 3 12
32 13 31 13
8 15 8 16
17 5 17 6
18 19 18 18
13 20 12 20
13 16 13 15
17 13 18 13
13 28 14 28
9 29 9 28
10 24 11 24
7 0 7 1
21 21 22 21
10 4 10 5
13 13 12 13
14 31 14 30
25 7 25 6
23 0 22 0
23 18 23 17
28 5 28 6
17 6 17 7
3 0 3 1
24 25 23 25
31 22 32 22
11 28 11 29
25 16 25 17
31 28 30 28
5 13 5 12
7 9 8 9
11 13 11 14
4 22 5 22
3 1 3 2
18 16 18 15
3 8 2 8
31 27 30 27
11 14 11 15
17 12 17 11
13 30 13 29
27 16 28 16
13 3 13 2
17 9 18 9
7 1 8 1
29 14 28 14
30 30 30 29
28 16 28 17
2 0 2 1
23 9 22 9
12 29 12 28
25 1 25 2
19 2 19 1
28 27 28 26
20 30 20 29
13 2 12 2
2 18 1 18
20 29 19 29
30 12 29 12
16 9 17 9
9 24 8 24
18 9 18 8
32 32 32 31
10 5 9 5
25 20 25 19
1 3 1 4
4 24 4 23
6 6 5 6
11 15 12 15
6 14 6 15
18 12 17 12
14 24 14 23
2 10 3 10
13 29 13 28
11 19 10 19
7 20 6 20
27 17 27 16
1 15 1 16
26 30 26 29
12 0 11 0
26 16 25 16
21 8 21 9
15 24 15 25
3 14 4 14
11 0 10 0
0 4 0 3
28 15 28 16
14 30 13 30
32 24 31 24
14 32 15 32
18 28 18 29
29 12 29 13
4 17 5 17
13 31 14 31
16 28 16 27
29 19 30 19
19 5 19 6
18 17 19 17
3 4 3 3
25 19 24 19
4 28 3 28
18 29 18 30
13 23 12 23
25 17 25 18
6 28 6 27
2 4 2 3
4 13 5 13
12 25 12 26
22 14 22 13
2 21 3 21
9 16 10 16
15 32 15 31
19 20 18 20
6 27 5 27
8 18 7 18
14 23 13 23
6 32 6 31
19 29 18 29
10 16 11 16
1 16 2 16
5 8 6 8
13 21 13 20
24 11 23 11
5 29 5 30
1 4 2 4
28 6 27 6
25 8 25 7
14 31 14 30
14 30 14 29
6 31 7 31
23 1 23 0
30 5 31 5
24 19 23 19
7 31 7 30
13 30 14 30
25 3 24 3
15 25 16 25
6 15 6 16
27 6 27 7
16 25 17 25
31 13 30 13
1 1 1 0
30 24 29 24
2 2 1 2
23 19 22 19
2 16 3 16
3 9 3 8
5 24 5 23
26 13 26 14
12 31 13 31
2 4 3 4
21 14 22 14
18 15 17 15
12 11 13 11
10 0 10 1
3 7 2 7
13 31 13 30
12 9 12 10
19 12 19 13
15 31 15 30
5 12 4 12
1 11 2 11
28 13 27 13
9 28 9 27
16 10 16 9
1 0 2 0
17 3 16 3
7 30 7 29
22 0 21 0
22 19 21 19
3 2 4 2
1 17 1 16
15 11 14 11
2 0 3 0
5 28 6 28
2 15 1 15
18 29 17 29
13 30 13 29
21 19 20 19
7 29 7 28
3 0 3 1
10 32 11 32
1 13 1 12
15 2 16 2
25 13 24 13
6 17 7 17
7 28 7 27
10 1 9 1
15 30 15 29
23 11 24 11
17 25 18 25
9 20 9 19
13 18 12 18
9 1 9 2
1 16 2 16
4 2 4 3
3 1 4 1
3 16 4 16
4 16 5 16
4 3 4 4
4 1 4 2
190
25 15 25 16
18 11 18 13
30 29 31 29
4 12 7 12
29 7 29 13
9 25 9 27
27 16 28 16
28 22 29 22
2 1 2 3
7 10 7 12
2 3 2 6
4 23 5 23
11 1 12 1
29 13 30 13
11 5 13 5
8 28 12 28
11 30 12 30
2 13 2 16
14 11 16 11
17 1 19 1
16 6 18 6
2 16 2 22
32 25 32 28
18 13 18 18
13 4 13 5
15 8 15 10
16 8 16 9
17 28 17 29
13 1 13 4
14 28 14 29
11 24 11 25
19 1 31 1
5 23 5 27
2 22 3 22
12 10 12 13
18 20 21 20
2 9 5 9
21 17 21 20
6 29 8 29
5 27 7 27
28 16 29 16
8 1 8 4
2 9 2 11
29 22 29 24
15 5 15 8
25 16 27 16
0 3 2 3
9 7 9 9
20 18 20 19
12 13 18 13
7 8 7 10
22 13 24 13
16 7 16 8
19 13 19 14
16 2 23 2
29 29 29 31
31 1 31 3
25 28 25 30
21 22 21 23
29 13 29 16
13 29 14 29
26 26 28 26
8 28 8 29
25 2 25 4
2 7 2 8
27 22 28 22
9 25 11 25
8 17 8 24
18 13 19 13
29 7 30 7
31 3 31 5
5 6 5 9
15 8 16 8
11 10 12 10
31 17 31 18
4 14 4 20
9 5 9 7
15 28 17 28
12 13 12 14
2 1 8 1
14 25 14 28
6 4 6 5
25 10 25 15
4 12 4 14
4 20 4 21
12 1 13 1
30 7 31 7
13 20 18 20
16 11 17 11
2 6 2 7
31 14 31 17
11 10 11 16
17 9 17 11
6 16 8 16
2 11 2 13
3 10 6 10
28 26 29 26
31 11 31 14
6 5 6 8
6 13 6 16
18 27 18 30
17 9 19 9
12 30 14 30
9 2 9 3
5 16 6 16
29 17 29 21
23 17 28 17
23 17 23 25
19 6 20 6
14 21 14 25
4 2 4 4
16 6 16 7
29 17 31 17
30 11 31 11
15 5 21 5
25 6 25 7
8 9 8 16
20 6 24 6
26 29 29 29
9 3 9 5
8 8 8 9
11 16 11 24
18 18 20 18
13 15 13 20
14 29 15 29
14 10 14 11
12 28 12 30
23 16 23 17
17 11 17 12
14 21 16 21
31 5 31 7
6 8 6 10
3 29 6 29
4 4 6 4
4 21 4 23
13 1 17 1
1 29 3 29
22 9 22 13
25 9 25 10
24 10 25 10
13 11 14 11
6 5 7 5
28 17 29 17
3 22 3 23
11 30 11 32
6 16 6 18
5 13 6 13
21 9 21 17
8 16 8 17
8 17 9 17
12 15 13 15
19 9 21 9
8 1 11 1
11 25 14 25
8 9 9 9
8 24 8 28
6 18 6 20
14 30 18 30
21 17 23 17
11 5 11 10
3 23 4 23
21 9 22 9
2 8 2 9
13 20 13 22
31 18 31 24
25 6 30 6
13 15 17 15
15 28 15 29
23 7 25 7
29 26 29 29
29 31 32 31
7 5 9 5
19 6 19 9
3 4 4 4
24 6 25 6
21 20 21 22
6 21 6 23
18 25 18 27
19 9 19 10
13 5 15 5
31 24 31 29
6 20 6 21
29 29 30 29
25 4 25 6
23 2 25 2
27 7 27 10
3 28 3 29
31 9 31 11
18 20 18 25
25 7 27 7
