323
26 2 27 2
33 36 33 35
34 18 34 17
34 10 34 9
25 25 24 25
9 4 9 3
29 12 30 12
12 17 12 18
8 32 9 32
20 2 21 2
24 8 25 8
20 30 19 30
23 32 23 33
27 1 28 1
11 3 11 4
14 32 15 32
22 14 21 14
17 27 17 28
20 8 21 8
19 30 19 29
12 5 13 5
9 35 10 35
32 26 32 25
34 7 34 6
37 23 36 23
23 23 23 24
8 28 8 27
18 3 19 3
26 23 25 23
4 27 4 26
23 25 23 26
25 36 25 35
21 3 22 3
20 0 20 1
1 6 1 7
19 29 19 28
17 17 18 17
26 28 27 28
4 10 5 10
30 5 30 4
29 10 28 10
22 5 22 6
27 31 27 32
26 5 27 5
18 22 19 22
8 8 8 7
12 2 12 1
5 6 5 7
24 23 23 23
3 24 2 24
4 9 4 8
36 17 37 17
20 22 20 21
7 2 6 2
28 31 28 30
0 8 1 8
26 10 25 10
26 30 27 30
2 6 2 5
14 7 13 7
13 33 14 33
7 27 7 28
33 20 33 19
17 16 17 17
23 13 23 14
18 23 18 22
21 14 21 13
10 10 10 9
21 37 21 36
32 28 31 28
19 27 18 27
11 8 12 8
29 6 29 7
5 20 4 20
20 10 19 10
0 33 0 34
1 8 1 9
16 8 15 8
28 30 28 29
21 34 20 34
21 13 20 13
13 7 13 6
35 16 34 16
34 9 33 9
33 31 33 32
28 22 29 22
7 7 7 8
15 32 15 31
7 8 7 9
2 5 3 5
35 6 35 5
12 4 12 3
10 23 10 22
27 36 27 35
25 2 25 1
32 25 33 25
35 24 35 25
27 32 26 32
15 31 15 30
28 1 28 0
28 27 28 26
11 11 11 10
6 10 6 9
11 10 12 10
8 7 7 7
14 23 13 23
28 20 29 20
1 33 1 34
32 22 32 23
5 12 5 13
28 26 28 25
4 26 4 25
23 26 22 26
10 36 11 36
19 22 19 21
20 14 21 14
10 22 9 22
21 14 22 14
28 29 27 29
3 13 3 12
7 16 7 15
3 26 4 26
18 2 19 2
16 21 16 20
22 6 23 6
4 25 4 24
32 14 31 14
1 7 1 8
13 6 12 6
12 1 11 1
28 14 29 14
15 8 15 9
33 22 32 22
31 14 31 15
26 4 26 5
7 18 7 19
35 18 35 17
31 27 32 27
15 30 15 29
24 24 24 23
13 0 12 0
30 27 31 27
12 11 12 12
31 15 31 16
15 29 16 29
10 20 10 19
18 16 18 15
9 22 8 22
9 36 10 36
19 14 19 13
34 16 34 15
33 25 33 24
32 23 32 24
25 6 24 6
3 5 4 5
36 25 36 24
3 21 3 20
4 5 5 5
8 22 7 22
5 28 5 29
18 15 19 15
7 28 8 28
0 18 0 17
12 18 11 18
18 32 18 31
17 13 17 12
30 3 29 3
21 12 21 13
16 29 17 29
2 25 3 25
14 33 14 32
1 34 1 35
13 23 13 22
32 18 31 18
3 20 3 19
6 29 6 28
29 11 29 12
17 29 18 29
32 22 32 23
31 28 30 28
25 23 25 22
26 29 26 28
3 12 4 12
24 6 24 7
15 9 14 9
33 19 34 19
1 8 2 8
30 28 30 27
5 30 4 30
19 3 19 4
18 31 18 30
27 29 26 29
18 4 18 3
14 9 13 9
2 8 3 8
29 3 28 3
13 5 13 6
9 31 9 30
13 6 13 7
1 35 0 35
16 10 17 10
28 4 27 4
1 9 2 9
13 9 12 9
18 22 19 22
31 16 31 17
26 29 25 29
8 28 9 28
4 8 5 8
28 10 28 11
9 30 10 30
33 23 33 22
5 5 6 5
3 8 4 8
4 30 4 29
15 18 15 17
28 3 28 4
17 10 18 10
5 21 5 20
28 11 27 11
8 30 8 29
7 7 6 7
3 7 2 7
23 24 23 25
23 27 23 28
6 5 7 5
7 15 6 15
0 17 0 16
19 22 20 22
13 22 13 21
5 20 5 19
7 3 7 2
35 17 35 16
7 19 8 19
26 5 26 6
28 25 29 25
0 7 1 7
23 12 22 12
31 17 32 17
2 9 2 10
12 8 12 7
13 21 14 21
0 34 1 34
27 26 28 26
30 7 30 8
4 24 4 23
30 27 29 27
19 35 20 35
2 10 2 11
36 24 35 24
19 28 19 27
7 22 6 22
32 17 32 18
32 18 33 18
5 19 5 18
18 29 18 28
35 24 35 23
33 24 33 23
28 5 29 5
5 8 6 8
20 22 21 22
29 33 29 34
29 25 29 24
4 8 5 8
3 25 3 24
14 21 14 20
2 11 3 11
19 27 20 27
19 36 18 36
20 27 21 27
18 30 18 29
27 11 26 11
18 28 19 28
6 22 5 22
1 25 2 25
33 4 34 4
27 4 26 4
26 11 26 12
0 16 0 15
29 27 28 27
25 29 25 28
25 22 25 21
25 1 24 1
26 12 25 12
0 15 0 14
26 13 26 12
28 4 27 4
30 4 30 3
29 24 29 23
25 28 25 27
25 27 25 26
0 14 1 14
26 4 25 4
4 23 5 23
6 8 7 8
2 25 3 25
4 17 3 17
28 27 27 27
27 27 26 27
19 28 19 27
3 25 4 25
19 27 20 27
26 27 25 27
18 29 18 28
4 29 4 28
3 24 3 23
3 23 4 23
14 16 13 16
25 26 25 25
5 8 6 8
1 14 2 14
18 28 19 28
34 19 34 20
3 11 4 11
19 28 20 28
4 28 4 27
3 14 4 14
27 4 26 4
25 4 25 3
16 17 16 16
4 26 5 26
30 3 30 4
26 4 25 4
175
24 32 26 32
4 11 10 11
29 15 29 16
11 33 11 35
29 15 33 15
21 32 24 32
3 10 3 17
17 17 18 17
19 21 19 23
15 19 15 21
29 14 29 15
9 28 9 32
12 0 12 3
26 24 26 28
6 24 9 24
8 21 15 21
29 12 29 14
13 28 17 28
26 32 33 32
33 18 36 18
6 3 9 3
23 6 26 6
28 24 32 24
19 16 19 17
21 36 29 36
34 6 34 15
20 13 21 13
6 28 9 28
23 7 24 7
29 16 32 16
21 32 21 36
23 6 23 7
26 24 28 24
5 18 5 22
3 27 3 28
23 28 26 28
26 6 26 12
1 28 3 28
23 25 23 28
6 13 6 15
0 35 0 36
6 2 6 3
8 29 8 31
34 15 34 17
29 21 29 22
26 3 26 6
3 17 3 19
24 23 29 23
20 27 21 27
22 25 23 25
18 13 18 14
19 17 19 21
15 21 19 21
26 28 26 32
26 1 26 3
37 22 37 24
26 3 27 3
9 34 9 37
26 1 31 1
9 14 13 14
22 14 23 14
32 24 32 27
6 19 8 19
18 14 18 17
32 24 37 24
5 10 12 10
24 1 26 1
4 12 7 12
18 14 22 14
22 3 22 11
0 3 1 3
32 16 32 19
9 28 13 28
24 12 24 14
29 20 30 20
13 4 13 7
9 25 9 28
8 19 8 21
23 14 24 14
5 13 5 17
33 23 35 23
3 17 5 17
36 18 36 21
29 16 29 18
9 14 9 17
4 23 4 25
19 32 21 32
19 23 19 32
6 18 11 18
21 24 21 27
22 14 22 19
24 12 25 12
5 7 5 10
9 25 10 25
14 13 14 15
12 3 12 6
19 32 19 37
22 3 25 3
33 15 34 15
19 4 19 8
10 11 14 11
24 14 24 23
3 10 5 10
21 22 21 24
7 8 9 8
19 21 20 21
13 14 13 15
22 11 22 12
8 31 8 33
29 18 29 20
24 25 25 25
14 13 18 13
2 19 3 19
37 30 37 31
25 3 25 4
9 7 9 8
14 4 19 4
9 24 9 25
1 28 1 34
4 23 5 23
26 12 29 12
33 22 33 23
18 1 20 1
14 32 19 32
14 11 14 13
13 4 14 4
7 5 7 8
29 22 29 23
30 22 33 22
36 6 37 6
1 34 4 34
15 17 15 19
21 22 22 22
37 17 37 22
29 22 30 22
33 18 33 22
11 7 12 7
12 9 12 10
6 3 6 7
11 15 13 15
24 7 24 9
22 19 22 22
20 1 20 13
28 24 28 26
5 7 6 7
22 12 24 12
3 28 6 28
13 15 14 15
4 11 4 12
9 7 11 7
6 19 6 24
0 35 2 35
9 3 12 3
32 8 32 9
24 23 24 25
34 17 37 17
18 10 18 13
14 4 14 11
29 36 37 36
6 8 7 8
1 3 6 3
9 32 9 34
5 18 6 18
5 13 6 13
12 7 13 7
14 15 14 20
20 27 20 28
5 22 5 23
19 2 19 4
20 1 24 1
34 6 36 6
4 25 4 27
11 15 11 18
3 19 3 27
25 25 25 27
