25
1 11 1 12
2 12 3 12
0 11 1 11
1 7 2 7
14 17 14 16
4 7 5 7
9 2 10 2
9 3 9 2
10 2 10 3
17 7 17 8
7 7 7 8
8 6 7 6
9 1 9 0
7 0 7 1
15 2 14 2
8 12 9 12
17 5 16 5
11 8 11 9
7 5 8 5
8 0 7 0
0 4 1 4
7 4 7 5
1 6 1 7
1 4 2 4
16 5 16 6
175
4 6 4 8
7 9 7 10
13 13 14 13
12 12 12 13
12 11 14 11
13 12 13 13
9 8 10 8
12 12 13 12
14 8 15 8
2 7 2 8
4 8 4 10
7 8 7 9
17 1 17 4
1 7 2 7
1 9 1 10
12 13 12 17
14 13 15 13
3 5 5 5
11 12 12 12
10 0 11 0
5 16 5 17
13 15 13 16
2 4 2 5
4 8 5 8
11 2 13 2
15 11 15 13
14 8 14 11
2 8 2 9
2 5 2 7
11 2 11 3
2 5 3 5
11 6 11 7
7 2 7 3
6 10 6 11
17 4 17 6
12 11 12 12
15 4 15 5
15 4 16 4
7 6 9 6
6 5 7 5
13 2 14 2
10 7 11 7
7 5 7 6
2 10 2 14
9 12 11 12
15 9 15 11
13 16 13 17
1 10 1 11
8 17 9 17
9 5 9 6
4 15 8 15
9 6 11 6
16 4 17 4
7 2 8 2
11 13 12 13
2 14 3 14
10 7 10 8
9 13 10 13
8 1 8 2
5 8 7 8
2 8 3 8
13 1 13 2
13 17 16 17
6 16 7 16
1 0 3 0
16 3 16 4
10 13 11 13
8 8 8 10
11 0 11 1
15 6 16 6
1 10 2 10
5 5 6 5
9 4 9 5
13 2 13 3
6 4 8 4
4 10 4 11
14 0 14 2
17 6 17 8
1 0 1 1
3 8 4 8
2 9 2 10
16 13 16 15
9 2 11 2
5 16 6 16
13 3 16 3
4 14 4 15
0 0 0 2
1 15 1 16
11 1 11 2
14 13 14 15
9 8 9 9
10 5 13 5
16 15 17 15
4 12 5 12
8 3 10 3
1 17 2 17
0 9 0 12
12 17 13 17
2 2 6 2
8 2 9 2
1 3 4 3
9 14 10 14
6 10 7 10
9 9 9 12
8 7 8 8
17 0 17 1
16 9 16 11
2 1 2 2
0 2 2 2
4 3 4 4
8 4 8 5
4 15 4 16
8 10 8 14
0 8 0 9
15 8 17 8
0 13 0 15
9 13 9 14
5 10 5 12
6 1 7 1
12 4 13 4
9 15 10 15
11 9 11 11
13 4 13 5
11 15 11 16
0 13 1 13
17 10 17 12
0 12 0 13
3 16 3 17
8 15 9 15
4 4 5 4
11 4 12 4
3 12 4 12
7 14 8 14
4 13 6 13
7 0 7 1
6 3 6 4
2 16 2 17
10 3 10 5
0 12 1 12
5 4 6 4
7 0 9 0
3 16 4 16
17 12 17 13
2 1 3 1
0 2 0 7
0 7 0 8
3 10 3 11
2 16 3 16
16 11 16 13
1 16 1 17
10 16 11 16
16 13 17 13
10 15 10 16
4 12 4 13
1 13 1 15
6 1 6 2
5 1 6 1
1 3 1 5
8 3 8 4
8 16 10 16
13 6 15 6
4 13 4 14
13 5 13 6
10 16 10 17
8 14 8 15
3 11 3 12
8 7 9 7
5 7 8 7
13 6 13 9
6 2 6 3
12 6 13 6
5 6 5 7
0 8 1 8
3 4 4 4
11 9 13 9
