36
2 30 1 30
25 22 25 21
5 4 6 4
6 20 6 21
6 0 6 1
28 31 28 30
24 1 24 2
20 22 21 22
3 31 3 32
7 14 7 15
10 29 11 29
9 5 9 4
9 20 9 21
21 4 20 4
17 16 16 16
21 22 21 21
13 20 14 20
6 10 5 10
0 12 1 12
30 4 30 5
30 5 31 5
15 18 16 18
26 28 26 29
17 27 17 26
25 8 24 8
32 31 32 32
19 3 19 4
15 4 15 3
28 14 27 14
23 10 23 9
2 18 2 17
19 4 19 5
1 30 0 30
24 8 24 9
5 20 6 20
28 2 28 1
164
12 3 15 3
31 5 32 5
13 26 13 29
14 13 14 14
4 1 4 10
16 16 18 16
21 11 21 21
27 20 29 20
30 29 30 30
11 12 11 20
27 17 30 17
26 20 26 21
24 12 24 14
24 21 25 21
10 0 10 1
7 10 7 13
16 1 16 3
13 29 19 29
12 3 12 8
21 21 24 21
23 24 23 25
30 15 30 17
15 27 24 27
26 20 27 20
7 13 7 15
26 1 28 1
24 9 24 12
14 18 14 20
9 4 9 15
26 29 30 29
11 20 14 20
30 29 31 29
23 9 24 9
31 3 31 5
11 29 13 29
32 24 32 32
18 1 26 1
31 32 32 32
6 4 6 16
26 21 27 21
12 26 13 26
6 20 11 20
14 12 14 13
23 3 31 3
22 25 23 25
16 3 23 3
6 19 6 20
6 4 9 4
1 12 1 19
23 2 23 3
23 3 23 9
27 14 27 17
22 9 23 9
1 19 6 19
24 9 29 9
20 29 26 29
31 5 31 21
21 5 21 11
4 1 6 1
6 16 6 19
15 3 16 3
6 1 10 1
19 29 20 29
24 14 27 14
16 11 16 16
28 30 30 30
24 27 31 27
32 5 32 6
12 25 12 26
7 15 9 15
25 16 25 21
5 15 5 17
7 22 9 22
15 25 19 25
31 29 31 32
6 1 6 4
10 30 12 30
31 21 31 27
10 1 16 1
25 21 26 21
0 9 0 11
16 5 19 5
10 24 19 24
16 16 16 18
12 25 14 25
31 27 31 29
5 24 10 24
9 21 15 21
7 10 8 10
20 30 21 30
25 24 28 24
9 22 11 22
28 21 29 21
0 30 10 30
8 10 8 11
19 24 19 25
30 19 30 21
4 32 12 32
16 21 21 21
16 18 16 21
16 7 16 11
3 32 4 32
22 31 26 31
0 11 0 21
29 19 30 19
8 25 10 25
17 22 28 22
19 25 22 25
18 12 18 13
14 25 15 25
14 14 14 18
16 4 20 4
20 18 20 20
28 22 28 24
27 17 27 20
13 5 15 5
6 21 9 21
12 30 12 32
15 14 15 15
2 14 2 17
20 4 20 16
14 22 17 22
3 6 3 9
16 1 18 1
3 9 3 15
0 2 0 9
5 10 5 12
12 30 20 30
19 5 19 8
10 25 10 30
3 15 5 15
17 26 29 26
15 26 17 26
5 8 5 10
14 4 16 4
0 21 6 21
21 31 22 31
15 15 15 21
26 31 30 31
18 10 18 12
9 21 9 22
24 0 27 0
27 0 32 0
16 4 16 5
19 8 19 13
25 24 25 25
11 22 14 22
15 5 15 14
21 30 22 30
2 17 5 17
28 21 28 22
17 18 20 18
29 21 30 21
0 9 3 9
22 30 22 31
20 16 20 18
13 5 13 19
0 21 0 30
29 21 29 26
18 13 19 13
25 25 26 25
17 17 17 18
5 12 5 15
15 5 16 5
