312
24 21 25 21
14 10 14 11
23 22 23 23
30 13 31 13
23 9 23 10
8 18 9 18
21 10 22 10
13 8 13 7
27 13 27 14
19 29 19 28
9 26 8 26
16 31 16 30
13 22 14 22
4 7 5 7
5 21 6 21
23 16 23 15
26 9 26 8
29 14 29 15
29 28 29 27
3 0 4 0
9 30 9 31
29 13 28 13
27 25 26 25
9 18 10 18
24 28 24 29
19 6 19 5
24 6 23 6
14 1 14 2
31 16 31 17
10 1 11 1
16 25 16 24
2 12 2 13
12 4 13 4
16 18 16 17
2 5 1 5
1 30 1 31
19 18 20 18
28 5 29 5
24 20 23 20
24 5 24 6
27 14 28 14
27 10 27 9
9 21 10 21
18 10 17 10
17 10 17 11
5 28 5 27
31 17 30 17
21 29 20 29
30 31 30 30
27 6 28 6
30 30 29 30
4 29 3 29
29 22 28 22
26 11 25 11
26 6 26 5
3 29 3 30
6 15 6 14
28 25 28 26
10 26 10 25
12 10 12 9
13 1 12 1
21 6 21 7
22 30 22 29
20 18 20 19
27 15 27 14
1 1 0 1
14 9 14 10
21 12 20 12
29 30 29 29
11 29 12 29
19 22 20 22
3 18 4 18
8 9 7 9
20 23 21 23
30 28 29 28
20 0 20 1
9 17 9 18
2 27 3 27
28 19 29 19
15 9 16 9
12 5 12 4
13 6 14 6
11 1 11 0
23 23 23 24
23 20 23 21
23 11 24 11
11 12 11 13
20 11 21 11
30 12 30 13
6 16 5 16
6 13 5 13
20 19 21 19
14 2 14 3
26 12 26 11
22 0 22 1
20 29 19 29
8 25 9 25
21 31 22 31
24 17 23 17
6 24 6 23
29 9 29 10
12 12 12 11
12 6 12 5
19 17 19 18
7 1 7 2
19 5 18 5
2 26 3 26
22 19 22 20
6 14 5 14
26 5 25 5
31 28 31 29
18 8 18 7
23 13 23 12
11 26 10 26
21 28 21 27
1 19 0 19
26 25 25 25
24 18 24 17
17 11 16 11
25 16 24 16
7 17 6 17
30 9 29 9
31 26 31 25
5 11 5 10
14 8 13 8
23 17 23 16
20 5 21 5
24 22 24 21
25 21 25 20
9 22 9 21
10 18 10 19
30 13 30 14
14 3 14 4
13 12 12 12
1 22 1 21
22 28 22 27
20 22 21 22
31 9 30 9
26 8 26 7
16 14 17 14
29 12 29 13
13 13 13 12
26 3 26 2
28 14 29 14
22 20 21 20
4 19 4 20
13 11 13 10
5 16 4 16
22 2 22 3
5 3 5 2
28 8 27 8
21 15 21 16
26 24 26 25
19 3 19 2
15 5 15 6
21 18 20 18
14 11 13 11
6 22 5 22
28 6 28 5
12 12 12 13
6 12 7 12
12 5 13 5
8 19 8 18
15 4 15 5
6 30 6 29
20 26 21 26
2 11 2 12
29 28 28 28
28 13 27 13
28 15 27 15
23 12 22 12
9 25 9 26
21 26 21 25
19 16 18 16
29 31 29 30
10 21 11 21
12 30 11 30
21 30 21 29
21 29 20 29
12 13 12 14
27 8 26 8
21 21 20 21
28 16 28 15
19 2 20 2
27 13 26 13
5 7 6 7
28 15 28 14
30 11 30 12
2 2 1 2
10 19 10 20
17 14 18 14
14 12 14 13
26 7 26 6
8 24 8 25
28 28 28 29
8 23 8 24
22 1 21 1
14 4 15 4
4 18 4 17
29 19 29 18
22 14 21 14
23 10 23 11
4 2 3 2
19 1 19 2
13 12 12 12
15 30 15 31
24 11 24 10
25 8 25 9
28 14 28 13
5 2 4 2
12 11 12 10
29 30 28 30
16 11 15 11
13 9 14 9
21 25 21 24
23 21 23 22
25 25 25 24
28 30 27 30
2 1 2 2
11 24 11 25
14 9 15 9
0 14 0 13
4 17 5 17
6 7 7 7
6 23 6 22
4 22 4 23
22 12 21 12
24 0 23 0
2 13 2 14
16 23 17 23
9 18 9 19
8 8 8 9
26 17 26 18
13 5 14 5
20 21 20 22
26 25 27 25
20 2 21 2
26 8 25 8
23 0 23 1
27 14 28 14
15 9 15 10
27 22 26 22
25 20 24 20
9 19 9 20
29 8 28 8
5 27 5 26
30 21 29 21
13 11 13 12
0 15 0 14
31 21 30 21
14 5 14 4
21 20 21 21
22 11 22 12
23 22 23 23
12 14 12 15
6 8 6 7
19 7 20 7
21 21 20 21
24 19 25 19
27 30 27 29
9 29 9 30
8 6 7 6
30 12 29 12
28 29 28 30
10 10 11 10
12 12 11 12
20 7 20 6
31 27 31 28
1 23 0 23
21 11 22 11
29 12 28 12
19 26 19 27
9 26 9 27
7 14 8 14
13 12 12 12
10 0 9 0
18 14 18 15
15 11 15 12
27 24 27 23
19 11 19 12
13 3 14 3
22 25 23 25
31 28 30 28
21 23 22 23
12 15 12 16
10 12 10 13
7 7 8 7
29 15 29 16
15 4 16 4
20 1 20 2
3 9 2 9
31 29 30 29
12 4 12 5
9 8 8 8
25 17 26 17
9 3 10 3
9 1 10 1
18 15 19 15
9 9 9 8
7 8 7 7
21 24 21 23
30 20 30 19
12 16 12 17
8 7 9 7
0 30 1 30
4 20 4 19
25 18 25 17
25 17 25 16
5 29 4 29
15 10 15 11
3 22 4 22
27 25 28 25
187
16 5 18 5
28 14 29 14
3 14 3 15
29 5 29 6
10 26 10 27
20 28 20 29
6 11 6 17
16 4 16 5
3 28 3 30
25 16 26 16
19 15 23 15
21 22 21 23
23 6 23 11
9 13 10 13
9 12 11 12
4 0 4 1
5 15 5 17
26 11 26 13
19 9 20 9
4 16 4 19
20 21 20 22
9 20 10 20
6 21 9 21
3 30 7 30
24 17 24 20
7 6 11 6
7 7 7 9
0 1 4 1
11 6 14 6
12 5 15 5
1 21 2 21
14 4 16 4
12 1 21 1
1 4 1 5
10 11 15 11
12 12 15 12
30 17 30 19
27 28 27 29
12 1 12 5
7 5 7 6
14 3 14 4
14 18 19 18
11 6 11 8
7 9 7 10
1 21 1 25
24 16 24 17
15 11 15 12
26 13 28 13
20 28 25 28
22 29 22 31
24 6 26 6
2 21 4 21
29 10 30 10
26 13 26 16
21 22 26 22
31 25 31 30
22 10 22 11
23 11 25 11
3 26 5 26
30 19 30 21
25 11 26 11
5 17 6 17
26 30 28 30
24 29 25 29
5 26 8 26
26 22 28 22
9 12 9 13
29 6 30 6
19 28 20 28
14 22 14 24
25 24 25 26
6 19 6 21
21 1 23 1
7 30 9 30
26 29 26 30
14 10 16 10
19 15 19 18
0 14 1 14
9 8 10 8
1 2 2 2
7 6 7 7
11 25 11 30
14 24 16 24
25 28 27 28
20 6 22 6
6 17 10 17
30 9 30 10
0 1 0 4
1 30 3 30
14 6 14 7
10 1 12 1
5 22 6 22
1 17 1 21
11 8 11 9
12 12 12 17
12 24 14 24
10 13 10 17
21 19 23 19
23 15 23 16
26 10 29 10
3 26 3 27
9 21 9 27
16 22 20 22
22 9 22 10
22 6 23 6
22 11 23 11
28 12 28 13
28 25 31 25
6 7 6 11
25 8 25 9
21 17 21 19
30 21 30 22
27 28 30 28
28 14 28 22
18 6 20 6
21 9 21 12
26 2 26 6
21 2 26 2
21 1 21 2
27 29 29 29
20 9 21 9
4 1 4 2
16 7 18 7
6 7 7 7
15 5 15 6
18 5 18 6
0 4 1 4
1 13 1 14
14 17 14 18
21 12 21 14
21 19 21 22
18 23 21 23
16 22 16 24
28 22 30 22
6 19 11 19
20 27 20 28
10 25 11 25
2 20 2 21
29 14 30 14
25 26 25 28
4 1 10 1
25 9 25 11
5 13 5 14
14 7 14 10
11 4 11 6
9 27 10 27
13 7 14 7
9 7 9 8
10 22 11 22
11 22 14 22
23 23 23 24
9 30 11 30
23 24 25 24
1 13 5 13
4 19 4 21
1 14 2 14
16 24 23 24
5 22 5 26
25 30 26 30
10 22 10 25
26 6 29 6
6 17 6 19
16 10 19 10
21 17 24 17
14 6 15 6
19 9 19 10
23 11 23 14
4 21 4 22
3 15 5 15
25 29 25 30
20 2 20 6
14 18 14 22
10 8 10 11
2 14 2 20
18 6 18 7
28 22 28 25
1 11 6 11
22 29 24 29
23 14 23 15
26 6 26 10
10 20 10 22
3 27 3 28
4 22 5 22
12 17 14 17
28 30 31 30
11 30 16 30
30 10 30 14
