314
24 1 24 0
29 22 28 22
8 2 8 3
36 24 36 23
15 21 14 21
7 12 8 12
34 11 34 12
15 20 16 20
39 7 39 8
7 41 7 40
5 29 5 30
34 4 34 5
8 3 8 4
44 37 44 36
15 30 16 30
14 44 14 43
16 20 17 20
8 4 8 5
40 10 40 11
30 14 30 13
2 41 1 41
7 25 7 24
40 39 39 39
5 6 4 6
25 17 24 17
14 43 14 42
34 5 34 6
11 40 11 39
42 37 41 37
35 16 35 15
9 22 8 22
37 31 38 31
32 44 32 43
6 28 5 28
34 6 33 6
26 44 25 44
34 43 34 42
15 25 15 26
7 18 7 19
20 32 20 31
7 7 7 8
32 43 32 42
7 24 8 24
27 1 27 2
43 22 43 23
16 37 15 37
33 6 33 7
26 33 25 33
8 35 8 34
26 25 26 26
5 30 5 31
19 9 19 10
7 40 8 40
13 35 13 34
10 6 10 7
13 6 13 7
6 19 5 19
42 10 42 9
43 26 44 26
39 8 39 9
44 6 44 5
32 42 33 42
45 23 44 23
33 7 32 7
46 42 46 41
28 34 29 34
7 13 7 12
29 34 30 34
27 12 27 11
6 20 6 19
10 35 10 36
19 18 18 18
25 3 24 3
18 7 18 8
40 40 40 39
18 0 19 0
0 13 0 14
3 25 4 25
13 34 13 33
8 40 9 40
34 42 34 41
5 19 5 18
9 3 8 3
8 34 8 33
12 41 12 40
14 41 14 40
22 16 21 16
1 6 1 7
13 33 14 33
32 26 32 27
14 23 14 22
42 46 41 46
8 5 8 6
3 5 3 4
9 37 9 36
32 7 31 7
33 42 33 41
22 19 22 20
8 6 8 7
28 26 28 25
9 36 8 36
19 37 19 38
3 34 2 34
15 26 15 27
5 14 6 14
23 12 23 13
32 6 33 6
11 3 12 3
6 8 5 8
21 17 21 18
25 33 24 33
30 13 30 12
39 9 40 9
4 29 5 29
46 41 45 41
18 17 19 17
44 36 44 35
30 23 31 23
44 39 44 38
33 25 34 25
27 2 26 2
5 31 4 31
39 36 39 37
11 41 10 41
22 1 22 2
44 35 44 34
44 34 43 34
19 10 19 11
44 38 43 38
9 40 10 40
46 33 45 33
8 36 8 35
20 31 20 30
10 9 10 10
11 13 10 13
17 40 18 40
33 41 33 40
8 7 9 7
8 18 9 18
4 31 3 31
5 29 5 30
27 11 26 11
20 38 20 37
46 21 46 20
19 11 19 12
13 14 13 13
16 36 15 36
34 25 34 24
43 46 44 46
37 22 37 23
35 42 35 41
35 25 36 25
30 12 30 11
19 15 18 15
16 7 16 8
21 18 20 18
33 40 34 40
15 37 14 37
24 11 24 10
39 39 38 39
4 15 4 16
22 2 22 3
10 36 10 37
31 7 30 7
27 6 27 7
18 18 17 18
16 21 16 22
27 39 27 40
31 24 30 24
10 7 10 8
26 26 25 26
20 37 19 37
20 7 21 7
0 14 0 15
0 15 0 16
14 42 14 41
30 34 31 34
43 5 42 5
14 37 13 37
13 7 12 7
45 21 45 22
38 31 38 30
27 7 28 7
16 8 16 9
45 33 44 33
43 10 44 10
32 19 33 19
16 9 16 10
5 30 5 31
27 4 27 3
7 29 6 29
34 40 34 39
17 9 16 9
14 22 15 22
24 33 23 33
24 32 24 31
18 5 18 4
19 0 19 1
26 2 26 3
8 1 8 2
6 19 6 18
0 16 0 17
42 5 41 5
0 17 0 18
44 5 44 4
8 24 8 23
34 39 34 38
9 15 9 14
23 33 22 33
20 16 19 16
33 26 33 27
9 7 9 8
14 40 14 39
30 29 29 29
16 9 16 8
5 18 5 17
20 30 21 30
30 11 29 11
15 36 15 35
19 37 18 37
15 22 15 23
24 31 24 30
35 24 35 25
16 8 16 7
8 23 9 23
5 31 4 31
40 9 40 10
34 41 34 40
27 40 28 40
7 46 7 45
33 19 33 20
24 30 24 29
21 38 20 38
18 4 18 3
5 27 4 27
35 25 35 26
16 10 16 11
10 40 11 40
10 8 11 8
18 37 17 37
17 37 16 37
9 23 10 23
16 37 15 37
43 23 43 24
40 10 41 10
12 3 12 4
5 28 5 27
29 21 30 21
45 41 44 41
11 42 10 42
22 3 22 4
29 6 29 7
12 4 13 4
36 10 36 11
7 9 8 9
10 13 9 13
4 25 4 26
5 42 5 43
44 33 43 33
15 37 14 37
3 4 3 3
7 20 7 21
9 14 8 14
35 14 36 14
14 33 15 33
33 21 33 22
44 41 44 40
28 40 29 40
19 1 19 2
44 4 43 4
29 40 30 40
35 41 35 42
14 39 13 39
13 37 12 37
6 18 6 17
16 11 16 12
22 33 21 33
44 16 43 16
18 6 18 5
30 40 31 40
0 8 0 7
7 19 6 19
44 40 43 40
14 37 14 36
2 3 1 3
36 11 35 11
46 38 46 37
20 41 20 40
15 27 14 27
38 9 38 8
20 17 21 17
43 2 43 3
14 36 13 36
6 26 6 25
1 7 1 8
12 37 11 37
38 14 38 15
16 22 15 22
24 29 25 29
19 7 20 7
4 23 5 23
22 36 23 36
35 11 35 12
13 13 12 13
34 40 34 39
16 12 15 12
19 17 19 18
19 2 18 2
35 42 36 42
31 34 32 34
4 26 5 26
12 2 12 3
5 26 6 26
15 40 15 41
186
34 38 34 39
0 41 1 41
16 7 20 7
37 29 38 29
31 9 31 11
18 2 20 2
8 33 8 35
25 26 25 27
21 11 26 11
24 0 24 3
0 18 9 18
4 22 4 27
5 27 7 27
10 23 15 23
32 38 34 38
9 13 12 13
32 27 32 34
8 32 8 33
42 3 43 3
40 11 41 11
20 8 20 18
43 38 43 40
24 12 24 17
6 37 10 37
43 33 43 34
38 39 40 39
31 0 33 0
34 39 38 39
12 7 12 10
11 39 11 40
43 34 43 38
5 23 5 24
24 3 26 3
13 4 22 4
7 8 7 12
25 27 28 27
33 20 39 20
33 11 40 11
24 0 31 0
8 12 15 12
25 27 25 29
0 7 0 18
20 8 26 8
8 35 11 35
39 23 40 23
44 10 44 11
5 16 5 17
7 27 14 27
17 18 17 20
12 40 13 40
18 2 18 3
31 0 31 9
12 3 12 7
17 18 19 18
44 20 46 20
36 5 37 5
22 26 25 26
14 38 14 41
9 8 11 8
41 40 41 41
18 27 21 27
32 34 32 38
9 24 10 24
3 31 4 31
15 33 18 33
8 2 8 3
10 37 10 41
24 17 24 24
30 15 33 15
28 10 30 10
26 8 26 11
38 30 38 39
43 30 43 33
24 25 28 25
12 7 16 7
25 26 35 26
10 10 12 10
39 37 41 37
41 37 41 40
11 35 11 37
40 4 43 4
21 11 21 12
33 15 33 20
5 24 9 24
41 46 44 46
11 37 11 39
43 3 43 4
22 4 22 5
4 27 5 27
20 7 20 8
36 40 41 40
33 15 35 15
22 4 28 4
18 3 24 3
4 34 5 34
30 10 30 15
36 40 36 41
28 22 28 25
15 19 15 22
3 35 3 38
33 0 33 6
5 33 8 33
38 30 43 30
21 30 31 30
17 20 22 20
31 9 37 9
1 8 5 8
26 11 29 11
3 31 3 35
32 23 36 23
19 12 19 16
41 5 41 9
7 8 9 8
15 12 19 12
21 27 21 30
0 7 12 7
5 8 5 16
8 2 18 2
15 31 15 33
39 20 44 20
41 5 46 5
6 35 6 37
37 23 37 29
31 12 34 12
15 33 15 35
44 23 44 26
21 30 21 33
42 23 44 23
5 8 7 8
31 30 31 36
22 20 22 26
44 20 44 23
30 7 30 10
40 23 42 23
36 23 37 23
35 12 35 15
40 4 40 11
5 27 5 33
31 36 31 40
28 27 32 27
3 30 4 30
21 33 21 35
18 5 22 5
44 11 44 20
4 16 5 16
31 40 36 40
15 23 15 31
28 4 28 7
13 39 13 40
11 40 12 40
44 26 44 46
12 13 12 14
10 41 14 41
30 5 30 7
41 10 44 10
35 15 38 15
8 3 12 3
4 31 4 34
21 12 24 12
5 24 5 27
41 41 41 46
15 12 15 19
37 23 39 23
3 35 6 35
13 36 13 39
36 23 36 25
18 33 21 33
7 12 8 12
14 31 14 38
14 31 15 31
34 12 35 12
20 38 20 40
28 7 28 10
43 24 43 30
9 13 9 18
31 11 33 11
9 18 9 24
3 3 8 3
14 38 19 38
5 17 6 17
15 22 15 23
41 9 41 10
39 32 39 37
4 27 4 30
28 25 36 25
19 18 20 18
