115
20 20 20 21
27 12 27 11
15 26 14 26
2 8 1 8
6 32 6 31
11 27 10 27
2 35 2 36
32 1 32 2
12 14 11 14
19 22 19 23
21 35 20 35
2 26 2 27
14 22 14 21
20 9 21 9
35 24 35 23
0 19 1 19
9 19 10 19
28 2 28 1
1 7 2 7
2 36 1 36
8 13 9 13
35 29 35 28
11 21 10 21
34 12 33 12
21 21 21 20
29 29 29 30
1 0 1 1
22 29 22 28
0 21 1 21
38 11 37 11
32 24 32 25
1 9 2 9
33 30 34 30
27 30 27 29
22 23 22 24
21 28 20 28
10 22 10 23
9 11 8 11
6 19 6 18
29 4 30 4
33 29 32 29
27 6 26 6
24 30 25 30
34 26 34 25
15 10 14 10
28 1 28 0
35 37 34 37
23 36 23 35
12 24 12 25
36 22 36 23
23 26 24 26
11 2 11 1
10 30 10 31
29 9 29 10
16 26 16 25
24 26 25 26
0 7 1 7
33 27 33 28
34 25 35 25
13 33 12 33
16 16 16 15
19 23 20 23
19 33 20 33
32 4 32 5
3 18 3 19
3 2 3 1
24 1 24 2
30 34 31 34
4 19 5 19
28 3 28 2
0 24 1 24
38 2 37 2
4 5 5 5
2 6 2 5
14 24 13 24
15 28 15 27
17 33 16 33
3 17 3 16
10 21 10 22
27 5 27 6
33 33 33 32
17 1 16 1
16 25 15 25
28 4 29 4
25 26 25 25
2 11 1 11
13 6 14 6
22 25 23 25
28 20 28 21
19 2 18 2
4 10 5 10
20 13 19 13
6 6 6 5
38 36 37 36
12 33 12 32
29 10 28 10
37 30 36 30
33 1 32 1
16 33 16 32
36 30 35 30
0 31 1 31
31 15 31 16
6 18 6 17
27 11 28 11
18 2 18 3
29 13 29 12
10 6 10 7
10 7 10 8
10 16 11 16
35 28 35 27
10 8 11 8
11 11 12 11
23 13 23 12
18 3 18 4
3 38 2 38
185
20 28 20 29
25 21 28 21
16 23 16 32
20 5 28 5
29 38 30 38
3 1 11 1
28 0 28 2
0 28 2 28
3 35 12 35
12 32 16 32
23 25 23 29
1 11 1 15
16 0 16 1
10 32 12 32
15 0 16 0
0 32 10 32
20 18 20 21
8 26 10 26
16 0 20 0
5 11 8 11
33 17 38 17
35 23 36 23
33 23 33 28
5 10 5 11
21 9 30 9
0 1 1 1
0 28 0 30
1 24 2 24
12 25 14 25
0 8 1 8
6 5 8 5
32 5 32 9
33 23 35 23
35 27 38 27
38 6 38 17
3 16 8 16
14 21 18 21
25 19 25 20
15 35 16 35
21 12 23 12
1 1 3 1
20 21 25 21
27 27 27 29
16 32 19 32
30 17 33 17
30 28 33 28
12 32 12 35
30 9 32 9
5 19 10 19
27 29 30 29
34 32 34 34
6 38 8 38
10 19 10 22
14 21 14 25
28 2 28 5
27 25 32 25
20 29 23 29
34 34 34 37
28 5 32 5
33 12 33 17
24 2 28 2
18 21 20 21
8 11 8 16
8 5 8 11
1 8 1 11
20 23 26 23
30 29 30 31
0 6 0 8
29 12 33 12
1 15 7 15
0 1 0 6
29 32 33 32
30 28 30 29
21 8 21 9
3 19 3 27
1 11 5 11
35 27 35 30
33 20 33 23
0 30 0 32
26 32 29 32
25 25 26 25
37 2 37 4
20 23 20 28
5 18 17 18
21 9 21 12
14 27 15 27
4 20 4 25
33 28 33 32
4 25 12 25
14 25 14 26
10 26 14 26
20 0 20 5
8 16 11 16
16 23 20 23
11 12 11 14
28 0 38 0
3 19 5 19
11 8 11 12
34 24 36 24
6 31 7 31
13 4 13 8
26 11 28 11
38 17 38 27
33 17 33 20
9 3 9 13
21 15 21 20
12 22 13 22
16 35 20 35
13 4 16 4
34 24 34 30
21 20 25 20
16 35 16 36
25 20 32 20
5 3 9 3
11 12 15 12
15 25 15 27
3 27 10 27
19 15 19 18
2 24 2 27
1 17 1 19
31 33 31 34
9 3 11 3
31 34 34 34
37 4 37 11
2 5 2 7
0 8 0 28
1 37 14 37
1 36 1 37
38 0 38 6
26 11 26 19
32 25 32 27
16 36 24 36
26 25 27 25
10 27 10 31
1 36 3 36
15 12 15 15
30 4 37 4
20 30 20 33
34 11 37 11
10 27 14 27
25 30 29 30
11 16 17 16
19 11 19 13
11 36 16 36
20 33 31 33
16 4 18 4
5 3 5 5
11 8 13 8
32 20 32 25
7 31 10 31
20 33 20 35
16 15 19 15
14 8 14 10
2 7 2 9
30 3 30 4
13 8 14 8
19 15 21 15
28 10 28 11
2 27 3 27
25 25 25 30
29 30 29 31
34 30 34 32
3 36 11 36
11 1 16 1
19 13 19 15
2 22 2 24
34 11 34 15
15 15 16 15
5 18 5 19
28 21 31 21
28 10 30 10
25 19 26 19
32 2 37 2
16 6 20 6
10 22 12 22
20 21 20 23
17 18 19 18
16 4 16 6
2 5 5 5
20 30 25 30
28 11 34 11
2 9 4 9
11 3 11 8
1 19 3 19
32 1 32 2
