306
34 28 33 28
27 17 28 17
34 11 33 11
23 41 24 41
41 15 40 15
5 13 6 13
47 7 46 7
19 3 20 3
13 1 13 2
44 9 43 9
26 39 26 38
39 39 39 38
37 24 38 24
17 16 18 16
20 18 20 19
40 20 41 20
22 0 22 1
46 7 45 7
8 43 9 43
3 25 3 24
22 42 22 41
20 11 20 12
35 26 36 26
14 9 15 9
0 9 1 9
19 18 20 18
20 12 20 13
29 34 28 34
22 36 23 36
36 26 37 26
38 24 39 24
33 11 32 11
20 38 20 37
9 21 8 21
30 12 29 12
23 32 24 32
13 12 13 13
21 10 21 11
17 28 17 29
32 6 33 6
25 4 26 4
41 12 41 13
20 19 21 19
39 12 40 12
20 3 20 2
45 8 45 9
17 29 17 30
5 14 6 14
29 9 29 10
37 26 37 27
42 43 42 42
19 21 19 22
45 23 45 22
29 12 28 12
4 39 4 40
6 41 6 42
36 29 37 29
8 24 8 25
29 18 30 18
40 38 41 38
45 7 44 7
21 3 21 4
9 7 9 6
31 35 30 35
35 24 36 24
13 23 12 23
36 22 36 23
9 5 8 5
27 18 27 17
27 40 26 40
2 25 2 24
4 0 3 0
21 11 20 11
32 11 32 10
29 13 30 13
26 6 25 6
24 46 24 47
36 47 36 46
24 32 25 32
1 7 2 7
6 43 5 43
26 18 25 18
20 2 20 1
38 41 38 40
29 10 28 10
0 15 1 15
17 30 17 31
36 46 36 45
6 20 6 21
22 21 23 21
2 24 2 23
15 8 15 7
34 23 35 23
9 6 10 6
10 42 10 43
9 12 9 11
24 29 23 29
3 0 2 0
37 33 38 33
7 6 7 5
11 43 12 43
27 2 27 3
40 14 41 14
31 23 30 23
11 8 10 8
7 44 7 43
12 43 13 43
42 42 42 41
1 22 1 23
24 41 25 41
38 40 38 39
4 5 4 4
13 25 12 25
37 15 37 14
19 5 18 5
35 44 34 44
8 5 8 6
28 22 28 23
27 17 27 16
41 20 41 19
2 44 1 44
46 36 46 37
27 16 27 15
41 32 41 33
11 0 11 1
34 6 34 5
45 20 46 20
30 23 29 23
3 24 3 23
4 40 5 40
22 11 21 11
21 5 20 5
2 0 1 0
25 37 25 38
24 1 24 2
8 16 8 15
6 2 6 3
18 5 18 6
18 37 17 37
45 22 46 22
3 23 3 22
8 15 8 14
27 15 28 15
43 35 43 34
23 36 24 36
39 33 39 34
19 32 20 32
10 7 11 7
7 7 7 6
27 11 27 12
47 5 47 6
24 47 23 47
13 13 14 13
37 16 38 16
32 10 31 10
37 14 36 14
38 16 39 16
4 32 3 32
21 23 20 23
36 44 36 43
47 6 46 6
39 16 40 16
22 41 22 40
33 28 32 28
11 7 11 8
29 28 29 27
5 20 6 20
12 23 11 23
41 14 42 14
34 44 34 43
3 30 4 30
19 11 19 10
28 10 27 10
20 11 20 12
2 7 3 7
18 16 17 16
18 6 18 7
11 1 11 2
10 6 11 6
41 38 41 37
46 22 47 22
4 30 5 30
12 3 11 3
25 32 26 32
7 39 6 39
10 43 10 44
7 5 6 5
31 19 31 18
15 0 15 1
19 22 20 22
20 22 21 22
6 21 5 21
26 40 25 40
5 3 5 4
41 13 42 13
22 12 22 11
45 9 44 9
42 41 42 40
1 0 0 0
3 22 3 21
37 0 36 0
42 40 43 40
26 45 25 45
34 5 34 4
26 23 26 22
9 11 9 10
11 23 11 22
35 18 34 18
39 38 39 37
36 43 37 43
8 14 8 13
3 7 4 7
12 25 12 24
17 25 17 26
5 30 6 30
15 27 15 28
19 4 20 4
30 35 30 34
28 34 27 34
38 39 38 38
27 37 27 36
6 42 5 42
43 40 43 39
36 23 37 23
39 24 39 23
39 34 39 35
20 21 20 20
43 39 43 38
36 14 35 14
34 46 35 46
38 19 38 20
31 18 31 17
42 13 43 13
21 22 21 21
12 24 12 23
31 10 30 10
27 3 26 3
39 13 39 14
26 3 25 3
17 16 16 16
40 12 40 13
35 32 35 31
25 3 25 4
35 14 34 14
36 45 36 44
28 15 29 15
25 4 25 5
33 6 33 5
4 7 5 7
7 27 8 27
18 13 18 14
5 40 5 39
34 26 34 27
5 39 5 38
1 23 0 23
5 38 6 38
17 31 17 32
5 7 6 7
43 13 43 14
36 44 35 44
25 45 26 45
9 10 9 9
36 0 36 1
3 21 2 21
4 27 4 26
39 23 39 22
47 22 47 21
40 13 40 14
30 10 29 10
47 21 47 20
20 20 19 20
10 44 9 44
12 23 12 22
36 24 37 24
37 24 38 24
37 23 37 24
29 10 28 10
37 29 38 29
43 14 43 15
2 23 1 23
23 24 23 25
38 38 38 37
1 9 1 8
9 9 10 9
3 32 2 32
18 7 18 8
34 14 34 15
12 22 12 21
32 28 31 28
39 22 39 21
24 36 25 36
0 0 0 1
46 37 46 38
40 14 41 14
2 21 1 21
6 7 6 8
41 14 41 15
33 5 33 4
6 38 7 38
35 44 34 44
13 43 13 42
17 26 17 27
39 21 38 21
16 21 15 21
14 13 15 13
33 4 33 3
194
29 15 34 15
12 21 15 21
12 1 15 1
25 15 25 18
6 3 6 5
26 38 26 43
8 13 15 13
41 15 41 19
6 30 6 39
15 1 20 1
15 19 15 21
20 27 22 27
6 13 8 13
1 44 6 44
20 17 20 18
15 13 20 13
12 44 14 44
43 38 46 38
27 28 27 34
10 9 15 9
20 18 20 23
31 17 31 28
29 27 29 35
41 15 43 15
25 18 25 19
34 27 37 27
19 47 23 47
27 10 28 10
25 41 25 43
38 33 41 33
6 39 6 44
0 1 0 3
0 3 0 13
33 1 36 1
20 18 25 18
0 23 1 23
20 32 26 32
27 10 27 12
1 8 1 13
37 24 38 24
26 38 37 38
43 34 43 38
45 6 46 6
42 6 42 9
25 10 27 10
20 23 20 24
37 38 43 38
26 37 26 38
34 18 34 19
39 14 39 17
21 19 21 21
25 43 26 43
4 25 8 25
11 8 12 8
38 20 46 20
8 21 8 25
34 19 41 19
1 23 1 44
3 20 4 20
43 15 44 15
46 20 47 20
36 35 39 35
9 43 25 43
29 15 29 23
37 24 37 27
44 9 44 15
37 22 37 24
26 7 30 7
8 6 11 6
20 13 20 17
9 45 9 47
9 44 9 45
26 34 26 37
0 18 0 23
26 37 29 37
42 6 45 6
5 21 8 21
28 23 28 25
6 5 6 8
1 21 1 23
9 43 9 44
8 25 8 27
4 4 5 4
7 38 16 38
21 4 21 11
26 7 26 8
33 33 38 33
9 47 19 47
18 11 18 12
29 41 29 42
16 26 16 38
29 11 29 15
6 44 9 44
1 8 5 8
39 37 40 37
42 9 43 9
6 13 6 14
15 9 15 13
27 12 28 12
11 22 11 25
29 43 34 43
34 19 34 27
21 21 23 21
20 27 20 32
0 1 12 1
5 8 5 12
29 8 29 11
16 16 16 22
15 26 16 26
18 8 18 11
26 34 27 34
9 44 12 44
38 37 39 37
15 13 15 19
33 1 33 3
17 32 20 32
40 15 40 16
26 43 29 43
6 8 6 13
11 22 16 22
25 36 25 38
29 23 29 27
21 11 22 11
25 5 25 6
6 5 10 5
28 35 29 35
16 38 25 38
46 0 46 6
34 15 34 17
33 37 35 37
40 15 41 15
20 24 20 27
2 22 2 26
22 40 25 40
38 20 38 21
26 4 26 7
34 17 39 17
27 27 29 27
17 32 17 37
25 6 25 10
34 43 34 44
38 24 38 29
20 12 20 13
25 38 25 40
8 27 8 36
38 29 38 33
29 35 36 35
31 17 34 17
42 9 42 14
4 26 4 34
44 7 44 9
23 23 28 23
38 29 47 29
39 14 42 14
26 32 26 34
28 23 29 23
11 2 13 2
0 13 0 18
2 26 4 26
47 11 47 20
20 12 27 12
5 15 5 21
5 4 5 8
38 33 38 34
21 4 26 4
26 8 29 8
5 12 5 15
5 2 11 2
11 6 11 8
8 27 12 27
26 15 29 15
11 3 11 6
18 11 21 11
35 37 38 37
23 21 23 23
23 23 23 25
28 11 29 11
46 6 46 20
26 4 34 4
45 40 45 43
29 42 29 43
22 1 33 1
5 2 5 4
20 1 22 1
16 22 16 26
13 8 18 8
39 35 39 37
23 25 23 29
12 8 13 8
4 25 4 26
8 25 11 25
11 2 11 3
4 20 4 25
38 34 43 34
