215
26 30 26 29
40 11 39 11
5 21 5 20
15 25 15 26
33 37 33 36
4 4 4 5
17 38 18 38
28 14 28 15
20 38 20 39
4 30 4 31
24 10 24 11
28 17 29 17
31 39 30 39
18 21 18 20
22 3 22 2
8 20 9 20
33 19 33 18
5 35 5 34
26 5 26 4
32 27 32 28
20 17 20 18
40 30 39 30
6 16 5 16
31 28 31 29
35 29 35 28
2 4 3 4
11 34 12 34
33 3 32 3
5 20 6 20
2 11 2 10
32 19 32 20
15 26 15 27
16 28 16 29
9 15 8 15
29 40 29 39
25 15 25 16
11 31 11 32
37 18 37 19
18 28 18 27
14 24 13 24
30 15 30 16
11 29 10 29
26 36 25 36
13 19 14 19
23 11 22 11
28 18 28 17
32 22 32 23
12 36 12 35
24 33 24 32
28 38 29 38
39 30 39 29
19 4 20 4
18 39 17 39
25 10 24 10
8 10 8 11
29 2 28 2
34 30 34 29
14 38 14 39
23 39 23 40
18 34 18 33
28 11 27 11
35 39 34 39
27 6 28 6
22 8 23 8
13 10 13 9
40 12 39 12
34 6 33 6
24 11 25 11
39 12 38 12
8 17 7 17
30 39 30 40
26 0 26 1
20 26 21 26
3 39 2 39
7 0 7 1
38 9 39 9
26 6 26 7
14 30 13 30
32 9 32 8
2 30 2 31
11 33 12 33
26 1 27 1
8 11 8 12
30 37 30 36
35 4 34 4
28 2 27 2
23 12 23 11
40 18 39 18
26 4 27 4
6 20 6 19
5 15 6 15
24 32 25 32
2 35 1 35
10 19 10 20
18 38 18 39
2 14 1 14
5 16 4 16
38 12 38 11
25 36 24 36
7 1 7 2
15 34 15 33
40 34 39 34
28 12 28 11
24 3 25 3
35 9 34 9
15 32 14 32
29 16 28 16
14 19 14 20
6 7 7 7
32 23 32 24
29 25 29 24
25 11 25 10
6 17 6 16
12 39 12 40
36 10 35 10
22 39 23 39
38 11 37 11
15 16 16 16
14 32 14 33
9 21 8 21
1 18 2 18
34 4 33 4
8 34 8 33
12 35 11 35
17 39 17 38
12 30 12 31
35 30 35 29
40 25 39 25
11 32 12 32
13 5 12 5
25 10 25 9
29 38 30 38
33 18 32 18
13 28 14 28
2 18 3 18
39 18 38 18
32 3 32 4
7 9 7 10
39 19 39 18
10 32 11 32
18 29 18 30
3 19 2 19
11 28 10 28
5 34 4 34
8 19 9 19
3 14 4 14
12 2 11 2
28 11 29 11
39 34 38 34
20 34 20 33
7 7 8 7
10 29 10 30
9 20 9 21
3 18 4 18
9 12 10 12
20 39 20 40
1 38 2 38
24 22 24 23
14 20 14 21
13 9 13 8
7 2 7 3
38 39 38 40
30 34 31 34
38 18 38 19
23 39 24 39
28 23 28 24
33 8 33 7
23 14 22 14
12 5 12 6
2 39 1 39
36 8 35 8
32 24 32 25
4 18 5 18
39 10 38 10
13 8 12 8
32 2 32 1
19 25 19 26
27 28 26 28
2 38 2 39
10 30 9 30
27 4 27 3
32 1 31 1
12 18 12 19
21 28 21 29
8 7 8 6
7 3 8 3
8 12 8 13
29 26 30 26
4 14 5 14
5 14 5 13
10 28 10 29
32 7 31 7
20 12 21 12
37 11 37 10
20 18 20 19
30 11 30 12
12 8 11 8
26 7 25 7
12 32 13 32
32 25 33 25
33 25 33 26
8 3 8 4
20 16 20 17
33 26 34 26
11 2 10 2
28 37 28 36
12 6 11 6
10 29 10 30
6 16 7 16
31 23 31 24
29 11 29 10
30 12 31 12
24 23 24 24
15 28 16 28
8 4 8 5
185
5 17 5 18
28 24 29 24
8 35 11 35
0 26 2 26
32 8 32 13
31 12 31 13
31 24 35 24
8 5 8 6
34 19 35 19
32 28 32 32
29 28 32 28
8 6 8 13
8 6 11 6
13 32 25 32
32 4 32 8
5 13 5 17
35 24 37 24
11 6 11 8
20 17 20 19
2 10 7 10
14 21 15 21
3 4 3 7
32 8 35 8
29 24 29 28
37 19 37 24
1 35 8 35
1 39 2 39
15 21 20 21
30 40 38 40
25 9 27 9
5 13 8 13
24 24 28 24
21 33 25 33
10 30 13 30
16 16 17 16
35 24 35 28
20 17 28 17
38 32 38 34
28 16 28 17
14 39 18 39
15 21 15 27
8 13 8 15
35 8 35 10
25 32 25 33
29 24 31 24
18 39 18 40
32 32 34 32
6 24 13 24
13 29 16 29
25 32 32 32
32 18 34 18
34 32 38 32
34 7 38 7
28 19 34 19
20 19 28 19
21 24 24 24
35 10 35 17
27 1 27 2
11 32 11 35
7 32 11 32
32 26 32 28
25 3 25 7
7 17 7 23
15 27 16 27
9 21 14 21
21 7 21 9
2 39 14 39
25 16 28 16
13 30 13 32
25 9 25 16
16 27 18 27
34 26 34 29
6 19 6 24
21 12 21 16
32 4 33 4
16 29 21 29
31 1 34 1
2 39 2 40
18 40 20 40
7 23 9 23
4 2 10 2
25 7 25 9
35 17 35 19
9 19 12 19
31 21 33 21
37 19 38 19
21 26 21 29
22 2 27 2
20 19 20 21
12 19 16 19
3 4 7 4
4 19 6 19
39 9 39 11
21 12 22 12
27 1 31 1
22 2 22 11
24 36 24 39
31 13 32 13
39 29 40 29
11 23 13 23
13 23 13 24
34 37 34 39
39 11 39 18
36 17 36 18
30 36 33 36
28 15 32 15
1 35 1 39
2 19 4 19
35 19 37 19
20 40 23 40
38 34 38 40
4 31 12 31
4 31 4 34
34 29 35 29
4 34 6 34
28 3 28 6
9 17 9 19
16 28 16 29
16 11 17 11
16 16 16 19
24 36 28 36
23 40 30 40
27 2 31 2
22 11 22 12
22 12 24 12
4 16 4 19
30 38 30 40
19 26 21 26
39 25 39 29
2 31 4 31
33 4 33 6
30 33 30 36
33 7 34 7
21 29 24 29
21 10 21 12
2 29 8 29
36 18 39 18
5 17 7 17
35 29 39 29
19 24 19 26
31 21 31 24
38 31 38 32
21 9 21 10
13 24 13 29
17 16 21 16
12 4 12 17
36 17 37 17
38 5 38 7
17 13 17 16
34 1 34 7
38 5 39 5
14 34 24 34
7 4 12 4
24 34 24 36
9 21 9 23
12 33 14 33
16 11 16 16
20 33 21 33
7 4 7 10
27 18 32 18
8 29 13 29
28 6 28 15
2 10 2 19
13 11 16 11
14 33 14 34
12 31 12 33
13 6 13 11
39 5 39 9
9 8 9 17
27 3 28 3
39 18 39 25
27 2 27 3
28 36 30 36
24 29 26 29
35 10 37 10
33 36 33 39
33 39 34 39
26 29 31 29
19 12 21 12
0 34 4 34
13 6 14 6
2 29 2 31
3 1 3 4
32 15 32 18
12 17 12 19
