114
31 32 31 31
20 23 19 23
19 15 18 15
20 8 19 8
24 27 23 27
28 26 27 26
25 7 25 6
21 2 20 2
18 26 18 25
33 24 34 24
17 12 17 13
13 1 14 1
21 8 22 8
18 11 17 11
18 1 18 2
14 1 14 2
18 9 19 9
30 20 31 20
35 23 35 22
31 16 30 16
17 34 18 34
14 22 14 23
30 7 31 7
4 3 5 3
26 3 25 3
7 5 6 5
31 20 31 21
35 14 36 14
33 22 33 21
17 3 18 3
35 30 35 29
15 28 14 28
19 8 18 8
33 18 32 18
33 23 32 23
20 28 20 27
13 3 13 2
11 15 11 16
10 28 9 28
20 20 21 20
15 6 16 6
34 24 34 23
4 17 4 18
17 13 16 13
14 35 15 35
22 36 22 35
26 36 27 36
8 29 9 29
20 17 20 18
11 29 10 29
4 16 3 16
4 2 5 2
1 10 1 9
14 36 14 35
35 32 35 31
1 12 1 11
6 19 7 19
18 22 18 23
24 7 24 8
16 6 16 5
21 13 20 13
22 31 21 31
8 11 8 10
26 2 25 2
5 5 5 4
35 18 35 19
23 31 23 30
32 6 32 7
15 5 15 6
16 13 16 14
20 27 21 27
30 22 30 23
28 21 28 20
6 0 6 1
22 8 22 9
15 21 16 21
7 6 8 6
11 35 11 34
1 9 2 9
14 23 14 24
7 17 7 18
12 17 12 16
18 34 18 35
34 9 33 9
13 34 12 34
6 14 5 14
23 30 24 30
33 9 33 8
3 16 3 15
29 3 29 4
28 16 29 16
24 8 25 8
29 34 30 34
2 9 3 9
12 7 12 6
22 1 23 1
18 23 18 24
29 31 30 31
6 1 7 1
30 23 30 24
8 23 8 24
3 9 4 9
1 11 1 10
12 6 12 5
13 30 13 29
30 24 30 25
14 19 15 19
4 9 4 8
6 26 7 26
4 18 3 18
26 0 27 0
2 23 2 24
35 7 34 7
13 29 13 28
186
11 2 13 2
30 31 30 34
24 2 25 2
2 18 3 18
18 13 18 15
8 6 8 8
35 29 36 29
31 21 33 21
10 9 10 10
2 24 8 24
27 26 30 26
18 12 18 13
21 27 23 27
27 23 27 26
8 35 10 35
10 19 10 20
7 18 7 19
5 2 7 2
9 20 10 20
18 4 18 8
10 36 21 36
14 32 14 34
31 21 31 29
35 10 35 19
7 19 7 21
35 3 35 10
25 8 25 13
23 2 24 2
34 19 34 20
35 28 35 29
12 34 14 34
12 33 12 34
8 6 15 6
13 21 13 24
3 20 3 23
21 36 27 36
33 8 33 11
7 1 12 1
14 28 14 29
31 3 31 7
12 1 20 1
3 18 3 20
29 21 31 21
20 2 23 2
7 19 10 19
27 26 27 36
4 5 6 5
10 35 10 36
9 2 11 2
30 26 30 31
8 8 18 8
28 20 28 25
25 8 26 8
3 23 4 23
25 3 31 3
9 28 11 28
31 7 32 7
31 3 35 3
13 24 14 24
10 9 13 9
15 12 18 12
21 31 21 36
23 5 23 6
34 21 34 23
30 31 31 31
7 2 9 2
3 18 7 18
34 20 34 21
23 0 27 0
5 3 6 3
14 24 18 24
26 8 33 8
13 24 13 26
21 27 21 31
18 10 18 12
24 30 24 35
13 9 13 13
34 19 35 19
24 3 24 6
16 2 18 2
10 10 10 19
31 29 31 31
24 24 24 30
33 21 33 25
10 29 10 35
6 5 12 5
28 20 32 20
3 15 4 15
33 11 33 21
18 29 18 35
13 13 18 13
19 9 22 9
14 12 15 12
21 22 21 27
14 18 14 24
8 24 8 35
34 23 36 23
18 8 18 10
17 15 18 15
3 8 3 10
6 3 6 5
32 18 32 20
5 8 8 8
20 1 20 2
29 9 32 9
10 29 14 29
20 18 20 25
35 29 35 31
18 2 18 3
33 21 34 21
31 31 35 31
18 15 18 17
14 29 14 32
25 2 25 3
7 1 7 2
22 6 23 6
16 14 16 16
8 0 23 0
23 12 24 12
2 18 2 24
19 9 19 10
29 9 29 16
27 0 27 1
23 1 27 1
14 24 14 28
24 13 24 20
4 22 4 23
18 25 20 25
25 23 25 27
24 20 24 24
32 15 32 18
23 6 23 12
9 27 9 28
12 16 16 16
18 3 24 3
30 16 30 19
5 10 5 14
22 6 22 9
4 0 4 5
32 9 32 15
27 0 35 0
20 13 24 13
32 32 32 33
23 6 24 6
4 8 5 8
7 26 7 29
27 11 27 14
15 35 18 35
5 10 8 10
1 10 3 10
16 16 16 18
25 30 25 32
3 5 3 8
27 14 27 19
11 16 12 16
15 31 15 35
27 19 30 19
4 0 8 0
16 18 16 21
11 28 13 28
24 6 25 6
3 10 5 10
3 5 4 5
29 16 30 16
30 10 30 16
24 12 24 13
20 15 20 18
24 20 28 20
28 25 30 25
29 16 29 18
35 20 36 20
7 29 7 33
20 13 20 15
18 2 19 2
9 28 9 29
12 5 16 5
18 25 18 29
3 10 3 15
25 30 26 30
16 18 20 18
25 4 25 6
24 30 25 30
6 3 18 3
11 16 11 28
14 14 16 14
25 27 25 30
