209
23 24 23 23
26 10 27 10
29 19 29 20
25 25 25 24
22 14 22 15
19 12 20 12
27 21 27 22
5 8 5 9
17 6 16 6
8 6 9 6
8 27 8 26
6 19 6 18
20 13 21 13
29 22 29 23
18 25 17 25
12 25 12 24
29 20 28 20
10 11 10 10
27 4 26 4
6 25 7 25
17 16 16 16
6 12 5 12
20 2 20 3
15 19 16 19
9 8 9 7
7 6 7 7
14 6 14 5
9 17 9 18
10 23 11 23
23 25 23 24
28 23 28 24
18 26 18 25
4 29 3 29
3 29 3 28
14 1 14 2
3 22 4 22
26 26 27 26
27 20 27 21
14 10 14 9
9 21 10 21
18 9 19 9
3 4 2 4
2 27 1 27
6 22 6 23
16 16 16 15
22 12 21 12
2 18 2 19
21 12 21 11
24 16 24 17
17 10 17 9
21 14 22 14
7 8 8 8
7 25 8 25
23 19 23 20
19 25 20 25
20 28 21 28
13 17 14 17
14 2 14 3
17 29 17 28
28 16 28 15
4 6 5 6
25 19 24 19
8 3 7 3
23 2 23 1
21 27 20 27
29 25 29 26
27 26 27 25
12 18 13 18
29 14 28 14
5 10 4 10
14 26 14 27
18 25 19 25
6 21 5 21
14 17 14 18
29 23 28 23
7 5 7 6
21 11 21 10
8 26 7 26
17 0 18 0
10 1 10 2
6 7 6 8
9 16 9 17
22 15 21 15
18 11 18 10
4 22 4 21
18 0 18 1
5 13 5 14
8 8 8 7
5 6 5 7
2 28 2 27
24 19 24 20
7 12 6 12
18 1 19 1
20 15 20 16
8 18 8 17
2 17 2 16
21 20 21 21
26 25 26 26
10 22 10 23
24 12 24 13
25 23 24 23
5 7 5 8
7 15 7 16
5 19 6 19
26 24 26 25
4 21 4 20
22 2 23 2
7 26 7 25
14 18 15 18
11 14 10 14
12 26 13 26
20 19 21 19
20 5 19 5
18 16 19 16
28 13 29 13
2 19 3 19
6 4 6 3
8 19 8 18
17 5 17 6
25 16 25 15
16 9 16 10
10 27 9 27
22 1 22 2
10 2 10 3
7 6 8 6
3 16 4 16
9 3 8 3
19 14 19 13
6 19 6 20
17 21 17 20
24 20 24 21
24 21 23 21
10 7 11 7
25 10 26 10
7 16 7 17
0 18 0 17
23 26 22 26
14 22 15 22
5 5 5 6
25 6 24 6
10 3 10 4
21 4 22 4
20 1 21 1
15 18 15 19
23 21 23 22
8 25 8 24
4 14 4 15
4 2 4 3
24 4 23 4
3 19 4 19
24 10 25 10
21 13 21 12
5 14 6 14
19 1 19 2
4 20 5 20
13 11 13 12
4 19 5 19
6 14 7 14
19 2 19 3
9 6 10 6
4 3 5 3
8 24 8 23
8 23 9 23
0 12 0 11
8 17 8 16
27 1 27 2
19 13 18 13
13 19 14 19
1 0 0 0
17 15 18 15
11 19 11 20
9 23 9 22
15 17 15 18
9 24 8 24
21 17 20 17
5 21 4 21
13 6 12 6
14 16 15 16
1 22 1 23
0 7 1 7
21 25 21 26
6 10 7 10
5 2 6 2
15 19 15 20
0 13 1 13
6 20 7 20
15 20 15 21
13 26 14 26
20 29 21 29
15 18 15 19
9 22 9 21
5 19 6 19
6 19 7 19
2 12 3 12
5 20 6 20
13 1 12 1
14 26 15 26
7 20 8 20
18 24 18 23
12 23 13 23
6 20 7 20
22 25 21 25
6 13 6 14
24 13 24 14
25 24 26 24
15 15 15 14
6 2 6 1
3 1 3 2
10 21 11 21
190
18 6 18 10
21 1 23 1
21 9 21 10
1 3 1 7
19 15 21 15
13 25 14 25
28 20 28 23
13 8 14 8
7 4 8 4
2 9 4 9
19 21 19 25
8 3 11 3
24 25 26 25
19 16 20 16
21 10 22 10
16 18 17 18
27 23 28 23
11 5 13 5
6 14 6 17
7 20 8 20
15 22 15 26
10 23 10 25
20 6 22 6
23 2 23 3
23 1 23 2
1 2 1 3
12 28 12 29
9 21 11 21
21 22 23 22
10 25 13 25
18 10 20 10
6 1 8 1
15 16 19 16
28 24 29 24
21 16 29 16
7 17 9 17
22 6 23 6
0 14 1 14
19 28 21 28
21 29 23 29
25 2 25 3
20 10 21 10
20 17 20 18
23 28 24 28
3 3 5 3
26 11 29 11
2 27 3 27
2 14 6 14
6 18 7 18
19 25 19 27
10 4 10 6
29 26 29 27
3 27 4 27
18 10 18 13
14 3 14 5
6 18 6 23
6 1 6 3
19 15 19 16
18 6 20 6
29 11 29 13
11 0 11 1
15 14 15 16
13 16 15 16
8 20 10 20
22 3 22 4
20 16 20 17
27 24 27 25
8 18 8 20
6 9 6 12
8 6 10 6
20 0 21 0
18 23 18 29
2 13 2 14
10 8 10 10
20 18 20 20
29 13 29 15
9 17 9 18
1 28 3 28
6 12 8 12
10 10 10 14
29 15 29 16
14 8 17 8
10 6 10 8
23 3 23 4
23 2 25 2
4 7 4 9
14 3 17 3
6 23 10 23
23 28 23 29
10 20 11 20
5 9 6 9
4 7 7 7
11 3 14 3
16 6 17 6
7 19 7 20
1 17 6 17
13 18 16 18
25 9 25 10
13 5 14 5
9 25 10 25
25 2 27 2
29 24 29 26
13 16 13 18
0 11 0 14
4 9 5 9
5 3 6 3
19 11 19 15
15 21 15 22
15 12 15 14
2 14 2 15
29 16 29 24
23 1 26 1
11 18 13 18
15 12 17 12
6 17 6 18
13 29 18 29
13 12 15 12
2 16 4 16
11 16 13 16
27 23 27 24
22 4 22 6
15 19 15 21
10 10 13 10
3 28 12 28
10 16 11 16
17 6 18 6
13 25 13 29
22 2 22 3
21 22 21 25
8 12 8 16
26 25 26 26
1 3 3 3
4 25 4 27
12 14 15 14
21 26 21 28
24 25 24 28
6 12 6 14
4 15 4 16
19 21 20 21
21 12 25 12
8 18 9 18
17 2 21 2
20 20 23 20
4 25 7 25
14 24 14 25
0 8 0 11
7 4 7 7
7 14 7 17
11 20 11 21
26 26 29 26
25 10 26 10
4 9 4 10
17 13 18 13
19 28 19 29
8 3 8 4
22 10 25 10
21 1 21 2
21 25 24 25
6 8 10 8
21 0 21 1
26 10 26 11
11 21 15 21
29 27 29 29
1 14 2 14
20 3 22 3
25 4 25 9
0 17 1 17
13 5 13 8
17 2 17 3
4 23 6 23
27 2 27 8
19 25 20 25
20 25 21 25
19 3 20 3
1 2 3 2
3 3 3 6
14 5 19 5
16 6 16 7
13 10 16 10
12 29 13 29
21 12 21 15
16 10 18 10
5 8 6 8
8 16 10 16
2 6 3 6
15 21 19 21
25 20 28 20
18 29 19 29
8 1 11 1
23 20 25 20
