36
16 12 15 12
18 14 18 15
4 25 4 26
20 3 21 3
8 18 9 18
6 2 6 3
5 7 6 7
25 26 26 26
20 10 19 10
0 1 0 2
1 19 0 19
24 26 24 25
8 13 7 13
22 0 23 0
25 9 26 9
6 6 5 6
19 1 20 1
20 5 20 6
18 20 17 20
22 22 21 22
1 3 2 3
4 9 3 9
18 13 18 14
0 26 0 25
26 6 25 6
12 21 11 21
25 19 25 20
23 24 24 24
21 21 21 20
23 3 22 3
10 13 11 13
6 11 7 11
20 22 20 23
23 14 24 14
9 5 9 6
19 17 19 16
164
4 2 5 2
25 6 25 8
25 21 26 21
19 7 19 10
18 15 18 16
23 6 23 9
15 24 15 26
12 16 12 19
0 13 0 17
22 17 22 20
25 8 25 10
7 11 7 12
5 4 5 6
6 18 7 18
17 21 17 23
13 0 16 0
6 19 6 20
26 21 26 26
17 23 20 23
15 7 19 7
25 20 25 21
15 12 15 15
10 26 11 26
24 23 24 24
9 18 10 18
11 26 15 26
2 23 3 23
21 8 21 14
9 6 9 9
5 2 13 2
21 26 26 26
3 9 3 13
9 6 10 6
5 0 9 0
5 0 5 2
2 0 5 0
19 16 20 16
12 22 12 24
12 24 12 25
10 6 11 6
4 19 4 26
22 14 22 16
12 25 14 25
22 20 22 23
12 19 13 19
5 6 5 8
13 17 13 19
1 17 2 17
13 7 14 7
23 0 23 6
16 11 16 13
4 26 10 26
9 18 9 23
18 14 18 15
13 17 16 17
14 7 14 11
20 23 20 24
7 12 7 13
5 19 6 19
3 19 4 19
24 14 24 15
23 9 24 9
3 13 7 13
14 6 20 6
17 18 17 20
3 19 3 23
21 20 21 22
12 19 12 22
13 7 13 8
8 6 8 7
0 17 0 19
22 23 24 23
14 20 17 20
9 9 12 9
23 6 25 6
15 9 15 12
12 16 18 16
15 15 18 15
4 19 5 19
0 9 3 9
7 13 7 15
20 16 20 18
25 10 25 11
10 18 10 24
25 23 25 25
20 23 22 23
5 18 6 18
24 22 24 23
14 6 14 7
7 1 13 1
16 10 19 10
11 12 11 13
17 23 17 24
1 18 5 18
24 9 24 14
20 13 20 16
22 20 25 20
22 16 22 17
10 24 12 24
14 20 14 25
10 24 10 26
4 6 4 10
8 6 9 6
19 20 21 20
0 13 3 13
21 14 22 14
1 16 1 17
5 2 5 4
1 15 1 16
5 6 8 6
11 11 12 11
3 4 3 6
8 12 11 12
21 3 21 8
0 2 0 9
0 20 0 25
0 2 4 2
13 1 13 2
15 7 15 9
13 0 13 1
5 24 5 25
1 18 1 25
2 17 3 17
22 14 24 14
3 6 4 6
16 0 23 0
8 20 8 21
1 15 2 15
11 10 13 10
17 20 17 21
0 25 1 25
11 7 13 7
7 18 7 21
6 21 7 21
5 21 5 24
6 3 7 3
20 1 20 6
8 21 8 23
11 10 11 11
19 16 19 20
7 21 8 21
3 6 3 8
12 11 14 11
2 6 3 6
8 15 8 20
4 10 11 10
7 21 7 22
7 3 10 3
20 6 20 13
11 11 11 12
26 14 26 17
13 3 13 7
12 3 13 3
12 11 12 14
10 3 12 3
4 4 4 6
11 13 11 21
2 3 2 6
8 12 8 15
1 17 1 18
16 13 20 13
6 14 6 18
18 1 20 1
5 21 6 21
