218
12 22 13 22
23 18 23 17
9 24 10 24
14 0 15 0
16 1 17 1
7 24 7 23
22 8 22 7
11 19 12 19
14 4 14 5
15 0 16 0
25 4 24 4
11 22 11 23
8 2 7 2
17 14 16 14
1 19 0 19
3 7 3 6
20 1 20 2
4 16 5 16
3 2 4 2
16 22 15 22
9 10 9 11
19 6 18 6
23 22 23 23
9 1 10 1
16 7 17 7
11 17 11 18
16 14 16 13
12 18 12 17
24 12 23 12
12 24 13 24
21 8 22 8
0 8 0 7
12 9 12 8
8 13 8 12
1 22 0 22
24 16 23 16
12 19 12 18
4 7 3 7
3 5 3 4
2 12 2 13
11 14 10 14
13 0 13 1
16 17 16 18
1 18 1 19
8 11 7 11
7 0 7 1
16 10 16 11
24 8 23 8
7 2 6 2
14 12 14 11
6 19 7 19
12 23 12 24
8 24 9 24
18 1 18 0
7 25 7 24
21 9 21 8
12 17 13 17
2 22 1 22
21 4 20 4
5 11 6 11
17 10 17 9
16 2 16 1
11 13 11 14
18 25 18 24
7 3 6 3
2 14 3 14
9 7 9 6
11 21 11 22
12 0 12 1
5 12 6 12
23 23 24 23
7 1 7 2
13 24 13 23
2 13 2 14
5 7 4 7
16 13 15 13
19 1 19 2
9 8 10 8
8 23 8 22
19 7 19 6
21 3 21 4
15 22 15 21
13 4 13 5
4 2 4 3
16 5 16 6
23 1 23 0
16 1 15 1
5 13 6 13
8 1 8 2
18 8 18 7
5 8 6 8
15 13 14 13
8 6 8 5
5 9 5 8
0 5 1 5
11 14 12 14
20 13 19 13
24 19 23 19
24 4 23 4
22 2 23 2
19 19 18 19
4 11 5 11
3 11 4 11
6 12 7 12
12 24 11 24
14 17 14 16
15 23 15 22
8 20 7 20
13 2 14 2
3 24 3 23
1 3 1 4
16 6 15 6
16 3 16 2
6 5 6 4
1 13 2 13
15 12 15 11
6 24 6 25
15 11 15 10
0 3 1 3
20 3 21 3
8 0 8 1
7 17 6 17
13 3 13 4
8 10 9 10
2 2 3 2
16 2 17 2
4 11 4 12
14 16 15 16
13 17 14 17
12 2 13 2
8 25 8 24
3 21 3 22
0 18 1 18
0 7 0 6
12 4 12 5
3 2 4 2
1 3 2 3
1 4 2 4
20 6 21 6
18 5 19 5
23 2 23 1
2 0 2 1
2 11 3 11
9 9 9 8
11 15 10 15
13 13 13 12
17 13 16 13
23 19 23 18
4 12 5 12
11 16 11 15
6 21 6 20
16 13 16 12
7 21 6 21
25 16 24 16
4 20 4 21
12 16 11 16
18 19 18 20
2 23 2 22
8 21 7 21
24 18 25 18
13 25 13 24
14 17 14 16
24 3 25 3
18 12 18 13
11 16 11 17
8 17 7 17
9 23 8 23
17 12 17 13
12 5 11 5
23 4 23 5
10 8 10 7
4 17 3 17
11 0 11 1
12 18 12 17
5 12 6 12
14 15 15 15
16 21 16 20
25 3 25 4
0 6 1 6
1 7 0 7
20 12 20 13
25 2 24 2
22 9 22 10
1 22 1 21
7 24 6 24
21 5 22 5
7 9 7 8
8 18 8 17
13 20 14 20
2 3 2 2
23 9 22 9
2 2 3 2
8 17 9 17
9 17 10 17
10 17 10 16
12 1 12 2
1 16 1 15
23 14 22 14
1 0 2 0
11 3 11 4
6 1 7 1
20 19 21 19
10 4 9 4
24 2 24 3
10 1 10 0
22 24 21 24
4 15 4 16
5 21 5 20
15 21 16 21
11 8 11 7
3 15 4 15
14 13 14 12
7 13 8 13
9 2 10 2
19 12 18 12
21 24 21 23
5 17 4 17
21 1 22 1
181
5 8 5 11
20 8 21 8
19 5 20 5
20 5 22 5
20 7 20 8
18 12 18 13
16 4 17 4
5 0 6 0
4 8 5 8
22 5 23 5
2 8 2 13
10 20 10 21
9 5 9 6
0 22 2 22
10 21 12 21
5 6 6 6
6 17 7 17
16 9 17 9
21 8 21 12
23 1 23 5
17 13 18 13
0 20 0 22
10 7 11 7
2 1 3 1
17 1 17 2
11 17 12 17
10 10 11 10
3 7 3 8
15 4 16 4
8 1 11 1
5 6 5 8
24 7 24 15
2 4 3 4
7 1 8 1
7 22 8 22
20 5 20 7
6 0 6 2
3 16 4 16
11 5 13 5
23 18 23 20
5 11 5 15
7 17 11 17
17 13 17 17
16 4 16 9
4 3 6 3
12 10 15 10
20 9 20 10
18 3 18 4
8 24 9 24
0 16 2 16
6 17 6 20
20 21 20 22
8 12 11 12
12 21 12 25
23 20 24 20
22 23 22 25
5 20 5 24
18 12 21 12
2 1 2 4
21 21 23 21
9 20 10 20
9 20 9 21
20 2 20 4
5 20 6 20
12 17 17 17
23 21 23 24
10 6 10 7
5 24 6 24
18 13 19 13
9 21 9 22
7 12 8 12
11 10 12 10
0 4 0 7
0 7 3 7
8 9 11 9
9 22 9 24
17 0 17 1
11 11 12 11
22 7 24 7
6 2 6 3
12 15 13 15
25 7 25 9
24 3 24 5
11 12 11 15
17 7 18 7
10 2 11 2
8 19 8 22
0 19 0 20
1 5 1 6
22 9 22 10
10 11 11 11
2 8 3 8
23 20 23 21
18 10 18 12
1 5 4 5
11 7 11 9
24 1 24 3
16 20 16 21
11 1 11 2
0 17 0 19
22 18 23 18
3 2 4 2
6 6 7 6
25 15 25 18
11 4 11 5
4 2 4 3
22 5 22 7
23 18 25 18
6 14 6 15
18 7 20 7
9 5 11 5
7 19 8 19
5 15 5 16
22 1 23 1
13 24 14 24
22 10 22 14
14 11 14 12
4 1 4 2
17 4 18 4
0 4 2 4
7 6 9 6
10 16 13 16
2 0 2 1
14 20 16 20
6 12 7 12
9 0 10 0
12 25 17 25
3 22 3 23
11 2 11 4
11 11 11 12
3 20 5 20
16 0 16 4
13 19 14 19
24 15 25 15
12 11 14 11
9 19 13 19
3 20 3 22
16 20 18 20
2 22 3 22
15 10 18 10
15 22 17 22
2 16 3 16
8 9 8 12
2 14 3 14
23 17 24 17
6 22 7 22
8 22 8 23
18 20 18 21
13 4 15 4
3 14 3 16
6 0 9 0
13 2 13 4
17 22 20 22
19 14 22 14
12 13 17 13
18 20 22 20
5 15 6 15
6 9 8 9
18 6 19 6
4 16 4 17
18 4 18 6
13 16 14 16
17 25 19 25
20 21 21 21
4 3 4 5
10 0 16 0
20 4 21 4
11 9 16 9
3 8 4 8
19 14 19 16
8 19 9 19
18 4 20 4
11 15 12 15
17 9 20 9
14 12 16 12
6 15 6 17
14 19 14 20
17 1 22 1
13 15 13 16
6 24 8 24
6 3 6 4
