315
41 41 40 41
17 35 16 35
43 42 42 42
16 22 16 23
5 15 5 14
8 14 9 14
1 12 1 11
28 2 28 1
23 39 22 39
41 26 40 26
27 20 26 20
18 37 17 37
2 38 2 37
40 27 39 27
15 30 16 30
10 12 11 12
44 31 44 30
15 37 14 37
18 44 18 43
38 34 38 35
39 7 38 7
12 19 12 18
42 42 41 42
45 9 44 9
9 28 9 29
32 26 33 26
1 8 1 7
8 41 9 41
12 2 12 1
21 41 22 41
2 23 2 24
8 4 7 4
19 10 18 10
13 27 13 28
33 42 33 41
37 23 37 22
28 45 27 45
1 2 0 2
25 38 24 38
1 3 0 3
15 27 16 27
31 34 32 34
24 4 24 5
35 19 34 19
18 2 18 3
35 5 35 4
45 17 44 17
25 19 25 20
17 10 17 9
39 33 39 32
38 14 38 13
44 17 43 17
41 15 42 15
10 41 10 42
13 43 13 44
37 31 36 31
45 36 45 35
44 27 44 28
12 28 12 27
14 37 14 36
42 6 43 6
3 43 3 42
21 26 21 27
39 28 40 28
27 36 26 36
12 18 11 18
16 9 16 10
2 19 2 20
32 1 32 2
39 17 39 16
24 45 23 45
13 34 13 35
17 37 17 36
41 42 40 42
25 30 24 30
35 23 35 22
33 13 33 14
14 4 14 3
27 19 27 20
13 35 14 35
40 26 39 26
2 37 3 37
31 17 31 18
1 11 2 11
5 12 6 12
29 42 29 43
39 32 40 32
44 30 43 30
9 9 10 9
44 9 44 10
39 37 40 37
36 4 37 4
16 2 16 3
15 6 16 6
20 17 20 16
3 42 3 41
21 43 22 43
21 27 21 28
14 38 14 37
20 16 21 16
29 13 29 12
40 42 39 42
37 28 37 27
42 19 42 18
8 15 8 14
43 30 42 30
5 33 6 33
16 30 17 30
20 45 20 44
20 18 19 18
11 18 10 18
35 4 35 3
41 6 41 5
14 35 15 35
43 23 43 22
32 34 32 33
12 27 13 27
20 37 20 36
27 21 28 21
40 28 40 27
26 19 27 19
17 36 17 35
16 27 16 28
30 3 30 4
45 8 45 9
18 10 17 10
8 14 7 14
45 45 45 44
16 7 17 7
23 4 24 4
14 11 14 12
44 20 43 20
22 8 22 9
1 44 2 44
14 15 15 15
44 10 43 10
43 22 42 22
28 41 28 42
39 34 40 34
27 45 27 44
13 28 14 28
39 26 38 26
22 3 23 3
25 21 24 21
6 34 5 34
38 32 37 32
33 41 33 40
17 35 17 34
37 2 36 2
2 11 3 11
20 44 21 44
31 33 31 34
41 40 40 40
38 35 39 35
29 12 29 11
13 17 14 17
24 38 24 39
14 0 14 1
19 18 19 17
11 37 11 36
24 35 24 36
16 6 17 6
14 36 14 35
0 11 1 11
3 41 4 41
3 11 4 11
14 34 14 33
17 34 18 34
20 11 20 10
2 44 2 43
2 20 3 20
31 11 31 12
37 27 38 27
39 22 39 23
20 10 20 9
16 23 16 24
42 30 41 30
10 28 9 28
9 26 8 26
40 37 40 36
41 30 40 30
0 10 1 10
27 44 27 43
36 27 36 28
20 43 20 44
17 41 16 41
25 12 25 13
14 35 14 34
19 3 20 3
6 8 7 8
14 33 13 33
37 32 37 33
40 30 39 30
13 18 13 17
20 15 20 16
21 44 21 43
16 28 16 29
1 24 1 23
41 5 40 5
15 44 15 43
42 28 43 28
25 13 24 13
45 9 44 9
26 20 26 19
17 7 17 8
2 24 1 24
13 27 14 27
14 43 14 44
15 15 14 15
5 0 5 1
24 4 24 3
15 24 15 25
18 43 18 42
43 17 42 17
23 45 22 45
19 17 20 17
23 24 22 24
11 12 11 11
3 37 4 37
0 6 0 5
40 4 40 3
8 9 8 8
16 24 17 24
5 14 5 13
38 43 39 43
42 18 41 18
10 9 10 8
20 9 20 8
8 8 8 7
41 4 41 5
27 43 27 42
27 42 27 41
18 3 17 3
39 23 39 24
24 3 24 2
12 41 12 40
38 44 39 44
32 33 33 33
40 40 40 39
30 1 29 1
1 24 1 25
43 10 43 9
41 44 40 44
17 24 18 24
39 30 38 30
21 43 21 42
17 9 16 9
43 27 43 26
43 9 42 9
11 30 11 31
28 39 27 39
23 20 24 20
4 11 5 11
27 41 27 40
18 24 19 24
5 13 5 12
9 41 9 40
25 4 24 4
38 30 37 30
40 15 40 14
40 39 40 38
9 29 10 29
40 16 41 16
39 27 39 28
22 0 21 0
24 30 24 29
12 0 11 0
44 9 43 9
42 9 41 9
28 25 27 25
27 34 26 34
34 25 34 26
6 32 6 31
39 42 39 41
19 24 19 25
5 1 6 1
24 0 25 0
14 27 15 27
14 3 14 4
42 44 41 44
44 34 43 34
30 38 31 38
40 36 40 35
6 41 5 41
14 15 15 15
44 19 44 20
9 30 8 30
1 25 1 26
7 9 8 9
8 29 9 29
29 25 28 25
32 2 32 3
43 9 42 9
17 10 17 9
42 15 42 16
44 14 43 14
42 22 41 22
39 41 39 40
14 4 14 3
15 27 16 27
22 24 21 24
38 31 38 32
8 38 8 39
36 16 36 15
8 9 7 9
43 26 43 25
32 3 32 4
19 45 19 44
19 25 20 25
17 30 18 30
15 43 16 43
30 26 29 26
11 11 10 11
37 19 37 18
9 28 10 28
185
37 4 42 4
39 28 43 28
8 3 8 7
5 40 5 41
27 13 27 19
39 28 39 29
35 16 35 17
4 20 9 20
5 35 11 35
11 3 14 3
41 20 43 20
25 0 25 2
41 44 45 44
20 29 21 29
22 39 22 41
16 43 22 43
37 4 37 6
5 41 15 41
21 24 21 28
31 34 31 38
7 8 10 8
40 35 40 38
43 20 43 24
28 27 33 27
17 8 20 8
38 10 38 13
33 27 38 27
3 12 5 12
27 29 27 35
40 44 41 44
39 6 39 8
16 27 16 29
20 25 20 29
35 14 39 14
28 21 29 21
37 22 41 22
5 6 7 6
20 36 24 36
33 24 39 24
41 18 41 20
16 35 16 41
8 3 11 3
3 20 4 20
39 8 39 9
39 24 43 24
27 35 27 39
41 16 42 16
36 38 40 38
39 9 39 10
27 13 38 13
13 45 22 45
39 6 43 6
17 5 19 5
39 10 39 14
35 20 35 22
27 39 27 40
32 4 37 4
39 35 40 35
24 36 26 36
22 41 22 43
31 3 35 3
23 19 26 19
16 3 16 9
5 30 5 34
28 17 35 17
14 24 21 24
17 6 17 8
4 37 9 37
20 29 20 36
16 41 16 43
5 11 10 11
22 43 22 45
17 3 17 5
40 41 40 44
14 17 14 24
37 30 37 33
40 38 40 41
28 8 35 8
24 28 24 29
33 40 39 40
9 37 14 37
5 26 5 30
22 43 29 43
18 30 18 34
14 12 24 12
38 26 38 27
4 37 4 41
20 16 20 17
41 9 41 16
28 20 28 21
35 17 35 20
24 4 24 5
37 18 41 18
28 17 28 20
31 38 36 38
35 8 39 8
24 36 24 39
5 7 8 7
1 26 5 26
1 1 1 7
15 41 16 41
24 4 30 4
10 8 10 11
39 24 39 28
33 27 33 33
8 28 10 28
26 19 27 19
27 39 31 39
11 2 11 3
41 9 42 9
5 18 10 18
39 29 39 35
18 42 19 42
36 29 39 29
8 0 10 0
38 10 39 10
15 35 16 35
24 29 27 29
11 2 24 2
14 12 14 17
9 37 9 40
37 6 39 6
21 29 21 32
16 9 17 9
31 2 34 2
24 21 28 21
14 3 14 12
11 0 17 0
10 2 11 2
33 33 37 33
2 43 16 43
19 5 24 5
5 34 5 35
29 26 33 26
33 25 33 26
42 13 42 16
18 41 18 42
14 24 14 28
29 33 33 33
3 12 3 20
24 29 24 31
40 35 45 35
16 17 20 17
24 20 24 21
17 5 17 6
8 26 8 28
24 21 24 28
22 41 40 41
16 29 20 29
5 11 5 12
14 17 16 17
8 26 10 26
11 0 11 2
8 40 9 40
24 2 25 2
14 28 14 34
14 34 14 37
42 16 42 17
43 6 43 14
17 9 22 9
19 42 21 42
35 22 37 22
18 34 18 41
43 28 44 28
22 39 24 39
43 14 43 20
10 18 10 26
21 28 24 28
1 7 5 7
25 2 31 2
30 4 32 4
29 21 29 26
7 12 14 12
27 40 33 40
33 25 35 25
7 12 7 14
31 2 31 3
33 26 33 27
39 44 40 44
14 3 16 3
35 17 42 17
14 34 18 34
24 12 31 12
5 26 8 26
10 28 14 28
