119
9 19 10 19
13 3 13 2
12 1 11 1
1 19 0 19
10 12 9 12
7 0 7 1
16 10 16 9
5 4 5 3
8 6 8 7
3 12 4 12
20 9 20 10
18 2 18 3
13 17 14 17
20 13 20 14
7 3 8 3
1 9 0 9
1 8 1 9
3 7 4 7
2 4 3 4
16 20 16 19
2 16 3 16
7 7 7 8
2 5 1 5
12 0 12 1
11 7 11 8
14 17 14 18
1 17 2 17
16 19 15 19
20 17 19 17
9 20 9 19
18 20 18 19
3 6 3 7
18 6 17 6
20 14 19 14
12 1 12 2
8 2 7 2
9 2 8 2
13 20 14 20
12 14 12 15
10 16 10 15
10 11 11 11
8 11 8 10
13 10 13 9
19 10 18 10
11 0 12 0
13 1 12 1
3 4 4 4
8 19 8 18
1 16 2 16
1 20 1 19
10 20 10 21
5 8 4 8
14 20 14 19
4 21 4 20
12 10 13 10
19 11 20 11
7 17 7 18
15 20 14 20
5 12 5 13
16 21 16 20
14 9 15 9
1 13 2 13
21 14 20 14
3 19 4 19
4 4 5 4
10 8 9 8
19 13 20 13
20 16 20 17
0 18 1 18
13 19 13 20
6 14 6 15
1 21 1 20
17 1 17 0
7 19 8 19
1 1 2 1
14 19 13 19
0 1 1 1
21 18 21 19
6 17 7 17
21 16 20 16
9 16 10 16
8 0 8 1
0 3 1 3
7 10 7 11
3 13 4 13
10 19 10 20
4 14 5 14
17 17 17 18
9 21 9 20
1 19 2 19
17 6 16 6
15 21 15 20
4 6 3 6
15 4 15 3
19 6 18 6
11 19 10 19
1 7 1 8
7 18 7 19
7 12 7 13
14 8 15 8
2 19 3 19
0 16 1 16
5 3 4 3
13 6 14 6
4 3 4 2
13 18 13 17
18 6 17 6
16 4 17 4
2 6 2 5
11 3 12 3
5 2 5 3
3 21 3 20
7 8 6 8
21 1 20 1
6 5 7 5
13 5 14 5
17 12 18 12
13 17 13 18
11 21 11 20
181
10 17 10 18
17 14 17 15
6 7 8 7
8 15 9 15
20 20 20 21
6 3 8 3
12 8 13 8
17 0 17 2
21 3 21 7
7 13 7 14
13 20 14 20
4 12 4 13
2 13 4 13
12 17 15 17
15 18 16 18
4 13 4 15
2 18 2 20
12 8 12 9
2 2 2 5
12 20 13 20
12 3 12 5
2 20 2 21
11 6 12 6
8 1 8 2
6 1 6 3
8 13 8 15
8 12 8 13
8 2 12 2
17 4 18 4
12 2 13 2
10 20 10 21
0 0 0 2
19 2 19 4
10 6 11 6
5 3 6 3
9 13 9 14
5 5 5 7
7 21 10 21
6 18 8 18
17 16 18 16
8 2 8 3
9 15 10 15
21 2 21 3
16 15 17 15
12 15 13 15
12 21 17 21
12 20 12 21
8 15 8 18
12 0 12 1
9 15 9 17
19 14 20 14
19 9 21 9
2 9 2 13
17 7 18 7
21 15 21 19
14 1 14 2
15 15 16 15
13 4 17 4
11 13 11 14
5 7 6 7
8 13 9 13
10 19 12 19
6 10 6 13
4 7 4 8
19 2 21 2
8 5 8 7
13 4 13 8
5 4 5 5
19 7 19 9
1 16 1 18
0 9 1 9
20 19 21 19
6 15 6 18
19 12 19 14
4 15 6 15
15 13 15 15
14 15 15 15
10 16 10 17
10 15 11 15
6 9 6 10
6 13 7 13
13 2 13 4
5 21 7 21
13 15 14 15
17 2 19 2
14 18 14 20
1 18 2 18
3 19 4 19
0 8 1 8
6 8 6 9
10 10 10 14
12 12 12 15
1 8 2 8
2 21 5 21
21 11 21 15
14 5 14 6
9 19 10 19
14 10 17 10
16 13 16 15
15 0 17 0
18 5 18 7
1 15 2 15
10 6 10 10
19 16 19 17
4 2 4 7
8 10 10 10
5 0 6 0
20 15 21 15
13 18 14 18
16 17 16 18
16 6 17 6
16 18 16 20
9 19 9 20
11 15 12 15
16 17 18 17
10 17 12 17
5 13 6 13
2 8 2 9
12 1 14 1
10 14 11 14
10 18 10 19
3 7 4 7
17 11 17 13
4 0 5 0
8 7 9 7
7 20 9 20
4 19 6 19
13 10 14 10
17 9 17 10
18 4 18 5
16 20 17 20
21 0 21 2
4 0 4 2
17 13 17 14
2 15 3 15
8 12 9 12
19 20 20 20
15 17 15 18
6 3 6 7
14 2 16 2
5 20 7 20
19 9 19 12
11 12 11 13
0 2 0 5
18 4 19 4
19 14 19 16
20 19 20 20
2 18 6 18
14 7 16 7
18 7 19 7
12 9 12 12
14 12 14 15
4 8 6 8
6 10 8 10
16 18 17 18
16 5 18 5
6 19 7 19
18 16 18 17
16 6 16 7
10 21 12 21
11 8 12 8
1 14 1 15
18 10 18 12
3 0 4 0
12 5 12 6
16 3 17 3
12 19 13 19
14 5 16 5
7 19 7 20
14 7 14 10
17 10 18 10
17 20 19 20
18 12 18 16
1 0 3 0
0 0 1 0
2 2 4 2
19 16 20 16
6 0 12 0
19 17 19 19
16 2 16 3
0 21 2 21
