121
6 21 6 20
5 6 6 6
10 20 11 20
9 0 10 0
12 11 12 12
14 9 15 9
18 11 18 10
8 20 9 20
4 18 3 18
12 8 11 8
3 18 3 17
16 7 16 8
6 8 7 8
3 21 3 20
22 6 21 6
19 17 20 17
11 9 10 9
3 15 3 16
9 8 9 7
15 21 16 21
9 11 9 10
5 14 5 15
15 20 15 21
8 0 9 0
6 3 7 3
21 2 21 3
3 7 3 6
14 13 15 13
2 7 3 7
2 19 3 19
19 21 19 22
5 15 5 16
8 18 7 18
16 21 17 21
9 20 10 20
12 14 13 14
21 15 20 15
5 21 6 21
19 14 18 14
16 8 15 8
8 13 9 13
21 4 22 4
7 1 6 1
4 1 5 1
9 13 9 14
4 19 4 20
10 20 10 19
1 3 2 3
8 15 8 16
7 4 7 5
2 3 3 3
1 13 1 12
21 8 20 8
5 20 5 19
18 17 19 17
17 14 16 14
15 19 15 18
19 11 19 10
11 11 12 11
8 1 8 0
4 20 5 20
5 19 4 19
17 13 17 14
9 12 9 11
2 2 2 3
0 7 1 7
16 19 15 19
2 6 2 7
17 11 18 11
12 19 12 20
0 3 1 3
9 5 9 6
15 14 14 14
9 1 8 1
3 3 3 4
16 11 16 12
12 7 12 8
13 20 14 20
17 21 17 20
2 13 2 14
13 19 13 18
6 2 6 3
12 20 13 20
1 12 2 12
2 17 2 16
0 13 1 13
0 14 0 13
15 19 15 20
1 8 0 8
1 1 1 2
8 4 8 3
7 14 6 14
22 0 22 1
16 3 17 3
14 20 14 19
5 16 4 16
6 6 7 6
17 18 17 19
14 1 13 1
11 12 11 11
19 6 19 5
7 11 7 12
21 1 21 2
12 21 12 20
18 1 17 1
5 9 6 9
12 20 12 19
21 9 22 9
7 6 7 7
20 9 21 9
2 18 3 18
17 7 17 6
18 9 19 9
22 1 21 1
17 6 16 6
9 0 9 1
12 8 12 9
18 20 18 19
1 17 2 17
3 11 4 11
6 16 7 16
179
1 10 5 10
7 7 8 7
8 14 8 16
18 14 18 15
7 12 8 12
8 1 8 3
6 5 6 9
6 13 6 14
10 19 12 19
4 17 5 17
21 11 21 17
13 10 13 11
15 13 15 17
2 3 4 3
5 10 6 10
13 12 15 12
5 12 5 13
6 14 6 15
8 19 9 19
7 9 8 9
1 3 2 3
10 7 10 8
5 13 6 13
10 12 12 12
15 7 15 8
17 17 17 19
3 18 3 19
21 18 22 18
20 14 20 15
18 13 18 14
8 12 10 12
6 1 8 1
21 1 21 2
16 20 17 20
4 17 4 19
4 0 4 3
16 0 17 0
2 11 2 12
6 1 6 3
17 5 19 5
18 16 18 19
2 4 2 5
6 14 8 14
10 7 13 7
15 12 15 13
8 8 10 8
17 14 17 17
2 1 2 3
1 7 1 9
1 11 1 13
2 3 2 4
6 4 9 4
9 19 10 19
7 17 7 18
11 16 11 17
1 7 2 7
6 10 7 10
6 9 7 9
12 19 14 19
20 15 20 16
8 8 8 9
13 9 15 9
8 11 8 12
2 11 4 11
15 17 17 17
0 11 1 11
9 3 10 3
15 9 15 11
5 18 5 20
21 6 21 9
9 10 11 10
4 4 6 4
13 14 13 15
3 16 3 17
15 0 16 0
14 0 14 4
6 9 6 10
11 8 13 8
5 10 5 12
3 19 4 19
14 21 14 22
12 12 13 12
5 13 5 17
17 19 17 20
7 13 10 13
10 13 11 13
19 5 19 8
0 11 0 13
0 1 2 1
10 18 12 18
10 0 10 3
0 2 0 4
21 9 21 11
5 20 6 20
13 18 14 18
13 20 15 20
5 18 7 18
18 21 18 22
13 13 13 14
2 17 3 17
10 17 10 18
2 20 3 20
5 8 5 10
2 5 2 7
4 13 5 13
16 13 18 13
3 6 3 7
5 3 6 3
13 11 13 12
15 12 16 12
2 17 2 20
18 19 18 21
9 4 14 4
1 13 3 13
0 18 0 22
3 20 5 20
15 11 18 11
14 0 15 0
3 5 3 6
12 18 13 18
18 11 18 13
13 8 13 9
21 2 21 3
1 9 1 10
21 17 22 17
18 15 18 16
9 1 9 3
8 6 9 6
15 8 15 9
11 20 13 20
15 20 15 21
5 12 7 12
8 16 10 16
14 19 17 19
7 7 7 8
11 10 11 11
6 5 7 5
0 10 1 10
7 18 7 19
13 15 13 17
8 0 10 0
15 21 18 21
9 15 10 15
4 3 5 3
17 0 17 1
3 8 4 8
14 4 14 6
18 11 21 11
11 8 11 10
3 4 3 5
0 15 1 15
6 20 11 20
9 3 9 4
5 20 5 22
3 16 4 16
19 3 19 4
17 1 17 3
9 4 9 6
3 4 4 4
4 5 6 5
0 17 2 17
10 16 11 16
17 3 19 3
3 7 3 8
12 9 13 9
10 15 13 15
10 13 10 15
17 5 17 8
2 12 5 12
19 3 20 3
8 6 8 7
18 4 19 4
18 21 22 21
19 9 21 9
3 13 3 16
20 3 21 3
7 17 10 17
13 17 13 18
21 3 21 6
