136
16 12 16 11
15 12 16 12
6 12 5 12
4 1 4 0
5 1 4 1
15 2 15 1
6 7 5 7
12 9 13 9
2 9 3 9
1 13 1 12
15 3 15 2
6 13 6 12
10 1 11 1
3 12 4 12
6 8 6 7
13 1 13 0
14 12 15 12
2 12 3 12
11 5 10 5
3 1 3 0
1 1 1 0
16 3 15 3
3 2 3 1
13 12 14 12
6 14 5 14
9 1 10 1
11 14 11 13
13 11 13 12
9 0 9 1
3 3 3 2
16 15 15 15
2 13 1 13
2 14 2 13
16 2 16 3
14 11 13 11
12 8 12 9
14 10 14 11
12 1 13 1
2 3 3 3
15 2 16 2
11 15 11 14
12 5 11 5
9 5 9 4
11 16 11 15
15 1 15 2
14 9 14 10
5 8 6 8
11 8 12 8
12 6 12 5
17 15 16 15
3 14 2 14
8 0 9 0
5 7 5 8
8 5 9 5
11 6 12 6
11 7 11 6
15 9 14 9
10 7 11 7
4 14 3 14
17 16 17 15
4 15 4 14
8 4 8 5
6 7 5 7
2 10 2 9
11 9 11 8
1 12 2 12
15 0 15 1
12 9 11 9
7 13 6 13
15 8 15 9
3 10 2 10
10 16 11 16
6 13 6 14
8 13 7 13
5 15 4 15
8 14 8 13
10 15 10 16
7 13 6 13
16 8 15 8
12 2 12 1
7 0 8 0
8 15 8 14
0 12 1 12
0 13 0 12
12 8 12 9
12 7 12 8
10 8 10 7
16 16 17 16
4 10 3 10
5 14 5 15
1 2 1 1
7 4 8 4
4 9 4 10
1 13 0 13
7 14 7 13
12 3 12 2
11 7 12 7
2 4 2 3
7 5 7 4
14 0 15 0
9 15 8 15
7 15 7 14
2 13 1 13
9 14 9 15
2 14 2 13
4 8 4 9
10 14 9 14
6 0 7 0
3 8 4 8
10 13 10 14
11 13 10 13
2 2 1 2
11 8 11 7
12 13 11 13
2 15 2 14
6 15 7 15
1 15 2 15
14 1 14 0
14 14 15 14
12 12 12 13
13 12 12 12
1 4 2 4
3 7 3 8
6 16 6 15
11 15 10 15
5 0 5 1
7 16 6 16
1 2 2 2
13 11 13 12
17 8 16 8
8 16 7 16
3 8 3 7
12 4 12 3
17 7 17 8
6 14 5 14
5 14 6 14
163
7 1 7 2
1 12 1 13
4 14 6 14
13 8 13 9
8 8 8 9
13 15 13 16
12 11 14 11
3 9 4 9
9 8 12 8
15 10 16 10
14 11 14 12
12 15 12 16
1 12 2 12
8 17 9 17
14 6 15 6
4 2 5 2
16 0 16 1
8 15 8 17
13 15 14 15
14 15 15 15
4 9 5 9
1 3 1 5
0 11 1 11
6 4 7 4
6 8 7 8
5 8 6 8
1 0 2 0
9 17 10 17
7 0 7 1
0 6 1 6
7 1 8 1
15 1 16 1
1 1 1 3
9 4 9 5
12 14 12 15
12 16 13 16
0 11 0 12
3 0 4 0
3 3 3 4
6 2 6 3
17 16 17 17
2 10 2 11
3 7 3 9
2 12 3 12
0 7 0 8
7 8 8 8
8 7 9 7
10 15 12 15
9 5 9 6
6 15 7 15
7 7 8 7
3 16 4 16
15 9 15 10
7 14 8 14
4 0 7 0
6 2 7 2
3 16 3 17
12 8 13 8
11 1 11 3
14 11 15 11
15 10 15 11
16 3 17 3
2 0 3 0
13 1 13 2
5 5 5 7
13 6 13 7
7 15 8 15
13 1 15 1
9 13 9 14
11 1 12 1
15 5 15 6
12 7 13 7
13 2 13 3
1 14 1 16
5 3 6 3
13 10 14 10
10 14 11 14
3 2 4 2
9 15 10 15
17 8 17 9
8 3 9 3
8 3 8 4
17 0 17 1
13 17 14 17
4 13 4 14
5 9 5 10
3 6 4 6
0 1 1 1
14 8 15 8
10 7 11 7
1 11 2 11
15 6 15 7
1 7 1 8
8 14 9 14
9 7 10 7
4 4 4 5
9 14 10 14
2 3 3 3
13 16 13 17
4 5 5 5
6 3 6 4
2 9 2 10
11 7 12 7
5 8 5 9
15 15 16 15
5 7 7 7
3 4 4 4
16 9 16 10
14 9 14 10
16 1 16 2
0 0 0 1
13 13 13 14
16 15 16 17
13 8 14 8
15 14 15 15
1 8 1 9
9 4 11 4
16 7 16 8
9 3 10 3
3 13 4 13
14 13 14 15
3 6 3 7
4 15 5 15
9 1 10 1
14 12 14 13
0 9 1 9
3 12 3 13
1 5 1 6
8 15 9 15
2 10 3 10
3 2 3 3
9 2 9 3
17 15 17 16
11 3 12 3
16 9 17 9
6 14 6 15
8 4 9 4
13 3 13 4
9 1 9 2
11 4 13 4
0 5 0 6
8 8 9 8
8 12 9 12
11 4 11 5
1 3 2 3
16 11 17 11
9 12 9 13
15 7 15 8
11 13 12 13
1 6 1 7
11 17 12 17
2 16 3 16
4 15 4 16
1 13 1 14
16 2 16 3
9 6 9 7
11 13 11 14
17 14 17 15
15 8 15 9
1 9 2 9
17 3 17 4
12 13 13 13
1 6 2 6
