319
3 15 3 16
26 26 26 25
20 5 21 5
21 8 21 7
13 11 12 11
26 10 25 10
23 13 23 12
13 3 14 3
5 11 5 10
23 26 23 25
18 10 17 10
6 16 6 17
30 28 30 29
19 11 19 12
19 7 20 7
24 20 23 20
14 10 14 11
21 10 21 11
21 0 21 1
9 26 8 26
25 18 26 18
2 27 3 27
9 30 9 31
4 19 3 19
18 4 18 5
10 27 11 27
28 11 28 12
19 6 20 6
31 28 31 29
15 17 15 16
6 13 5 13
13 9 13 10
27 13 27 14
22 6 23 6
26 25 25 25
20 0 20 1
25 17 25 18
31 27 31 28
23 11 23 10
29 22 28 22
12 4 12 3
29 28 29 27
21 29 22 29
4 29 3 29
7 1 7 2
19 22 18 22
25 7 24 7
5 21 6 21
23 30 23 29
28 5 28 4
2 2 3 2
30 10 29 10
3 18 4 18
28 7 28 6
4 21 3 21
24 19 24 20
29 11 28 11
10 26 10 25
5 18 5 17
27 25 26 25
21 30 21 29
20 27 21 27
21 17 21 16
15 30 15 29
6 19 6 18
4 22 4 21
5 15 5 14
24 13 25 13
30 22 29 22
14 9 14 10
24 17 23 17
10 10 11 10
18 8 19 8
23 14 23 13
18 11 18 12
1 23 0 23
5 13 4 13
8 9 7 9
25 28 26 28
7 17 7 18
9 9 10 9
22 19 22 20
21 21 21 20
20 17 20 18
2 12 2 13
3 29 3 30
19 8 20 8
26 17 25 17
16 31 16 30
18 6 19 6
10 1 11 1
12 12 12 13
1 10 2 10
5 19 4 19
19 6 19 7
8 25 9 25
9 21 10 21
30 15 29 15
10 12 10 13
20 28 19 28
4 13 4 14
14 7 14 6
1 17 1 16
30 21 29 21
2 5 1 5
10 8 10 7
28 11 28 10
5 3 5 2
24 20 25 20
13 10 13 11
21 27 21 26
5 2 5 1
23 3 23 2
6 12 5 12
26 9 25 9
2 8 3 8
19 18 18 18
29 7 28 7
18 17 18 16
5 5 5 6
29 31 29 30
20 26 20 27
24 18 24 19
31 28 30 28
24 30 24 29
25 16 24 16
3 16 4 16
6 30 6 29
21 5 21 4
3 19 2 19
23 12 23 11
21 6 21 5
9 17 8 17
9 29 9 30
12 7 13 7
20 8 21 8
8 6 7 6
30 9 30 10
12 6 12 7
20 27 19 27
18 9 18 8
2 1 2 2
11 1 11 0
23 17 22 17
13 7 14 7
21 28 20 28
9 22 9 21
28 4 29 4
19 1 19 0
10 11 10 12
24 5 25 5
31 29 31 28
19 9 19 8
23 16 23 17
9 16 8 16
5 14 5 13
16 23 15 23
26 3 25 3
20 6 21 6
29 15 29 16
31 9 30 9
12 3 13 3
25 5 25 4
1 30 1 31
5 31 4 31
3 0 4 0
24 1 25 1
22 30 23 30
25 29 25 28
19 27 18 27
11 4 12 4
2 29 3 29
3 29 4 29
2 11 2 12
26 12 26 13
13 1 12 1
12 25 11 25
25 13 25 12
5 13 6 13
15 21 15 20
25 8 26 8
17 9 16 9
19 3 20 3
17 10 17 11
13 18 12 18
31 16 31 15
27 22 26 22
9 25 9 26
17 6 18 6
12 13 12 14
20 1 20 2
30 28 29 28
20 2 21 2
14 10 13 10
30 16 31 16
31 22 30 22
30 29 31 29
21 31 21 30
4 29 4 28
1 16 2 16
5 12 4 12
1 1 0 1
23 11 24 11
27 28 28 28
6 5 5 5
24 27 25 27
21 6 22 6
3 14 3 13
2 16 2 15
13 22 12 22
30 31 30 30
22 0 21 0
16 18 17 18
1 26 0 26
9 1 8 1
21 8 22 8
8 4 9 4
6 4 6 3
23 22 23 23
22 29 22 30
7 13 7 12
29 14 28 14
2 26 1 26
2 12 1 12
4 0 5 0
0 16 1 16
22 5 23 5
11 17 12 17
10 13 11 13
17 16 16 16
4 28 4 27
31 15 31 14
16 25 16 24
8 20 7 20
13 8 13 9
24 11 24 10
30 11 29 11
30 10 30 11
31 28 30 28
0 7 0 6
1 25 1 24
1 8 2 8
20 9 20 8
25 27 24 27
29 21 28 21
1 14 2 14
0 20 0 19
25 26 26 26
16 22 16 23
4 27 4 26
29 22 29 21
21 0 20 0
23 5 24 5
28 25 27 25
9 3 8 3
3 27 3 26
21 1 22 1
4 26 4 25
25 23 25 22
12 7 11 7
1 27 0 27
1 22 1 21
29 30 29 29
30 13 31 13
15 5 14 5
31 26 31 27
31 14 30 14
30 11 31 11
21 7 21 6
20 7 21 7
4 25 4 24
3 21 3 20
27 25 28 25
3 6 2 6
19 7 20 7
21 7 21 8
31 8 31 9
21 2 21 3
31 29 31 28
4 24 4 23
30 14 30 15
4 23 4 22
20 7 21 7
26 23 27 23
4 22 5 22
4 21 4 20
14 11 15 11
19 17 20 17
19 0 18 0
12 18 13 18
28 8 27 8
16 10 15 10
3 13 4 13
29 8 28 8
11 6 12 6
28 22 29 22
5 22 5 21
30 30 30 29
10 17 9 17
12 20 13 20
22 30 22 31
1 15 1 14
11 12 11 11
15 22 16 22
21 3 22 3
2 8 2 9
27 11 27 12
1 5 1 6
22 31 21 31
2 25 2 24
1 6 1 7
21 9 20 9
30 20 30 21
13 20 13 21
16 22 17 22
22 11 22 12
9 17 9 16
3 17 3 16
22 3 22 4
181
23 6 24 6
26 8 26 11
22 9 23 9
24 28 25 28
6 17 8 17
2 14 2 15
19 8 19 10
9 16 9 21
11 26 11 27
10 22 10 25
24 19 24 21
20 0 20 3
21 11 26 11
1 11 6 11
11 8 11 9
4 18 6 18
9 30 12 30
1 4 1 7
6 18 7 18
7 6 12 6
26 8 27 8
29 9 29 10
26 22 29 22
18 18 18 22
13 10 15 10
29 4 29 6
26 25 26 26
21 8 22 8
5 21 6 21
3 22 6 22
22 8 22 9
29 6 29 9
29 6 30 6
7 8 7 9
8 1 12 1
1 13 2 13
26 29 26 30
10 9 10 12
6 8 7 8
29 9 30 9
22 6 23 6
29 21 30 21
29 21 29 22
12 5 12 6
21 20 22 20
30 15 30 21
23 19 24 19
26 30 31 30
6 22 6 24
3 26 3 28
20 0 24 0
21 26 21 29
0 1 4 1
27 14 27 15
30 12 30 15
18 23 18 27
6 21 9 21
0 1 0 4
23 13 23 17
14 17 14 18
13 6 13 9
25 3 25 4
0 30 3 30
25 4 29 4
6 15 6 17
25 28 25 30
2 13 2 14
14 5 14 6
15 10 19 10
1 21 2 21
24 10 25 10
2 15 2 19
19 29 21 29
4 1 5 1
25 4 25 9
15 11 17 11
28 28 29 28
10 22 11 22
11 22 12 22
29 13 29 16
25 30 26 30
21 26 26 26
4 16 4 18
21 30 23 30
24 16 24 19
21 8 21 11
4 7 10 7
6 11 6 13
11 9 13 9
0 4 1 4
21 20 21 26
17 11 20 11
13 6 14 6
7 5 7 6
23 20 23 23
25 9 25 10
3 28 3 30
28 16 29 16
22 4 22 6
5 1 8 1
29 29 30 29
10 7 10 9
1 26 3 26
17 22 18 22
2 20 2 21
13 9 13 10
14 1 14 3
9 13 11 13
9 26 11 26
2 15 6 15
2 19 2 20
26 11 26 13
12 24 12 30
26 16 26 18
12 24 14 24
13 11 13 12
12 4 12 5
30 21 31 21
2 20 3 20
9 13 9 16
9 12 9 13
1 24 1 26
12 4 15 4
9 21 9 26
2 14 4 14
10 12 13 12
26 22 26 24
0 15 2 15
5 0 5 1
3 26 8 26
23 30 25 30
1 7 1 11
6 18 6 21
6 13 9 13
20 3 20 8
26 26 26 28
7 9 7 10
18 22 18 23
11 13 13 13
23 6 23 9
20 3 25 3
26 13 26 16
31 28 31 30
11 13 11 19
31 27 31 28
22 17 22 20
10 7 11 7
11 24 12 24
22 20 23 20
3 28 5 28
12 1 12 4
12 30 16 30
23 13 26 13
8 17 8 18
20 11 21 11
1 21 1 24
30 9 30 12
20 8 20 9
19 28 19 29
26 11 29 11
14 17 20 17
14 18 14 24
22 17 23 17
26 13 29 13
26 28 28 28
20 17 22 17
4 13 6 13
19 8 20 8
3 30 7 30
31 21 31 27
3 20 3 22
16 23 16 24
13 11 15 11
2 2 3 2
7 30 9 30
12 22 12 24
6 8 6 11
12 6 13 6
29 28 29 29
14 24 16 24
21 7 21 8
