211
4 21 3 21
22 23 22 22
8 8 7 8
9 1 10 1
4 22 4 21
0 24 0 23
11 16 10 16
8 14 8 15
8 23 8 22
15 12 15 11
23 22 23 23
14 15 14 16
16 7 17 7
7 2 6 2
24 20 24 19
17 11 17 12
0 25 0 24
14 13 13 13
11 6 11 5
1 23 1 22
0 6 0 5
20 17 20 18
16 23 16 24
19 2 19 3
23 21 24 21
6 19 6 18
18 19 19 19
24 6 24 7
13 23 13 22
2 4 2 5
19 16 19 17
13 0 13 1
4 23 5 23
17 12 17 13
22 12 23 12
3 16 2 16
9 18 9 17
2 3 2 4
20 13 21 13
18 7 18 8
23 20 24 20
18 0 17 0
7 10 8 10
16 2 17 2
2 4 3 4
23 15 22 15
22 2 22 1
20 2 20 3
24 13 25 13
1 10 0 10
24 9 24 8
24 22 23 22
20 18 21 18
16 3 16 2
3 13 2 13
19 12 18 12
7 22 7 23
24 5 23 5
3 15 3 16
22 22 22 21
5 19 5 20
1 24 1 25
23 14 22 14
19 17 20 17
17 7 18 7
3 12 3 13
3 13 3 14
24 18 23 18
24 4 23 4
19 20 19 21
25 9 24 9
9 19 10 19
17 23 17 24
5 6 6 6
4 12 3 12
25 6 24 6
1 3 2 3
20 11 19 11
0 24 1 24
16 21 16 22
23 22 23 21
18 8 18 9
25 2 24 2
14 8 14 7
24 6 24 5
4 17 5 17
9 13 9 14
22 20 21 20
23 21 23 20
3 12 3 13
2 2 3 2
2 12 3 12
8 11 9 11
2 13 2 12
20 6 21 6
15 6 16 6
13 13 13 12
7 19 6 19
23 19 22 19
8 19 8 20
15 23 16 23
5 18 5 19
22 21 22 20
3 17 4 17
1 18 2 18
12 21 12 22
3 23 3 24
5 22 5 21
18 23 17 23
18 15 18 16
18 18 18 19
20 0 20 1
23 12 24 12
2 17 3 17
8 1 9 1
1 17 2 17
18 5 18 4
0 17 1 17
17 1 18 1
24 5 24 4
18 1 18 0
9 12 9 13
3 14 3 15
3 22 4 22
17 0 17 1
14 12 15 12
21 24 20 24
24 2 23 2
23 5 22 5
1 19 1 18
3 13 3 14
22 9 21 9
20 3 20 4
9 17 9 18
8 0 8 1
2 18 3 18
13 21 12 21
1 22 0 22
5 25 5 24
8 18 8 19
0 19 1 19
12 6 11 6
24 4 24 3
25 8 25 7
24 3 23 3
21 13 22 13
12 11 12 12
25 16 25 17
8 15 8 16
24 15 25 15
20 23 21 23
1 21 1 20
23 2 22 2
1 15 1 14
21 23 22 23
0 7 1 7
9 20 9 19
1 9 1 10
19 25 18 25
17 3 16 3
18 21 18 20
17 13 17 14
23 3 22 3
20 24 20 23
13 22 14 22
9 15 8 15
15 12 16 12
6 25 6 24
10 23 9 23
12 19 11 19
14 0 15 0
14 1 15 1
24 23 25 23
20 22 21 22
19 24 20 24
15 2 14 2
13 10 14 10
17 24 17 25
25 5 25 6
21 17 21 16
10 13 11 13
21 22 20 22
17 6 18 6
25 3 25 4
0 18 0 17
14 5 13 5
12 7 11 7
0 17 0 18
0 3 0 4
12 3 13 3
9 18 9 17
0 16 0 15
2 10 2 9
25 23 24 23
7 17 6 17
22 13 21 13
13 6 12 6
12 8 12 7
11 5 11 4
5 7 5 6
16 18 17 18
12 13 13 13
22 23 22 24
13 1 14 1
18 17 18 18
18 24 17 24
14 16 15 16
8 22 7 22
18 0 19 0
16 2 15 2
9 19 9 20
187
14 4 14 6
4 9 5 9
20 4 21 4
2 1 2 3
4 22 4 24
2 14 3 14
10 5 10 7
7 18 10 18
20 21 24 21
8 16 10 16
17 23 17 24
10 18 10 19
5 5 6 5
24 21 25 21
14 1 14 2
7 18 7 21
24 19 25 19
20 15 21 15
3 14 3 15
10 8 10 9
21 4 21 6
10 12 12 12
8 15 8 16
2 22 4 22
18 4 20 4
19 18 19 19
14 11 15 11
6 9 6 12
21 15 21 16
25 15 25 17
7 23 7 24
16 12 18 12
14 6 14 7
5 6 5 8
18 7 18 9
24 17 24 19
16 22 16 23
10 0 15 0
2 5 5 5
18 9 20 9
6 3 6 4
18 12 18 13
0 5 2 5
9 5 10 5
0 1 2 1
10 16 10 18
16 11 16 12
20 19 21 19
7 0 10 0
22 7 22 8
22 4 23 4
24 16 24 17
15 0 19 0
16 23 17 23
0 2 1 2
19 0 23 0
3 18 6 18
8 12 10 12
24 21 24 23
12 12 13 12
10 19 10 20
21 2 22 2
3 8 3 11
17 15 17 16
2 15 3 15
6 5 8 5
17 16 17 18
15 2 17 2
10 9 12 9
0 13 0 15
5 19 6 19
7 23 9 23
23 9 23 11
23 11 23 17
12 5 13 5
22 2 22 3
25 6 25 7
2 16 2 17
4 8 4 9
14 22 16 22
12 14 14 14
15 3 16 3
10 20 10 22
19 21 20 21
25 7 25 11
1 17 2 17
2 3 2 5
22 20 23 20
1 18 3 18
8 5 9 5
8 15 13 15
15 10 15 11
14 10 14 11
23 0 23 4
8 5 8 10
19 19 19 21
17 2 21 2
7 21 8 21
11 14 12 14
5 5 5 6
3 15 5 15
8 24 8 25
1 8 3 8
12 22 14 22
4 22 7 22
21 19 21 20
12 7 13 7
1 7 1 8
13 4 13 5
3 24 3 25
0 5 0 9
14 2 14 4
17 14 17 15
11 4 13 4
8 10 8 12
22 4 22 5
18 18 19 18
13 15 17 15
24 11 24 12
0 20 1 20
0 18 0 20
0 2 0 4
6 18 7 18
17 1 17 2
4 9 4 13
7 21 7 22
12 10 14 10
7 24 8 24
17 15 20 15
17 24 20 24
23 18 23 20
13 3 13 4
11 10 12 10
20 9 20 15
12 7 12 9
20 17 20 19
15 1 15 2
15 11 16 11
14 2 15 2
9 8 10 8
23 7 24 7
7 3 13 3
2 15 2 16
25 19 25 21
8 12 8 15
24 14 24 16
7 0 7 3
15 4 18 4
10 14 11 14
23 4 23 7
21 3 22 3
10 0 10 1
3 11 3 12
15 3 15 4
21 20 22 20
18 4 18 6
23 17 23 18
14 7 18 7
1 17 1 18
12 9 12 10
1 24 3 24
21 4 22 4
13 5 13 7
24 17 25 17
10 22 12 22
0 15 0 18
22 7 23 7
1 20 2 20
5 8 6 8
0 0 0 1
10 11 10 12
14 11 14 14
3 8 4 8
17 18 18 18
1 20 1 24
10 7 11 7
24 7 25 7
5 9 6 9
24 12 24 14
6 4 6 5
18 13 18 14
13 2 14 2
20 8 20 9
3 25 8 25
2 19 2 20
0 13 4 13
23 7 23 9
