51
31 0 31 1
16 8 16 7
11 8 11 9
36 32 35 32
32 0 32 1
9 35 9 36
18 4 19 4
30 11 30 12
30 29 30 28
4 35 4 36
27 12 28 12
3 0 3 1
30 7 29 7
12 24 12 23
25 0 24 0
26 36 25 36
35 20 34 20
32 20 32 21
9 36 10 36
8 0 8 1
3 6 3 5
32 1 32 2
6 22 6 21
7 9 6 9
16 13 16 14
24 3 24 2
17 7 17 8
22 2 21 2
10 5 9 5
3 23 4 23
1 6 0 6
9 8 10 8
5 32 5 31
17 26 18 26
6 34 5 34
14 9 14 10
17 10 16 10
11 9 12 9
8 1 9 1
36 1 35 1
29 33 28 33
14 31 15 31
23 19 24 19
30 12 29 12
35 23 34 23
6 20 6 19
9 15 10 15
8 24 9 24
4 27 5 27
16 35 16 36
11 37 11 36
149
25 34 28 34
35 27 35 28
16 28 16 29
25 34 25 36
28 2 28 12
22 16 22 35
12 14 16 14
12 1 17 1
33 18 35 18
15 29 16 29
6 19 6 21
28 12 29 12
20 27 20 36
9 1 9 4
33 21 33 23
24 18 24 19
25 20 25 21
28 12 28 15
10 8 10 15
33 18 33 19
16 36 20 36
9 5 9 19
25 21 25 34
0 6 0 16
32 2 35 2
18 23 18 26
35 2 35 4
6 33 10 33
0 6 6 6
29 10 29 12
0 16 0 25
21 1 21 2
4 23 4 36
6 9 6 19
14 10 14 11
28 33 34 33
22 36 23 36
20 18 21 18
31 1 35 1
12 9 12 14
4 21 6 21
4 14 4 18
13 23 13 31
16 29 16 36
13 23 18 23
35 1 35 2
5 19 6 19
12 23 12 28
35 18 35 27
8 36 10 36
20 36 22 36
28 34 32 34
35 7 35 18
11 36 16 36
19 4 19 6
19 1 19 4
25 21 28 21
29 7 29 10
4 36 8 36
28 2 32 2
15 29 15 31
19 27 20 27
6 19 9 19
23 36 25 36
28 21 32 21
33 19 33 21
4 21 4 23
20 2 21 2
22 35 22 36
24 19 24 21
12 23 13 23
10 33 10 36
23 3 26 3
24 21 25 21
21 2 23 2
19 1 21 1
35 28 35 32
5 27 5 31
14 27 19 27
20 21 20 27
21 2 21 7
9 1 12 1
25 17 25 20
23 2 23 3
10 36 11 36
35 32 37 32
17 1 19 1
4 8 4 14
32 2 32 21
30 28 35 28
32 21 33 21
13 4 13 8
4 18 4 21
16 7 21 7
6 6 6 9
15 10 15 13
15 0 24 0
27 1 27 2
21 9 21 11
10 8 13 8
13 31 15 31
12 14 12 23
28 33 28 34
20 18 20 21
14 3 14 10
3 1 9 1
29 15 29 18
22 4 22 8
23 15 23 32
1 4 9 4
27 18 29 18
15 13 17 13
26 4 26 20
16 7 16 10
23 13 23 15
9 24 10 24
10 3 10 8
24 2 27 2
21 11 22 11
27 2 27 3
6 30 9 30
10 18 10 20
22 8 22 11
17 8 22 8
9 26 11 26
8 26 9 26
6 26 8 26
17 13 23 13
29 18 29 19
5 31 5 34
27 18 27 20
5 25 5 27
9 24 9 26
22 15 23 15
10 20 10 24
5 0 15 0
17 8 17 13
9 30 9 31
9 4 9 5
6 26 6 30
10 3 14 3
27 3 27 18
26 20 27 20
10 15 10 18
24 0 24 2
14 10 15 10
22 4 26 4
24 0 34 0
5 31 9 31
