215
26 30 26 29
38 32 38 33
18 28 18 27
26 0 27 0
23 39 23 38
11 23 12 23
32 32 32 31
7 9 6 9
33 21 34 21
34 6 35 6
19 25 20 25
22 25 22 24
14 34 14 33
5 35 5 34
27 37 27 36
8 16 9 16
20 21 20 20
14 16 14 17
20 26 20 27
31 39 31 38
22 3 22 2
33 8 33 7
24 33 23 33
13 10 14 10
27 9 28 9
34 32 34 31
40 29 39 29
34 18 33 18
16 27 15 27
21 4 22 4
34 16 35 16
5 34 4 34
28 23 29 23
25 39 25 40
17 13 17 12
35 29 35 28
26 6 26 7
18 27 18 26
11 31 12 31
30 34 31 34
17 38 17 37
9 12 9 13
22 13 21 13
6 9 6 8
26 36 26 37
2 36 1 36
27 18 27 17
9 15 8 15
31 28 31 27
20 34 21 34
40 11 39 11
31 27 31 26
26 5 26 6
20 20 20 19
39 19 39 18
15 27 15 26
22 12 21 12
28 9 29 9
27 5 26 5
31 38 31 37
29 26 30 26
6 16 7 16
11 33 12 33
12 31 13 31
19 24 19 25
11 28 10 28
31 26 31 25
13 19 14 19
3 14 3 13
4 19 5 19
2 21 3 21
27 12 26 12
2 4 3 4
24 34 24 33
32 27 32 28
16 19 16 18
28 14 27 14
35 17 35 18
30 11 29 11
21 24 20 24
24 3 25 3
25 15 25 16
9 23 8 23
40 25 39 25
40 20 39 20
39 18 39 17
14 17 13 17
15 21 14 21
21 16 21 17
21 13 20 13
19 25 19 26
34 31 33 31
12 23 12 24
19 39 19 40
8 10 8 11
8 19 7 19
18 39 19 39
14 10 14 11
7 34 7 35
13 29 12 29
40 30 39 30
3 19 2 19
31 25 32 25
26 7 26 8
4 28 3 28
21 10 21 11
32 15 33 15
2 14 3 14
31 0 31 1
9 8 8 8
20 24 20 23
20 25 20 26
27 7 26 7
8 28 8 27
5 11 5 10
40 12 40 13
30 31 31 31
14 11 14 12
19 4 20 4
15 16 16 16
38 9 39 9
12 27 13 27
21 34 21 35
31 8 30 8
28 3 27 3
24 33 24 32
30 33 30 32
11 40 12 40
18 40 18 39
8 11 8 12
18 0 17 0
24 22 24 23
31 9 31 8
27 3 27 2
1 38 1 37
12 36 12 35
23 11 24 11
10 32 10 31
30 23 30 24
24 10 24 9
14 33 15 33
2 35 3 35
13 6 13 7
31 37 31 36
13 5 12 5
3 39 3 38
11 18 11 19
25 10 24 10
35 6 35 7
21 18 22 18
3 33 3 32
3 13 3 12
18 39 18 38
35 7 35 8
7 4 8 4
39 10 40 10
8 35 9 35
26 8 25 8
31 36 32 36
33 7 33 6
10 31 10 30
24 9 24 8
23 35 24 35
12 35 12 34
35 8 34 8
18 38 17 38
1 22 0 22
1 4 2 4
14 30 14 31
10 30 10 29
14 24 13 24
21 28 20 28
22 2 21 2
38 33 38 34
20 4 20 3
6 1 6 2
9 17 9 18
21 9 21 8
26 23 26 22
23 12 22 12
20 3 21 3
35 20 36 20
1 37 2 37
12 34 13 34
2 26 3 26
19 39 20 39
27 34 26 34
21 3 22 3
24 13 24 14
19 38 19 37
34 1 34 0
30 26 30 27
12 5 12 6
17 0 17 1
6 7 6 6
19 37 18 37
19 11 19 10
23 27 22 27
19 28 19 29
13 34 13 33
13 33 13 32
17 1 18 1
19 40 19 39
13 7 14 7
31 20 30 20
3 7 3 8
5 21 5 22
17 30 17 31
35 4 35 5
35 16 35 15
39 9 39 10
29 2 30 2
23 13 24 13
8 34 8 33
3 38 3 37
181
25 8 25 16
39 29 39 30
30 37 33 37
3 12 8 12
2 37 2 40
37 18 40 18
8 12 8 15
39 25 39 29
38 34 38 39
32 31 32 36
35 30 39 30
36 17 36 18
14 19 20 19
35 24 37 24
6 8 8 8
2 37 3 37
39 5 39 10
20 13 20 16
2 29 8 29
40 18 40 34
20 27 20 28
29 9 29 11
15 25 15 26
24 32 30 32
33 6 33 15
24 8 25 8
32 26 32 28
29 9 32 9
15 25 29 25
14 6 14 7
25 16 29 16
6 2 6 6
32 22 32 25
28 18 28 19
29 23 31 23
31 21 31 23
6 24 12 24
34 30 34 37
36 8 36 10
2 19 2 29
17 38 20 38
8 12 14 12
27 0 34 0
29 23 29 25
23 33 23 38
34 8 34 19
4 30 12 30
14 12 15 12
20 26 20 27
24 23 29 23
3 35 3 37
9 18 12 18
17 37 17 38
29 25 29 28
34 8 36 8
16 11 17 11
3 26 3 28
15 26 18 26
12 18 12 24
24 11 24 12
3 8 6 8
13 31 13 32
12 33 15 33
34 19 34 21
31 21 34 21
38 5 38 7
29 11 29 16
12 17 12 18
7 23 8 23
19 12 20 12
22 3 25 3
21 33 21 35
20 23 24 23
38 34 40 34
38 31 38 34
31 13 31 21
29 28 32 28
4 30 4 34
32 28 32 31
34 30 35 30
35 19 35 24
20 19 20 23
13 23 13 24
21 11 24 11
20 12 21 12
21 8 21 11
27 0 27 2
34 19 35 19
27 2 27 6
15 32 24 32
21 17 27 17
16 11 16 16
32 25 39 25
30 2 31 2
14 12 14 19
36 17 37 17
27 6 33 6
20 19 28 19
12 24 13 24
33 18 33 19
3 23 3 26
12 30 12 33
21 33 23 33
2 11 13 11
6 2 12 2
8 20 8 23
23 33 25 33
4 2 6 2
16 16 16 18
32 9 32 13
3 4 3 8
21 12 21 17
12 24 12 29
38 5 39 5
33 39 35 39
21 7 21 8
2 19 5 19
10 28 10 29
4 34 6 34
24 29 26 29
5 19 5 22
34 7 38 7
22 39 33 39
20 17 20 19
15 28 16 28
0 34 4 34
15 28 15 32
2 11 2 19
34 0 34 7
12 29 12 30
33 37 33 39
2 30 4 30
16 16 17 16
14 7 21 7
31 13 32 13
24 29 24 32
7 16 7 19
32 28 35 28
19 26 20 26
3 1 3 4
8 4 8 8
30 32 30 37
14 21 14 31
17 12 19 12
5 19 7 19
26 37 28 37
3 23 7 23
21 2 21 7
13 31 14 31
26 6 27 6
14 19 14 21
21 2 27 2
8 17 8 20
39 10 39 11
3 37 17 37
14 38 17 38
21 11 21 12
15 32 15 33
17 11 17 12
32 31 33 31
20 38 23 38
27 2 30 2
33 37 34 37
8 8 21 8
16 28 20 28
37 17 39 17
25 3 25 8
9 35 21 35
31 2 32 2
20 16 20 17
33 15 33 18
35 18 35 19
2 29 2 30
39 11 39 17
8 15 8 17
13 11 16 11
27 6 27 14
3 28 10 28
28 37 30 37
37 18 37 24
8 4 12 4
