24
0 5 0 6
2 5 2 6
1 7 2 7
3 5 3 6
1 5 2 5
15 9 16 9
8 12 8 13
11 2 11 1
8 8 9 8
2 6 1 6
10 3 11 3
0 7 1 7
14 9 13 9
17 10 16 10
7 0 7 1
8 7 8 8
15 0 16 0
14 5 14 6
7 15 7 14
10 2 11 2
12 15 12 16
15 3 15 4
1 4 1 5
6 13 5 13
176
6 8 7 8
17 4 17 5
10 5 10 6
15 12 15 13
12 5 13 5
15 17 16 17
16 0 16 2
2 16 3 16
10 1 10 4
5 5 8 5
15 7 15 10
3 11 3 12
9 2 9 3
6 15 10 15
5 14 5 16
1 12 1 13
3 17 7 17
14 17 15 17
10 15 10 16
4 8 6 8
3 16 5 16
1 9 2 9
14 12 15 12
1 11 1 12
15 6 15 7
0 8 1 8
10 4 10 5
8 3 9 3
1 12 2 12
8 2 9 2
10 5 12 5
8 3 8 5
14 3 17 3
3 8 4 8
3 14 3 16
3 10 3 11
12 16 13 16
10 0 11 0
1 5 1 6
11 10 12 10
16 2 17 2
5 14 6 14
10 0 10 1
17 6 17 7
17 5 17 6
2 14 2 15
13 0 16 0
14 16 14 17
16 16 17 16
12 7 15 7
0 6 0 8
1 8 1 9
8 9 8 10
9 13 12 13
10 4 11 4
2 12 3 12
10 6 10 7
9 11 9 13
8 13 9 13
11 0 13 0
8 5 8 6
17 3 17 4
16 16 16 17
15 15 15 17
0 6 1 6
17 2 17 3
10 16 12 16
7 3 8 3
17 8 17 16
2 15 2 16
2 9 2 12
15 13 15 15
16 6 16 7
16 7 17 7
0 11 1 11
13 16 14 16
12 13 15 13
3 12 3 13
15 6 16 6
10 16 10 17
6 0 10 0
16 4 17 4
4 5 5 5
13 10 15 10
6 14 6 15
7 8 8 8
7 8 7 9
12 2 12 5
3 13 3 14
3 16 3 17
8 6 10 6
13 9 13 10
12 10 13 10
1 8 3 8
4 0 4 3
17 7 17 8
5 10 7 10
5 7 9 7
5 2 6 2
4 14 4 15
2 2 2 3
13 15 14 15
1 7 2 7
4 4 7 4
2 4 2 5
13 11 15 11
4 11 4 14
13 11 13 12
3 2 3 3
2 3 2 4
16 12 16 13
1 2 1 3
1 0 1 1
6 1 6 2
4 3 5 3
16 11 16 12
9 8 10 8
3 3 3 4
11 2 11 3
16 10 16 11
2 5 2 7
3 3 4 3
11 15 13 15
11 1 11 2
4 6 7 6
13 2 13 4
11 14 11 15
15 1 15 2
10 9 10 10
5 11 5 13
1 1 1 2
7 10 7 14
7 10 8 10
6 1 7 1
11 8 12 8
15 11 16 11
14 4 14 6
3 1 3 2
2 7 5 7
0 4 2 4
1 2 2 2
10 9 11 9
10 8 10 9
9 7 9 8
10 10 10 11
3 4 4 4
11 14 13 14
7 14 11 14
13 6 14 6
13 2 15 2
13 14 14 14
2 4 3 4
12 1 15 1
4 0 5 0
4 9 4 10
4 10 4 11
10 11 12 11
14 4 15 4
16 9 16 10
12 8 12 9
3 4 3 6
11 6 13 6
0 2 1 2
5 10 5 11
11 7 11 8
11 1 12 1
11 12 13 12
13 4 14 4
8 10 10 10
5 2 5 3
4 10 5 10
3 6 4 6
12 11 13 11
12 8 14 8
11 8 11 9
11 6 11 7
