122
31 21 30 21
22 31 23 31
3 5 4 5
29 26 29 27
21 19 21 20
8 32 7 32
19 23 19 22
16 17 16 16
25 27 25 26
23 7 22 7
17 15 17 16
31 19 31 18
12 7 11 7
25 18 25 19
19 11 20 11
0 7 0 6
29 4 28 4
32 24 31 24
15 10 15 9
7 26 7 25
29 27 28 27
8 23 8 22
21 24 22 24
22 2 22 1
31 13 30 13
16 10 16 9
30 26 30 25
23 12 23 13
30 21 29 21
26 3 25 3
31 18 30 18
26 29 26 30
5 17 6 17
28 3 29 3
14 18 15 18
12 2 13 2
15 7 16 7
15 0 15 1
1 28 2 28
15 9 14 9
32 31 32 30
32 19 31 19
18 16 18 17
30 5 30 6
20 20 20 19
8 9 8 10
8 26 9 26
26 24 27 24
9 22 9 21
10 21 10 22
6 17 7 17
30 27 29 27
29 27 29 26
19 19 19 20
12 21 12 22
8 1 8 2
15 8 15 7
12 3 11 3
22 18 21 18
21 22 21 23
28 4 27 4
22 24 23 24
19 14 19 13
10 19 9 19
32 30 32 29
7 29 8 29
4 10 3 10
30 6 29 6
22 29 22 28
32 25 31 25
10 8 11 8
7 25 7 24
15 18 16 18
29 6 29 7
29 7 29 8
30 24 29 24
20 11 20 10
20 12 20 11
13 2 13 1
26 20 26 19
26 19 27 19
21 31 20 31
19 15 18 15
31 26 32 26
4 19 5 19
27 4 27 3
29 8 29 9
11 19 11 18
23 18 22 18
24 21 23 21
13 26 13 25
13 6 12 6
25 3 25 2
1 20 1 19
8 22 8 21
30 19 30 20
29 9 29 10
21 30 21 31
7 24 8 24
29 2 29 1
27 3 26 3
14 23 14 22
25 7 24 7
3 20 3 19
25 2 24 2
26 3 25 3
30 18 29 18
21 9 22 9
25 3 25 4
17 23 17 22
25 4 24 4
13 1 14 1
11 8 11 9
14 22 14 21
2 31 2 30
16 5 16 6
20 31 20 30
11 9 12 9
6 26 7 26
23 13 24 13
12 27 12 28
16 18 16 17
178
32 23 32 26
5 18 5 19
29 1 29 3
25 1 25 6
20 10 25 10
26 6 27 6
27 26 28 26
5 0 5 4
8 21 8 24
29 11 29 14
16 16 16 17
28 15 28 18
31 19 31 20
15 16 16 16
19 24 23 24
9 21 11 21
23 21 25 21
28 18 29 18
8 21 9 21
29 3 29 5
28 26 29 26
12 4 14 4
19 20 21 20
7 0 7 9
32 3 32 10
14 4 16 4
14 21 23 21
11 30 18 30
26 26 27 26
14 7 14 9
20 30 22 30
26 6 26 12
0 6 0 10
21 1 22 1
27 19 29 19
21 18 21 20
7 0 8 0
23 15 23 21
9 19 14 19
25 1 29 1
14 4 14 7
25 9 25 10
22 1 25 1
5 19 5 27
31 6 31 7
25 6 26 6
27 6 31 6
11 21 14 21
31 15 31 19
25 6 25 9
28 28 28 29
24 6 25 6
17 26 19 26
17 13 17 16
32 10 32 23
8 20 19 20
29 24 29 26
0 23 0 30
25 26 25 28
29 14 29 18
29 3 32 3
26 18 28 18
10 26 11 26
29 19 31 19
1 26 1 30
14 1 15 1
26 12 27 12
1 19 1 21
8 20 8 21
26 5 26 6
5 0 7 0
10 22 10 26
4 4 5 4
26 13 28 13
2 29 2 30
14 9 16 9
21 31 21 32
12 24 14 24
2 19 3 19
11 3 11 7
31 24 31 25
19 1 21 1
28 7 28 13
29 21 29 24
19 7 19 12
16 16 17 16
25 21 25 26
23 21 23 24
25 15 27 15
18 30 20 30
3 10 7 10
19 12 19 13
0 30 1 30
9 26 10 26
18 12 19 12
19 13 24 13
9 16 9 19
7 12 7 17
12 9 14 9
16 6 16 7
9 26 9 29
31 20 31 24
13 5 13 7
24 2 24 4
28 13 28 15
14 1 14 4
28 27 28 28
25 19 27 19
9 32 14 32
16 9 16 16
3 10 3 18
3 18 3 19
7 26 9 26
11 7 13 7
12 22 12 24
10 22 12 22
6 9 7 9
25 26 26 26
0 0 0 6
11 10 12 10
28 29 32 29
15 7 16 7
26 12 26 13
19 13 19 17
20 26 20 29
17 2 24 2
3 4 3 6
19 17 20 17
31 10 31 15
7 26 7 32
17 2 17 6
2 15 2 19
29 26 32 26
15 1 19 1
19 12 21 12
19 17 19 18
23 29 28 29
11 7 11 10
17 22 19 22
22 7 22 9
23 29 23 30
1 21 1 26
1 19 2 19
25 15 25 19
19 22 22 22
21 31 23 31
9 25 9 26
27 19 27 24
29 10 31 10
8 2 11 2
8 10 11 10
7 17 7 26
14 19 20 19
18 17 19 17
11 2 11 3
7 10 7 12
20 29 23 29
12 18 19 18
16 7 18 7
23 30 23 31
20 17 20 19
20 10 20 11
16 6 17 6
0 6 3 6
12 22 17 22
12 13 12 18
9 7 11 7
12 10 12 13
11 26 17 26
7 10 8 10
24 13 24 19
18 7 19 7
19 7 22 7
19 26 20 26
24 19 25 19
27 24 27 25
3 6 3 10
11 3 13 3
