216
18 14 18 13
28 18 28 19
24 8 24 7
12 12 12 13
7 3 6 3
25 15 25 14
15 20 14 20
18 2 19 2
23 18 23 19
14 15 14 16
17 27 17 26
24 0 23 0
22 2 22 3
14 22 15 22
22 27 23 27
25 27 26 27
22 0 22 1
11 7 11 8
24 25 24 24
28 19 27 19
21 20 21 21
1 3 1 2
7 26 7 25
24 12 23 12
25 16 25 15
18 26 19 26
12 9 12 8
10 17 10 16
6 25 6 24
4 16 5 16
21 4 21 5
5 27 4 27
10 19 10 18
3 9 3 10
1 4 0 4
6 4 6 5
18 15 19 15
15 26 15 25
23 19 23 20
26 4 25 4
11 11 10 11
9 4 9 3
8 3 7 3
24 13 23 13
11 15 10 15
24 14 24 13
17 4 17 3
0 11 0 10
14 3 15 3
27 26 27 25
5 26 5 27
24 1 23 1
10 18 10 17
10 8 10 9
8 2 8 3
18 22 19 22
7 17 7 16
25 1 24 1
15 21 15 20
4 4 5 4
17 22 18 22
19 26 19 25
24 24 24 23
11 19 11 20
6 5 7 5
18 27 18 26
6 12 6 11
11 20 11 21
6 23 7 23
16 7 16 8
16 28 17 28
23 25 22 25
3 1 2 1
25 0 25 1
7 5 7 6
18 13 18 12
26 26 27 26
17 26 17 25
22 15 22 14
10 17 11 17
16 8 16 9
13 24 14 24
21 3 21 4
7 6 8 6
3 27 3 26
6 24 6 23
19 2 20 2
3 16 4 16
27 19 26 19
17 28 17 27
8 4 9 4
23 0 22 0
16 12 16 13
7 3 7 4
5 4 5 3
1 11 0 11
19 1 19 0
12 23 12 24
5 11 5 10
26 19 26 20
24 13 24 12
8 8 9 8
15 25 15 24
1 26 1 25
24 23 24 22
23 26 23 25
17 21 17 22
4 3 4 4
0 23 0 24
15 22 15 21
26 25 26 26
18 1 18 2
13 14 12 14
21 21 20 21
16 9 15 9
15 24 15 23
15 27 15 26
3 2 3 1
27 16 28 16
24 7 23 7
11 17 11 16
11 21 10 21
16 27 16 28
8 3 8 4
15 26 15 25
5 20 4 20
23 25 24 25
8 6 9 6
3 10 2 10
11 16 11 15
27 22 26 22
28 21 27 21
5 28 4 28
9 12 10 12
10 12 9 12
0 14 0 13
10 22 11 22
6 15 6 16
13 0 14 0
2 2 3 2
23 20 22 20
4 16 4 15
8 14 8 13
19 22 19 21
25 26 25 27
3 19 3 20
7 4 7 5
15 28 15 27
8 4 7 4
26 22 26 21
23 4 24 4
10 2 9 2
7 10 7 9
17 12 16 12
26 13 25 13
3 2 3 3
2 9 2 8
23 24 23 23
24 25 24 24
22 20 21 20
16 12 17 12
7 4 6 4
10 1 10 0
6 4 6 5
26 20 25 20
18 11 17 11
14 21 14 22
15 7 16 7
19 19 18 19
1 1 1 0
5 1 6 1
28 20 28 21
15 9 14 9
24 26 24 25
15 12 15 13
20 16 20 17
4 15 5 15
3 15 4 15
16 15 15 15
22 6 21 6
16 21 17 21
6 21 5 21
8 24 7 24
5 15 6 15
11 15 11 14
4 1 5 1
3 3 3 4
14 14 14 15
20 19 19 19
28 21 28 22
7 8 8 8
28 22 27 22
1 25 1 24
27 22 26 22
19 15 19 14
17 27 18 27
18 19 17 19
19 27 19 28
20 2 20 1
12 19 11 19
1 13 1 12
11 27 10 27
7 9 7 10
26 22 25 22
18 28 17 28
21 25 20 25
11 19 12 19
13 1 12 1
9 12 9 13
11 13 10 13
4 12 3 12
6 3 7 3
12 0 11 0
18 3 19 3
1 20 1 21
6 15 7 15
184
14 8 15 8
13 23 13 25
19 7 19 13
19 6 21 6
6 23 6 26
25 4 25 5
17 25 18 25
5 16 6 16
14 9 14 12
21 22 22 22
21 24 21 26
15 21 17 21
5 14 5 16
9 7 10 7
19 3 22 3
4 5 4 8
10 9 14 9
7 23 7 24
6 11 7 11
13 25 13 26
10 21 10 23
24 11 24 12
10 14 10 15
0 13 2 13
21 6 23 6
1 0 1 2
11 3 12 3
24 16 26 16
10 7 10 9
10 7 12 7
14 1 14 5
26 21 27 21
5 16 5 18
4 2 4 4
11 5 14 5
10 9 10 11
26 16 26 21
28 14 28 15
19 7 22 7
18 26 18 27
14 16 14 20
17 22 17 24
14 0 14 1
24 20 25 20
10 14 11 14
22 23 23 23
5 8 8 8
18 23 20 23
0 20 3 20
4 11 6 11
3 26 6 26
22 3 22 4
6 26 8 26
17 1 20 1
6 16 7 16
8 26 8 27
22 14 22 17
13 26 18 26
28 16 28 17
24 18 24 20
25 20 25 22
25 4 28 4
3 12 5 12
7 5 8 5
2 8 4 8
21 22 21 24
9 5 11 5
7 14 10 14
9 16 10 16
24 12 26 12
25 5 27 5
5 21 10 21
14 15 14 16
6 5 7 5
26 24 26 26
7 11 7 13
18 26 21 26
16 13 19 13
3 5 4 5
24 4 24 11
20 1 22 1
1 24 4 24
26 15 26 16
20 17 20 21
7 13 7 14
23 17 24 17
14 12 17 12
2 12 2 13
1 2 4 2
28 11 28 13
22 17 23 17
0 24 1 24
10 16 13 16
4 0 4 2
26 15 27 15
4 8 5 8
17 12 18 12
26 26 26 27
14 24 14 25
3 4 3 5
1 7 1 8
16 3 17 3
14 12 14 15
6 9 6 11
8 8 8 10
19 21 20 21
13 25 14 25
25 7 25 9
22 22 22 23
15 25 16 25
5 18 5 21
17 19 17 21
18 10 18 12
10 13 10 14
2 12 3 12
7 14 7 15
5 21 5 23
21 20 21 22
18 23 18 25
5 23 6 23
0 12 0 13
24 22 25 22
3 20 4 20
9 13 10 13
17 21 19 21
20 17 22 17
9 9 10 9
5 12 5 14
16 7 19 7
9 4 9 5
10 23 13 23
16 25 17 25
1 5 1 6
17 3 19 3
19 13 20 13
7 16 9 16
22 14 25 14
22 26 26 26
4 4 9 4
14 5 14 8
25 2 25 4
1 9 1 12
22 4 24 4
0 2 1 2
24 22 24 24
8 5 8 7
14 5 21 5
19 13 19 14
25 5 25 7
11 3 11 5
26 12 26 15
24 17 24 18
21 5 21 6
21 26 22 26
12 14 12 15
1 6 1 7
21 4 21 5
14 24 17 24
9 1 9 2
10 27 12 27
9 5 9 6
22 0 26 0
1 2 1 5
9 6 13 6
13 16 14 16
1 8 1 9
22 0 22 1
19 14 22 14
8 7 9 7
1 9 6 9
11 14 12 14
26 21 26 23
8 10 8 13
24 4 25 4
14 1 17 1
0 20 0 24
8 7 8 8
19 6 19 7
17 14 19 14
25 14 25 15
26 23 26 24
25 1 25 2
20 21 20 23
27 15 28 15
