317
7 27 6 27
35 23 35 22
31 21 31 20
4 4 4 3
25 25 24 25
7 36 7 37
3 16 3 15
21 9 22 9
32 6 33 6
8 8 7 8
4 24 4 25
13 31 13 30
30 14 29 14
19 10 19 11
6 12 6 13
24 21 24 22
30 12 30 11
16 17 16 16
33 23 33 22
10 18 9 18
35 12 34 12
20 16 20 15
1 26 1 27
7 26 7 27
28 27 28 26
23 37 23 36
17 21 17 20
18 18 18 19
19 31 20 31
31 28 31 29
33 14 33 15
0 18 1 18
2 16 3 16
4 14 4 15
14 22 14 21
21 29 20 29
24 5 25 5
38 23 37 23
19 30 20 30
7 27 7 28
24 4 25 4
4 22 3 22
6 1 5 1
19 11 19 12
13 34 12 34
35 22 34 22
30 8 29 8
0 26 1 26
5 9 5 8
3 27 3 26
26 4 26 5
1 11 1 10
22 36 22 35
14 14 14 13
38 21 38 22
5 1 5 0
30 21 31 21
36 22 36 23
33 31 33 30
8 4 8 3
20 11 19 11
7 10 8 10
3 16 4 16
35 2 34 2
3 22 3 23
35 28 36 28
2 10 3 10
4 2 5 2
11 9 11 10
34 7 33 7
29 26 29 27
20 15 20 14
31 20 30 20
21 15 21 16
5 12 6 12
20 12 20 11
7 8 7 9
0 22 1 22
20 8 20 9
8 27 9 27
19 6 20 6
23 19 23 20
11 8 11 9
17 4 18 4
30 26 29 26
16 4 16 3
0 21 0 20
37 37 38 37
36 23 35 23
29 6 28 6
15 19 15 18
18 11 18 12
17 33 16 33
30 11 30 10
24 12 24 13
24 32 24 33
34 26 35 26
13 29 14 29
5 8 4 8
31 7 32 7
4 10 5 10
4 9 3 9
26 24 26 25
14 31 13 31
7 31 7 30
26 5 26 6
6 3 6 2
23 13 23 12
32 7 32 6
2 23 1 23
3 11 4 11
4 8 4 9
31 33 31 32
33 36 33 35
23 10 24 10
17 22 17 21
16 16 17 16
33 7 33 8
35 25 34 25
37 23 37 24
22 11 22 10
34 12 33 12
4 9 4 10
34 6 34 7
29 24 30 24
30 3 30 4
20 6 20 7
18 9 18 8
32 9 32 10
9 27 9 26
34 13 34 14
12 35 13 35
7 9 6 9
33 33 33 32
9 26 9 25
14 30 14 31
36 10 35 10
33 35 32 35
25 24 25 25
10 22 9 22
38 0 38 1
9 29 8 29
12 32 12 31
8 11 8 12
26 17 26 18
14 29 15 29
37 24 36 24
7 21 7 22
32 22 32 21
36 15 36 14
3 26 2 26
35 23 34 23
19 12 19 13
17 17 16 17
34 24 33 24
2 17 3 17
17 16 18 16
31 15 30 15
5 10 6 10
11 9 12 9
27 22 27 23
20 7 20 8
34 25 34 26
31 11 30 11
32 35 31 35
18 8 17 8
26 20 26 19
34 7 33 7
26 33 26 34
23 12 23 11
27 33 28 33
33 7 32 7
21 14 22 14
1 26 1 25
8 10 8 11
34 23 33 23
33 23 32 23
24 33 23 33
2 19 2 20
15 29 16 29
16 33 16 32
30 4 30 5
16 3 17 3
19 32 19 31
18 32 18 31
19 36 20 36
12 9 12 10
38 26 38 25
12 10 12 11
19 31 19 30
32 6 32 5
25 20 26 20
30 33 31 33
4 16 5 16
30 10 31 10
36 24 36 25
32 23 32 24
3 10 3 11
9 25 8 25
34 14 35 14
26 25 26 26
20 28 21 28
22 14 23 14
31 21 31 22
31 26 31 27
33 8 32 8
36 17 35 17
25 4 26 4
26 4 26 5
12 18 12 17
28 33 29 33
8 12 8 13
22 17 21 17
16 37 15 37
38 1 38 2
26 37 26 36
18 4 18 5
37 26 37 25
31 1 31 2
3 17 3 18
34 26 34 27
32 8 31 8
19 11 18 11
20 8 19 8
10 31 10 32
33 6 33 7
2 26 1 26
26 19 27 19
3 23 2 23
35 17 35 16
31 2 30 2
18 31 18 30
36 25 35 25
34 27 33 27
16 32 16 31
30 5 30 6
1 27 1 28
7 30 7 29
7 3 7 4
20 36 21 36
18 12 18 13
15 18 16 18
16 18 17 18
5 0 4 0
25 27 26 27
20 11 21 11
16 31 16 30
35 25 34 25
29 33 30 33
28 6 28 7
1 26 0 26
25 25 26 25
1 25 1 24
11 29 11 28
21 13 20 13
37 30 37 29
24 11 24 12
1 24 2 24
28 26 27 26
26 5 27 5
34 25 33 25
27 5 27 6
7 28 8 28
31 8 30 8
19 8 19 9
9 37 8 37
14 32 13 32
4 20 4 21
34 18 35 18
21 6 21 7
2 20 1 20
6 9 5 9
38 3 37 3
26 26 25 26
32 7 32 8
25 33 26 33
14 31 15 31
3 33 3 32
26 0 25 0
35 16 35 15
37 13 37 14
3 32 4 32
18 13 17 13
30 33 30 32
0 2 1 2
38 28 38 27
1 12 0 12
36 28 37 28
7 29 7 28
16 1 17 1
29 27 28 27
38 17 37 17
17 18 18 18
5 9 5 10
38 2 38 3
38 3 38 4
25 26 25 27
7 19 8 19
34 3 33 3
34 2 33 2
4 21 3 21
8 1 8 2
5 10 5 11
12 17 12 18
5 18 5 17
17 32 17 33
33 7 32 7
22 0 23 0
32 7 31 7
38 4 38 5
7 28 7 27
11 13 10 13
3 34 4 34
37 25 37 24
20 13 20 12
32 8 31 8
33 30 34 30
183
20 27 25 27
21 11 23 11
8 31 12 31
3 3 4 3
33 2 36 2
33 2 33 3
37 32 37 38
7 4 7 5
0 24 0 25
30 29 31 29
12 11 14 11
17 20 19 20
19 9 19 13
30 15 30 20
28 22 28 27
19 14 20 14
11 17 11 18
17 3 17 8
36 1 36 2
30 8 30 11
20 27 20 29
33 12 33 15
25 5 25 7
11 35 11 37
26 6 27 6
5 13 6 13
1 10 1 18
19 9 20 9
32 10 35 10
21 8 21 11
35 14 36 14
33 0 33 2
9 22 19 22
8 26 11 26
7 22 7 27
26 13 26 18
7 22 8 22
33 16 36 16
24 10 24 12
31 7 31 8
37 29 37 32
7 37 8 37
12 31 12 33
20 30 20 31
24 22 24 25
33 15 35 15
8 22 8 25
8 25 16 25
31 18 31 22
24 12 24 13
30 24 32 24
36 32 37 32
19 35 19 37
19 20 23 20
32 5 32 10
26 7 26 13
30 29 30 32
13 30 16 30
25 1 25 5
18 16 18 18
3 11 4 11
24 13 26 13
34 22 34 30
28 5 32 5
0 25 0 26
23 33 26 33
12 33 12 34
6 34 7 34
17 13 19 13
27 6 30 6
31 27 31 29
23 36 26 36
26 18 27 18
4 10 6 10
14 13 17 13
1 28 1 34
2 24 5 24
33 25 33 27
31 22 33 22
9 15 9 18
36 32 36 33
4 32 4 34
15 31 20 31
4 11 5 11
8 13 8 14
31 27 33 27
3 15 4 15
36 30 36 32
0 20 1 20
1 34 4 34
3 18 9 18
26 18 26 20
8 26 8 28
3 11 3 15
16 30 18 30
33 22 34 22
17 8 17 10
9 18 11 18
26 6 26 7
31 18 32 18
1 28 8 28
17 13 17 20
8 22 9 22
9 12 10 12
37 28 37 29
34 30 36 30
5 14 8 14
8 3 10 3
30 6 30 8
14 11 14 13
18 16 21 16
2 23 2 24
25 5 28 5
9 11 12 11
4 7 4 10
6 12 9 12
20 29 30 29
16 29 20 29
24 22 28 22
26 36 29 36
16 25 16 29
16 29 16 30
28 22 31 22
8 13 10 13
8 29 8 31
3 15 3 18
1 34 1 35
13 31 15 31
0 20 0 24
9 18 9 20
21 36 23 36
6 10 6 12
8 28 8 29
1 20 9 20
30 8 31 8
10 3 14 3
18 30 19 30
34 22 38 22
31 33 36 33
15 33 15 37
1 23 1 28
6 10 11 10
23 20 26 20
38 22 38 25
27 27 28 27
8 11 9 11
1 10 4 10
36 14 36 16
21 16 21 17
12 31 13 31
4 3 8 3
14 3 17 3
8 31 8 37
30 15 33 15
1 23 2 23
21 7 21 8
21 11 21 16
5 11 5 13
4 3 4 7
6 32 6 34
24 1 25 1
9 20 9 22
20 30 21 30
31 10 32 10
21 30 21 36
4 0 4 3
15 31 15 33
30 11 30 15
31 33 31 35
26 33 31 33
17 8 21 8
23 33 23 36
32 5 38 5
6 31 6 32
19 13 19 14
5 14 5 16
32 10 32 14
10 12 10 13
30 24 30 29
35 10 35 14
19 20 19 22
33 16 33 22
21 7 25 7
