129
12 14 12 15
13 14 12 14
5 4 6 4
6 16 6 17
10 9 9 9
6 0 6 1
9 13 9 12
1 15 1 14
13 15 13 14
10 10 10 9
8 13 9 13
13 16 13 15
2 15 1 15
5 3 5 4
5 10 5 11
10 4 10 5
11 3 11 2
2 16 2 15
6 4 6 5
11 8 11 7
7 16 7 17
3 12 3 13
6 15 6 16
7 0 6 0
14 16 13 16
12 8 11 8
8 12 8 13
14 15 14 16
9 12 8 12
3 5 4 5
11 10 10 10
2 5 3 5
5 15 6 15
2 4 2 5
14 14 14 15
14 13 14 14
13 8 12 8
8 16 8 17
7 1 7 0
5 14 5 15
8 1 7 1
9 11 9 12
14 0 14 1
8 6 8 5
8 3 8 4
15 13 14 13
6 10 5 10
5 2 5 3
13 7 13 8
1 4 2 4
1 3 1 4
16 13 15 13
6 16 7 16
5 7 4 7
7 3 8 3
8 15 8 16
16 12 16 13
11 9 11 10
12 7 13 7
5 1 5 2
11 4 11 3
13 0 14 0
16 11 16 12
12 0 13 0
7 6 8 6
12 1 12 0
7 4 6 4
12 9 11 9
2 3 1 3
6 6 7 6
4 1 5 1
15 11 16 11
12 6 12 7
9 10 9 11
2 2 2 3
15 10 15 11
7 10 6 10
16 1 16 2
6 5 6 6
15 9 15 10
7 9 7 10
15 8 15 9
5 16 6 16
9 1 8 1
6 9 7 9
1 16 2 16
10 10 9 10
4 0 4 1
16 8 15 8
10 11 10 10
3 0 4 0
7 2 7 3
5 8 5 7
8 4 7 4
5 5 6 5
16 9 16 8
3 1 3 0
16 10 16 9
12 8 12 9
4 5 5 5
4 1 3 1
12 7 12 8
4 6 4 5
16 11 16 10
17 1 16 1
5 6 4 6
15 11 16 11
15 10 15 11
9 11 10 11
16 10 15 10
0 15 0 16
6 10 6 9
9 10 9 11
8 14 8 15
10 3 10 4
17 2 17 1
8 10 9 10
17 10 16 10
17 9 17 10
13 6 12 6
8 15 8 14
17 3 17 2
8 9 8 10
17 8 17 9
7 15 8 15
0 10 0 9
1 10 0 10
13 5 13 6
3 2 2 2
168
10 17 11 17
2 0 3 0
13 0 14 0
16 10 16 11
14 6 14 7
10 16 11 16
15 14 15 15
12 0 13 0
16 10 17 10
10 15 10 16
3 3 4 3
13 1 14 1
10 16 10 17
16 11 16 12
15 14 16 14
9 0 10 0
5 3 6 3
12 12 12 13
4 4 4 5
4 6 4 7
8 6 9 6
11 3 12 3
6 7 7 7
4 3 4 4
1 4 1 5
14 7 14 8
16 13 16 14
15 15 15 16
16 15 16 16
13 3 14 3
11 2 11 3
14 16 15 16
12 11 12 12
9 11 10 11
15 12 16 12
15 1 16 1
8 6 8 7
11 16 12 16
7 9 7 10
7 7 8 7
6 7 6 8
12 3 13 3
14 7 15 7
17 2 17 4
4 0 4 2
1 4 2 4
8 15 9 15
5 5 5 7
11 13 11 14
13 9 14 9
3 14 4 14
3 15 4 15
4 3 5 3
8 10 8 11
17 15 17 16
2 4 3 4
9 2 10 2
3 3 3 4
11 0 11 1
4 5 4 6
1 8 1 9
13 15 13 16
13 4 13 6
14 9 15 9
0 4 1 4
13 6 13 7
6 11 7 11
10 14 11 14
10 14 10 15
9 3 9 4
11 7 13 7
15 9 16 9
11 1 13 1
6 0 7 0
6 5 7 5
2 16 2 17
7 1 7 3
13 7 13 8
10 13 11 13
2 12 2 13
8 11 9 11
5 0 6 0
12 10 12 11
2 9 2 10
12 12 13 12
4 8 4 9
7 16 8 16
4 16 6 16
6 15 6 16
4 0 5 0
7 11 8 11
3 16 4 16
1 9 2 9
7 1 8 1
9 5 9 6
16 12 16 13
12 17 13 17
4 15 5 15
4 14 6 14
2 10 3 10
8 2 9 2
13 4 14 4
14 12 15 12
2 16 3 16
5 9 6 9
11 10 12 10
10 0 11 0
14 13 15 13
9 0 9 2
13 15 14 15
16 17 17 17
3 13 3 14
8 11 8 12
6 14 6 15
11 13 12 13
2 12 4 12
13 14 13 15
1 1 1 2
9 16 10 16
6 9 6 11
5 2 5 3
12 9 12 10
1 0 1 1
3 7 4 7
10 4 12 4
9 2 9 3
14 16 14 17
0 16 2 16
8 16 9 16
5 4 5 5
8 0 9 0
15 17 16 17
4 12 6 12
13 12 14 12
13 13 13 14
17 1 17 2
8 8 8 10
7 0 8 0
6 3 7 3
4 9 5 9
14 4 15 4
2 13 3 13
16 16 16 17
6 15 8 15
7 4 7 5
16 14 17 14
13 9 13 10
15 8 15 9
13 1 13 2
1 13 2 13
17 14 17 15
1 2 2 2
13 8 13 9
10 2 10 4
0 8 1 8
10 7 11 7
12 4 13 4
7 4 9 4
13 16 13 17
16 1 17 1
14 1 15 1
13 13 14 13
5 5 6 5
6 11 6 12
12 15 13 15
15 9 15 10
5 7 5 9
2 2 4 2
