214
9 24 10 24
23 17 22 17
21 15 22 15
0 14 1 14
3 3 3 4
3 4 4 4
17 4 17 5
11 2 10 2
16 13 17 13
24 13 24 14
1 25 1 24
24 24 25 24
27 10 27 11
26 21 26 20
5 9 4 9
26 13 25 13
15 9 15 8
16 2 17 2
15 14 15 13
21 24 20 24
17 26 17 25
4 2 3 2
15 18 14 18
12 6 13 6
25 3 25 4
21 6 21 7
11 5 11 6
25 15 24 15
17 2 18 2
25 1 26 1
2 26 1 26
17 22 17 21
20 23 20 22
12 22 12 23
8 22 9 22
19 11 19 12
23 25 23 24
26 17 25 17
10 11 11 11
4 6 4 5
12 4 13 4
20 15 21 15
12 2 13 2
2 13 2 14
21 12 22 12
25 13 24 13
27 26 27 27
9 17 9 18
26 2 25 2
5 0 4 0
2 1 2 0
27 11 27 12
25 12 26 12
26 26 26 25
4 5 5 5
27 3 26 3
19 22 19 21
11 3 11 2
20 16 20 15
7 15 6 15
26 11 27 11
11 4 11 5
3 6 4 6
10 3 11 3
20 12 21 12
11 18 10 18
10 1 9 1
8 15 7 15
8 17 9 17
14 6 14 5
7 17 6 17
21 7 21 8
14 21 14 22
18 2 18 1
2 14 2 15
8 21 8 22
18 5 18 4
22 5 23 5
17 25 17 24
24 10 24 9
23 18 24 18
22 17 22 16
8 20 8 19
19 2 19 1
10 0 10 1
19 3 18 3
23 24 22 24
0 17 1 17
6 15 6 14
14 1 15 1
10 18 10 19
5 26 4 26
26 12 26 11
1 13 1 12
21 12 21 13
7 19 7 20
26 27 26 26
3 1 2 1
26 22 25 22
14 0 14 1
17 23 17 22
27 21 26 21
19 19 19 20
8 7 9 7
27 17 26 17
3 0 3 1
4 10 3 10
19 12 20 12
13 4 13 5
26 3 25 3
5 3 4 3
20 12 21 12
9 21 8 21
17 24 18 24
2 15 2 16
9 10 9 9
27 13 26 13
20 2 19 2
22 16 21 16
15 26 16 26
12 1 12 2
22 24 22 23
26 21 26 22
21 16 20 16
15 19 16 19
19 5 18 5
9 11 9 10
14 2 15 2
9 14 8 14
20 0 19 0
2 25 2 26
8 18 8 17
10 4 11 4
19 16 19 15
4 19 4 18
26 19 27 19
10 2 10 3
15 17 15 18
1 8 2 8
9 7 9 6
27 22 27 21
1 26 1 25
19 21 18 21
10 3 10 4
3 20 4 20
9 23 9 24
26 6 25 6
25 22 25 21
8 12 8 11
24 8 24 7
25 21 25 20
20 25 21 25
14 18 14 17
8 19 8 18
4 9 3 9
7 26 6 26
7 15 6 15
19 8 20 8
25 24 25 23
21 23 21 22
25 20 24 20
26 26 27 26
18 26 19 26
15 1 15 0
23 20 23 19
13 6 13 7
13 5 13 6
14 5 13 5
15 24 15 23
20 10 21 10
3 12 2 12
12 23 12 24
3 21 4 21
22 23 21 23
19 25 20 25
1 25 2 25
4 3 3 3
24 7 24 6
21 23 20 23
1 3 1 4
6 18 6 19
16 26 17 26
4 18 5 18
13 6 14 6
9 25 10 25
17 26 18 26
25 23 25 22
25 22 25 21
25 9 26 9
25 21 25 20
2 18 3 18
22 2 23 2
25 4 24 4
22 13 23 13
26 10 27 10
20 25 19 25
21 2 22 2
9 15 9 14
24 1 25 1
13 0 13 1
25 26 25 25
16 3 15 3
13 26 13 25
26 7 27 7
9 24 8 24
0 8 1 8
19 23 19 22
24 6 23 6
6 21 5 21
16 4 16 3
25 7 24 7
9 10 9 11
6 26 7 26
5 18 6 18
186
12 2 12 3
26 8 26 9
6 13 7 13
18 24 18 26
25 2 25 3
1 10 3 10
23 4 23 5
17 20 19 20
26 11 27 11
11 12 11 13
3 5 3 9
0 13 3 13
14 22 15 22
8 18 9 18
11 12 12 12
3 13 4 13
19 15 20 15
9 17 9 18
22 2 23 2
18 24 20 24
15 16 15 18
20 21 21 21
4 15 6 15
12 5 12 10
3 13 3 18
18 15 19 15
0 0 2 0
15 18 15 20
11 10 12 10
26 4 27 4
23 1 25 1
17 3 17 5
23 13 24 13
2 26 4 26
10 9 10 12
21 26 21 27
6 14 6 15
18 6 19 6
21 10 22 10
19 1 23 1
25 20 26 20
8 22 9 22
9 18 15 18
11 17 12 17
24 12 27 12
14 1 14 3
22 19 22 20
27 21 27 26
21 19 22 19
20 13 20 15
14 1 16 1
19 2 19 4
0 26 2 26
19 4 19 6
17 5 18 5
15 2 15 3
26 9 26 11
9 22 9 26
24 20 25 20
11 26 14 26
11 10 11 11
8 14 8 16
12 5 13 5
20 15 21 15
25 1 26 1
4 0 4 4
2 5 3 5
8 24 8 26
14 6 14 8
0 3 3 3
19 2 22 2
27 19 27 21
3 18 3 25
9 20 9 22
11 16 11 17
0 27 1 27
21 8 26 8
4 4 4 6
7 20 9 20
11 22 14 22
12 10 12 12
10 16 11 16
3 18 6 18
14 15 14 16
21 8 21 10
4 24 4 25
23 2 25 2
24 15 24 18
17 17 18 17
10 12 10 13
10 1 10 4
27 12 27 15
7 14 8 14
26 4 26 8
12 3 12 5
21 12 21 13
20 17 20 19
18 1 19 1
4 26 4 27
3 10 3 13
2 0 2 1
21 13 23 13
23 4 24 4
8 13 10 13
8 16 9 16
7 13 7 14
6 11 7 11
14 8 15 8
24 18 24 20
9 16 10 16
27 16 27 19
0 13 0 15
9 9 10 9
16 17 16 19
20 8 21 8
22 20 24 20
4 25 4 26
4 11 6 11
11 5 12 5
26 1 26 4
19 20 22 20
20 23 20 24
23 13 23 14
17 20 17 21
17 13 17 17
4 15 4 17
24 4 26 4
15 22 17 22
17 27 21 27
15 8 15 13
12 3 13 3
24 9 26 9
8 26 9 26
2 0 4 0
19 6 20 6
0 16 2 16
4 6 9 6
10 22 11 22
13 1 14 1
3 9 3 10
11 13 14 13
16 19 20 19
14 16 15 16
17 21 18 21
14 13 14 15
11 25 11 26
21 15 21 17
15 3 16 3
4 12 4 13
27 15 27 16
24 12 24 13
4 11 4 12
20 6 23 6
14 3 15 3
16 17 17 17
21 25 21 26
22 21 27 21
21 22 21 25
24 15 26 15
21 17 21 19
20 16 20 17
14 8 14 11
17 22 17 27
9 5 9 6
9 4 9 5
14 6 18 6
4 13 4 15
10 1 13 1
6 24 8 24
18 21 18 24
15 20 17 20
7 14 7 20
3 3 3 5
21 21 21 22
4 24 6 24
9 6 9 9
9 22 10 22
0 26 0 27
20 8 20 13
15 2 19 2
21 21 22 21
15 13 17 13
9 4 10 4
7 13 8 13
13 5 17 5
0 16 0 26
