311
15 9 15 10
24 29 24 28
36 14 36 13
16 18 16 19
8 0 8 1
17 1 17 2
2 42 1 42
40 33 41 33
38 13 38 14
23 19 22 19
18 3 17 3
2 40 2 41
40 32 40 31
43 20 43 19
7 20 7 21
40 34 40 35
21 22 21 23
23 3 22 3
42 44 42 43
25 6 25 5
32 27 33 27
29 22 28 22
6 8 6 9
43 22 42 22
4 36 3 36
12 5 11 5
14 40 14 41
22 29 22 30
1 40 2 40
10 41 11 41
24 21 23 21
40 3 40 2
2 41 2 42
1 42 1 41
15 10 14 10
43 19 42 19
5 10 5 11
14 10 14 11
11 4 12 4
18 0 18 1
34 36 34 35
1 41 1 40
29 27 28 27
39 3 39 4
26 36 26 37
1 8 1 9
21 37 21 38
12 28 13 28
12 4 12 5
6 36 6 37
39 20 38 20
40 28 39 28
42 21 43 21
11 37 11 38
7 6 8 6
4 31 3 31
13 28 14 28
9 19 8 19
1 20 1 21
8 9 8 8
19 10 19 11
2 40 2 39
10 42 10 43
18 32 18 33
31 8 30 8
30 7 31 7
13 4 14 4
28 6 28 7
11 18 11 19
2 11 2 10
15 33 16 33
14 28 15 28
24 28 25 28
11 36 11 37
38 30 39 30
8 44 8 43
18 17 18 18
31 30 32 30
20 19 20 20
42 42 41 42
3 20 3 21
10 20 10 19
0 42 1 42
16 33 16 32
40 14 41 14
40 31 40 30
41 24 40 24
13 27 14 27
20 43 19 43
44 3 43 3
10 13 9 13
32 13 33 13
16 44 16 43
32 21 31 21
11 28 11 27
21 38 21 39
8 24 9 24
16 19 16 20
2 15 2 16
43 34 43 33
23 10 22 10
27 19 28 19
25 5 24 5
39 4 40 4
0 26 1 26
3 27 2 27
24 33 24 34
1 9 2 9
14 3 14 2
35 29 35 30
41 14 41 13
2 42 3 42
0 10 0 9
7 0 7 1
9 7 9 6
1 42 2 42
28 19 29 19
11 27 10 27
28 27 28 26
2 10 3 10
4 28 3 28
22 30 22 31
14 4 14 5
39 30 39 29
34 38 35 38
2 16 3 16
11 21 10 21
26 43 25 43
36 19 35 19
19 36 20 36
39 11 39 12
3 43 2 43
17 22 17 23
11 41 11 40
1 40 2 40
20 24 20 23
28 7 28 8
1 19 1 18
29 23 29 24
21 12 21 11
39 19 40 19
11 19 11 20
2 39 3 39
42 18 43 18
26 6 27 6
2 18 2 19
19 37 19 36
3 39 4 39
33 13 34 13
39 28 38 28
2 40 3 40
41 15 41 16
37 23 36 23
16 32 16 31
14 11 13 11
11 1 11 2
17 5 18 5
11 3 11 4
21 39 20 39
39 12 39 13
19 43 19 44
4 15 4 14
4 3 4 4
33 31 33 30
33 27 34 27
43 14 43 15
33 29 32 29
2 27 1 27
22 43 22 42
28 18 28 19
32 30 32 31
9 24 10 24
39 29 38 29
8 6 8 7
16 3 16 2
20 23 20 22
32 28 32 27
24 18 24 17
21 31 20 31
26 40 26 39
32 27 31 27
9 4 8 4
18 18 17 18
24 34 25 34
24 1 24 0
17 18 17 19
40 4 41 4
21 23 20 23
25 0 25 1
27 28 26 28
11 37 12 37
32 29 32 28
17 43 18 43
28 20 27 20
16 31 17 31
3 0 3 1
41 43 40 43
27 9 26 9
16 20 16 21
3 21 2 21
23 6 23 5
36 6 35 6
3 40 4 40
42 35 41 35
31 27 30 27
5 31 4 31
3 42 3 43
20 22 20 21
11 20 11 21
17 34 17 33
2 42 3 42
25 34 26 34
13 11 12 11
18 27 18 28
36 23 35 23
13 40 12 40
2 36 2 37
38 3 39 3
14 27 14 26
10 40 10 41
38 19 39 19
19 22 19 23
11 2 10 2
18 43 19 43
35 40 35 39
2 19 3 19
33 10 33 9
34 35 34 34
17 19 17 20
4 14 5 14
19 26 20 26
31 35 31 36
42 1 42 2
12 9 13 9
38 2 39 2
28 22 28 23
24 19 25 19
3 42 4 42
9 16 10 16
22 3 21 3
23 31 24 31
10 27 10 26
5 38 4 38
20 36 20 37
6 5 6 6
32 28 32 27
20 39 20 40
26 39 26 40
17 20 17 21
16 21 16 22
3 1 3 2
10 24 10 23
17 17 16 17
22 4 22 3
29 10 29 9
16 12 17 12
11 21 11 22
26 10 25 10
17 14 16 14
3 14 2 14
36 34 36 33
26 34 27 34
38 23 37 23
3 13 3 12
0 37 0 36
20 40 19 40
28 28 28 29
43 42 43 41
12 11 12 10
14 25 15 25
35 19 35 20
39 8 38 8
35 23 34 23
22 19 22 18
35 10 35 11
34 23 33 23
11 22 12 22
4 38 4 37
34 15 34 14
35 36 34 36
0 41 1 41
23 42 23 41
0 3 1 3
30 27 29 27
10 23 10 22
35 30 34 30
35 20 34 20
8 18 7 18
35 35 35 34
12 0 11 0
21 18 21 19
34 20 33 20
10 22 11 22
1 7 1 8
2 5 2 6
12 8 12 7
41 35 41 36
24 31 24 30
4 17 3 17
34 14 35 14
42 11 41 11
33 20 32 20
17 21 17 22
14 21 14 20
27 27 27 28
22 15 23 15
41 11 42 11
42 34 43 34
33 12 33 13
25 1 24 1
33 23 32 23
189
7 37 12 37
20 21 23 21
11 0 24 0
20 25 20 26
11 22 12 22
29 25 29 27
34 30 40 30
23 5 23 15
33 18 33 28
0 1 1 1
16 10 16 14
35 5 35 6
35 34 35 38
0 1 0 5
38 28 38 29
18 28 19 28
39 2 39 3
20 26 27 26
17 30 17 31
38 20 41 20
41 4 44 4
2 21 7 21
41 4 41 9
8 1 16 1
16 24 16 28
27 6 31 6
16 14 19 14
39 3 43 3
14 5 18 5
4 40 4 42
0 9 2 9
15 28 16 28
41 21 41 27
29 35 32 35
9 3 9 6
18 31 20 31
19 25 19 28
27 3 27 6
1 0 1 1
16 43 19 43
38 20 38 28
34 34 35 34
8 43 10 43
25 19 28 19
8 14 8 19
20 23 20 25
42 41 42 43
12 5 12 7
20 31 20 32
4 37 6 37
29 27 32 27
27 37 28 37
15 31 17 31
2 9 2 14
1 21 1 26
3 28 3 30
10 21 19 21
31 6 31 7
2 9 3 9
16 22 17 22
0 36 3 36
27 20 27 21
25 28 25 43
4 39 4 40
3 10 12 10
5 14 8 14
24 5 24 8
27 34 27 37
41 13 42 13
13 22 16 22
17 32 20 32
26 37 26 40
3 38 3 43
33 17 33 18
12 7 12 10
1 3 6 3
24 0 24 1
20 23 28 23
41 27 41 33
5 20 14 20
24 8 28 8
28 23 32 23
19 43 25 43
12 37 12 40
27 3 39 3
6 3 9 3
10 26 10 36
38 18 38 20
2 14 2 21
17 32 17 33
12 40 19 40
3 30 3 31
22 3 27 3
16 1 18 1
4 4 4 8
0 5 0 9
40 43 42 43
14 26 14 32
1 21 2 21
30 30 33 30
19 40 19 43
23 5 24 5
2 14 5 14
20 42 22 42
40 30 40 35
32 20 32 23
28 8 28 10
4 37 4 39
19 11 21 11
15 37 20 37
20 25 29 25
17 30 19 30
36 13 39 13
1 26 1 27
33 13 33 17
34 36 34 40
42 13 42 19
16 28 18 28
26 29 26 37
20 32 20 37
12 7 19 7
18 5 23 5
40 25 40 30
1 1 1 3
18 1 18 2
19 21 20 21
10 21 10 26
4 8 8 8
33 13 34 13
39 3 39 9
31 6 35 6
34 12 34 13
20 20 20 21
20 31 22 31
43 1 43 3
28 19 28 23
40 35 44 35
14 20 20 20
20 37 20 42
33 30 34 30
19 28 19 30
12 22 13 22
39 13 41 13
3 31 3 36
10 26 14 26
6 37 7 37
3 43 8 43
44 34 44 35
11 40 12 40
34 13 36 13
3 36 10 36
19 7 19 11
31 7 31 13
3 36 3 38
1 0 11 0
8 7 8 8
19 28 25 28
41 9 41 13
15 25 15 28
16 22 16 24
12 5 14 5
9 13 9 15
27 34 34 34
40 35 40 43
23 18 30 18
33 28 33 30
42 40 42 41
41 20 41 21
9 15 23 15
3 9 6 9
8 7 12 7
42 19 42 22
28 8 30 8
23 18 23 21
3 18 5 18
26 37 27 37
24 1 43 1
18 2 18 5
19 25 20 25
5 18 7 18
23 15 23 18
9 3 17 3
14 32 17 32
6 13 9 13
23 21 27 21
41 33 43 33
30 18 33 18
5 18 5 20
34 30 34 34
