212
6 12 6 11
18 21 18 22
4 4 4 3
16 13 16 12
27 19 28 19
9 4 8 4
26 27 26 26
26 14 25 14
14 13 14 12
13 13 12 13
27 6 27 5
12 27 11 27
13 16 13 17
29 3 29 2
23 26 22 26
20 2 20 1
26 17 27 17
9 20 9 19
24 7 24 8
13 11 13 12
27 13 28 13
23 7 22 7
8 18 8 19
22 0 22 1
15 7 15 8
0 26 1 26
29 9 29 8
25 7 24 7
25 0 24 0
2 19 2 18
18 0 19 0
22 26 22 27
16 19 17 19
22 4 21 4
25 12 25 13
29 21 29 20
11 18 11 17
12 10 11 10
14 12 15 12
5 23 5 24
2 26 2 25
22 7 22 8
8 26 8 25
11 25 11 24
18 28 19 28
19 19 18 19
23 5 22 5
24 27 24 28
8 12 9 12
15 15 16 15
26 13 27 13
6 6 5 6
13 5 13 4
14 25 14 24
2 6 2 7
15 22 14 22
12 18 12 17
14 28 15 28
13 12 14 12
24 12 23 12
5 6 5 7
5 28 5 27
18 1 18 0
27 15 27 14
14 17 15 17
14 21 14 20
1 26 1 25
23 23 23 24
3 16 4 16
24 7 23 7
21 21 21 20
27 27 26 27
3 26 3 27
26 19 27 19
14 27 14 28
14 28 14 29
21 7 21 8
11 10 11 9
8 15 7 15
11 20 11 19
7 10 7 11
9 27 9 26
20 16 20 17
2 0 2 1
29 28 28 28
24 21 24 20
24 11 24 12
29 29 29 28
4 16 5 16
2 14 2 15
2 18 3 18
7 14 6 14
8 6 7 6
19 25 19 24
10 0 9 0
23 24 22 24
22 2 22 3
11 17 11 16
5 27 6 27
26 27 25 27
4 23 5 23
3 10 4 10
15 18 15 19
25 10 25 9
28 15 27 15
10 10 10 9
1 13 0 13
22 24 22 25
4 13 4 14
15 17 15 16
23 7 22 7
25 17 26 17
27 15 26 15
14 8 14 7
22 1 22 2
14 20 14 19
0 25 0 26
22 3 21 3
3 25 3 26
28 7 28 6
16 27 16 26
19 3 20 3
2 28 2 27
22 27 22 28
15 4 15 5
9 0 9 1
6 27 6 26
27 22 27 23
1 21 2 21
25 5 26 5
15 25 14 25
24 12 24 13
19 18 19 17
2 25 2 24
25 27 24 27
14 3 14 4
24 20 25 20
13 6 13 5
9 12 10 12
15 3 15 2
20 3 20 2
7 23 6 23
14 25 13 25
9 26 8 26
2 16 3 16
14 11 13 11
19 12 20 12
26 9 26 8
17 14 17 15
13 25 13 24
3 26 2 26
1 25 2 25
10 12 10 13
10 11 10 12
13 17 14 17
29 28 29 27
25 20 26 20
6 7 6 6
22 7 21 7
25 15 25 16
4 5 4 4
15 16 14 16
11 24 11 23
27 8 27 7
11 23 10 23
25 11 24 11
13 2 12 2
28 13 28 12
15 2 15 1
13 4 12 4
3 27 3 26
24 26 23 26
22 28 21 28
13 24 13 23
24 27 23 27
17 15 18 15
10 13 10 14
21 13 21 14
6 26 6 25
10 24 11 24
9 8 9 9
5 26 6 26
12 17 12 16
12 9 12 10
10 6 11 6
24 6 24 7
27 25 26 25
5 29 5 28
0 29 0 28
8 0 9 0
10 14 11 14
13 5 13 4
19 4 20 4
9 13 9 14
26 15 25 15
20 26 21 26
7 12 6 12
10 27 9 27
4 0 5 0
0 26 1 26
24 0 24 1
18 6 17 6
12 13 11 13
2 17 2 18
23 0 24 0
23 12 22 12
28 26 29 26
24 1 23 1
29 27 28 27
20 12 19 12
1 11 2 11
2 21 2 22
188
5 16 11 16
19 28 21 28
9 0 9 1
1 6 1 14
18 15 20 15
5 0 9 0
25 14 25 15
18 15 18 19
20 13 20 15
26 7 26 8
8 1 8 4
13 4 14 4
2 25 6 25
14 12 15 12
5 20 5 23
17 22 17 27
26 25 26 26
5 16 5 20
18 19 18 20
14 7 17 7
24 0 24 2
3 0 5 0
26 18 27 18
11 14 11 16
21 6 21 7
9 19 11 19
20 17 20 21
9 9 9 10
25 22 29 22
19 17 19 20
9 1 12 1
6 23 10 23
3 5 3 6
8 19 9 19
9 0 18 0
20 2 22 2
12 1 15 1
14 12 14 16
8 27 9 27
2 26 2 27
19 26 19 28
25 2 29 2
1 20 2 20
5 7 5 9
20 15 21 15
23 21 25 21
11 16 12 16
3 9 3 13
4 14 5 14
24 2 25 2
13 28 15 28
1 14 4 14
13 23 13 27
19 13 20 13
2 7 5 7
19 1 20 1
3 3 3 5
25 13 25 14
23 21 23 26
13 27 13 28
4 1 6 1
24 13 25 13
20 17 26 17
13 27 17 27
24 10 24 11
3 16 5 16
1 0 3 0
7 26 7 27
11 27 11 29
22 25 22 29
16 15 18 15
6 23 6 25
17 21 20 21
7 1 7 3
3 9 5 9
1 26 2 26
20 21 22 21
6 11 7 11
5 23 6 23
16 12 16 15
15 12 16 12
5 14 5 16
2 27 7 27
8 4 8 7
17 6 21 6
29 1 29 2
12 6 12 7
20 25 22 25
21 4 21 6
3 5 5 5
13 7 14 7
22 11 23 11
28 12 29 12
18 25 20 25
23 11 24 11
13 14 13 15
21 3 21 4
25 8 26 8
21 14 21 15
20 1 20 2
10 23 13 23
17 12 19 12
2 24 2 25
1 20 1 26
20 11 21 11
26 8 29 8
14 19 14 22
29 12 29 15
9 27 11 27
1 1 1 6
20 10 20 11
9 1 9 6
17 19 17 21
11 19 14 19
8 27 8 29
10 9 11 9
5 7 8 7
1 0 1 1
22 5 22 6
11 24 11 27
20 1 23 1
12 11 13 11
29 8 29 12
22 8 24 8
11 6 12 6
26 18 26 20
18 4 20 4
12 7 13 7
12 16 14 16
26 20 29 20
14 22 14 24
3 16 3 18
9 10 12 10
20 2 20 4
22 6 28 6
11 29 14 29
23 27 28 27
6 25 8 25
7 11 7 13
26 12 26 17
12 10 12 11
19 12 22 12
22 29 23 29
12 7 12 8
14 29 22 29
7 27 8 27
2 20 3 20
9 6 9 7
26 17 26 18
22 8 22 11
22 11 22 12
21 11 22 11
13 11 13 14
6 1 7 1
25 21 25 22
19 17 20 17
14 4 18 4
24 10 26 10
7 1 8 1
20 25 20 27
14 19 15 19
6 26 7 26
15 19 17 19
14 17 14 19
22 12 26 12
7 24 11 24
14 10 20 10
7 13 7 15
1 6 3 6
22 6 22 8
9 6 11 6
15 28 19 28
3 20 3 21
7 11 12 11
23 27 23 29
3 13 7 13
10 17 14 17
11 6 11 9
22 2 22 5
20 13 24 13
11 9 20 9
17 6 17 7
21 8 22 8
11 24 12 24
23 26 26 26
13 11 20 11
22 21 22 25
19 0 19 1
