313
26 15 26 14
36 4 36 5
38 43 39 43
7 8 8 8
10 12 9 12
26 16 26 15
42 0 42 1
19 41 19 40
2 1 2 0
32 25 33 25
1 35 1 34
8 38 9 38
21 16 20 16
32 29 32 30
41 32 40 32
20 22 20 21
1 8 0 8
8 16 9 16
35 4 35 3
15 12 14 12
14 31 14 32
16 27 15 27
36 23 36 22
41 11 42 11
3 36 3 37
37 14 37 13
10 33 10 34
40 18 41 18
37 3 37 4
34 27 34 28
19 38 18 38
29 13 29 14
37 5 37 6
41 22 41 21
39 5 39 6
31 35 31 34
37 27 36 27
42 26 42 25
6 35 6 36
32 30 33 30
19 27 18 27
31 34 30 34
2 28 2 27
27 1 28 1
6 36 5 36
39 43 39 42
34 28 33 28
37 23 37 22
19 19 19 18
11 30 11 29
9 5 8 5
20 31 19 31
8 0 8 1
38 13 38 12
0 1 0 2
3 26 4 26
19 31 18 31
37 32 36 32
39 17 39 18
7 16 7 17
1 3 1 2
7 43 8 43
1 34 2 34
4 42 4 41
19 42 19 43
26 14 27 14
13 19 14 19
3 10 3 9
34 0 34 1
20 43 21 43
27 20 27 21
10 15 9 15
41 29 41 28
7 15 6 15
30 32 31 32
41 0 40 0
0 33 1 33
10 13 9 13
39 42 40 42
41 28 40 28
13 29 14 29
32 16 33 16
12 19 13 19
22 25 21 25
39 14 39 13
33 35 33 34
42 1 42 2
26 15 26 14
38 8 38 9
40 41 41 41
1 30 2 30
1 38 2 38
18 31 17 31
9 13 8 13
40 0 40 1
41 6 40 6
26 41 26 42
21 43 21 42
9 15 9 14
43 26 42 26
0 14 1 14
5 37 6 37
33 22 33 23
21 35 21 34
42 25 42 24
42 26 41 26
33 31 32 31
28 42 28 41
30 1 31 1
0 30 1 30
0 29 1 29
28 25 28 24
11 19 10 19
36 27 35 27
34 1 35 1
9 30 9 29
8 24 8 23
4 41 5 41
27 40 28 40
26 14 26 13
38 22 38 23
10 19 9 19
9 14 8 14
21 25 21 26
8 43 8 42
0 8 0 7
9 38 9 37
35 1 35 2
8 14 7 14
39 22 39 23
10 7 9 7
41 26 40 26
0 7 0 6
42 2 41 2
2 27 3 27
14 29 15 29
29 35 30 35
37 15 38 15
32 33 32 32
15 3 16 3
9 8 9 9
42 24 42 23
8 6 9 6
3 27 4 27
40 1 40 2
8 13 7 13
23 8 23 7
39 23 40 23
34 36 34 35
37 1 37 2
3 24 3 25
39 4 39 5
0 36 0 37
8 28 8 27
1 2 2 2
3 9 3 8
33 18 33 19
1 14 2 14
19 18 20 18
7 21 7 22
39 5 38 5
1 33 1 34
35 32 35 33
1 34 1 35
5 3 5 4
38 24 38 25
1 28 2 28
40 26 40 25
3 8 4 8
2 8 1 8
8 5 7 5
22 12 23 12
8 1 8 2
21 2 20 2
42 33 42 32
2 5 3 5
23 12 23 13
17 31 17 32
8 2 8 3
17 35 16 35
18 7 18 8
11 29 10 29
27 21 28 21
40 6 40 5
35 3 36 3
0 6 0 5
31 37 32 37
20 1 21 1
36 32 36 31
36 31 36 30
21 1 22 1
0 2 1 2
9 35 8 35
0 5 1 5
15 27 14 27
12 32 12 31
8 27 8 26
28 17 29 17
16 38 16 37
3 5 3 4
40 2 40 3
3 33 3 34
31 27 32 27
8 42 9 42
2 14 3 14
42 11 43 11
24 25 25 25
17 32 17 33
40 28 39 28
33 16 34 16
24 2 24 1
35 2 36 2
20 21 21 21
40 25 39 25
20 18 21 18
20 2 20 1
11 14 10 14
4 27 4 28
21 42 21 41
9 1 8 1
18 38 17 38
21 8 21 9
27 36 28 36
5 1 5 0
21 37 22 37
23 34 23 35
4 28 5 28
2 32 1 32
25 40 25 41
15 29 15 28
1 35 1 36
9 34 9 33
34 16 34 17
6 2 6 1
4 24 5 24
17 1 17 0
34 29 35 29
28 36 28 35
8 3 7 3
37 2 37 3
29 41 30 41
1 10 1 11
27 14 28 14
39 28 38 28
5 28 6 28
9 12 8 12
40 15 40 14
3 28 4 28
15 28 15 27
39 41 39 40
35 27 34 27
16 4 17 4
23 16 23 17
41 33 41 34
34 27 33 27
1 5 1 4
27 2 27 3
42 23 42 22
17 3 18 3
11 13 10 13
0 37 1 37
41 1 42 1
21 41 21 40
1 36 2 36
42 22 41 22
27 41 27 40
10 34 9 34
9 19 8 19
4 8 4 9
38 21 39 21
8 19 7 19
7 17 8 17
38 4 39 4
42 14 42 13
37 29 37 30
7 33 6 33
3 14 4 14
1 4 2 4
21 18 22 18
17 40 18 40
16 28 16 29
6 37 6 36
4 28 4 27
38 28 38 27
41 12 41 13
4 23 4 22
2 2 3 2
13 5 13 6
13 11 13 10
21 10 21 11
8 12 7 12
4 14 5 14
9 34 9 35
21 22 21 23
31 26 31 27
16 1 17 1
39 21 39 20
28 14 28 15
3 25 4 25
25 41 25 42
33 25 33 24
4 22 5 22
1 37 2 37
12 37 12 36
8 26 7 26
1 8 1 9
4 0 3 0
25 42 25 43
9 7 10 7
42 1 42 0
21 11 21 12
18 24 17 24
1 2 2 2
187
14 25 23 25
9 29 10 29
20 41 20 42
22 1 22 6
10 29 10 32
30 28 30 34
9 41 9 42
36 2 41 2
1 1 1 9
12 38 17 38
32 37 33 37
1 9 4 9
29 25 29 28
33 28 33 30
14 25 14 27
20 6 22 6
29 28 30 28
17 2 17 4
37 13 37 17
22 1 24 1
6 33 9 33
2 28 6 28
8 23 13 23
28 35 30 35
41 34 41 41
18 8 28 8
28 21 28 22
4 26 4 27
6 28 6 33
30 17 33 17
41 21 41 22
40 3 40 5
21 21 28 21
13 19 13 23
9 29 9 33
2 36 2 37
25 22 25 25
28 22 36 22
36 2 36 3
14 27 14 32
25 25 29 25
7 22 7 26
7 13 7 14
14 8 14 12
28 5 28 8
39 18 41 18
31 32 32 32
2 36 4 36
32 31 37 31
21 19 21 21
1 27 4 27
5 22 6 22
5 13 7 13
17 33 17 38
27 22 28 22
40 32 40 33
32 31 32 32
2 2 3 2
21 34 21 40
25 37 25 38
4 9 4 15
20 26 20 41
12 1 13 1
28 19 28 21
32 32 40 32
6 1 8 1
27 22 27 24
4 36 5 36
13 32 14 32
16 0 17 0
41 2 41 13
28 41 30 41
21 9 21 12
30 28 33 28
38 20 39 20
24 1 28 1
37 17 43 17
30 35 30 41
10 32 13 32
18 8 18 9
38 25 39 25
13 23 13 32
26 10 26 13
33 23 33 24
38 5 40 5
28 19 32 19
1 29 1 30
17 0 17 1
5 36 6 36
33 30 36 30
38 25 38 27
7 4 7 5
8 8 8 17
4 26 7 26
24 41 28 41
20 41 24 41
1 1 6 1
1 42 9 42
32 19 33 19
7 19 7 22
25 37 28 37
16 0 16 3
18 26 18 27
26 13 37 13
21 9 38 9
30 35 32 35
5 36 5 41
7 12 7 13
33 24 35 24
9 35 12 35
39 6 39 13
13 42 14 42
21 40 27 40
41 18 41 21
3 4 5 4
38 5 38 9
5 4 5 13
41 13 41 14
33 23 38 23
32 32 32 35
6 33 6 36
32 23 33 23
37 3 40 3
6 22 7 22
7 3 7 4
21 14 21 19
25 22 27 22
8 1 8 8
40 33 40 42
39 13 41 13
34 35 35 35
32 35 32 37
1 40 1 42
5 13 5 14
9 41 20 41
33 17 33 19
9 33 17 33
14 8 18 8
2 34 2 36
9 37 9 41
9 35 9 37
31 3 36 3
15 27 18 27
36 5 38 5
2 4 3 4
26 13 26 18
18 9 21 9
5 4 7 4
6 17 6 22
21 34 30 34
28 21 41 21
29 25 31 25
17 4 21 4
40 23 40 32
14 42 18 42
1 30 1 32
33 27 33 28
33 24 33 26
18 26 20 26
43 17 43 23
21 12 21 14
33 27 38 27
23 13 26 13
3 2 3 4
18 42 20 42
37 13 39 13
20 1 22 1
40 23 43 23
17 1 20 1
8 17 8 23
34 17 37 17
15 27 15 31
23 25 25 25
43 23 43 31
38 23 40 23
9 37 16 37
28 1 28 5
1 27 1 29
39 18 39 20
1 32 1 40
28 35 28 37
6 16 6 17
32 35 34 35
31 1 31 3
7 14 7 19
22 18 26 18
28 15 28 19
