321
41 20 41 19
15 27 15 26
23 39 23 38
11 21 10 21
8 0 7 0
24 12 23 12
8 41 8 42
37 19 37 18
15 30 15 29
20 17 20 16
10 0 9 0
16 22 15 22
5 33 6 33
28 8 27 8
11 3 10 3
12 28 13 28
41 40 40 40
24 44 25 44
5 6 4 6
42 19 42 18
12 0 12 1
21 26 22 26
41 15 42 15
15 26 14 26
30 26 30 27
15 6 15 5
14 15 15 15
11 2 11 3
23 4 23 5
41 6 41 5
13 27 14 27
30 3 30 4
37 28 38 28
11 25 11 24
12 19 12 20
33 42 33 41
29 38 29 37
42 15 42 14
16 25 15 25
18 2 18 1
8 42 8 43
9 7 9 8
42 13 41 13
4 15 3 15
8 4 9 4
10 21 10 20
43 42 42 42
12 17 11 17
17 0 17 1
27 34 27 33
41 23 41 22
41 13 41 12
6 8 7 8
24 6 25 6
1 8 1 9
9 31 10 31
42 14 42 13
42 13 41 13
44 31 43 31
23 19 23 18
26 19 26 18
31 11 31 12
9 0 9 1
27 21 28 21
8 14 9 14
25 30 25 31
44 20 43 20
12 2 12 3
25 44 25 45
39 17 39 18
28 44 29 44
26 18 27 18
11 35 10 35
14 11 14 12
31 12 31 13
41 41 41 40
37 18 37 17
27 20 26 20
33 37 34 37
1 24 2 24
11 17 10 17
28 45 28 44
20 45 20 44
43 20 42 20
14 4 14 5
1 9 2 9
39 37 39 38
10 31 10 30
29 33 29 34
22 8 22 9
3 15 3 16
38 31 39 31
25 2 26 2
12 1 11 1
41 12 41 11
8 3 8 4
17 10 18 10
2 23 1 23
5 12 5 13
34 25 34 26
18 41 18 40
2 12 2 13
41 19 41 18
23 18 23 17
14 5 14 6
20 37 20 36
24 45 24 44
13 29 13 30
42 18 42 17
5 13 6 13
15 22 14 22
20 20 20 19
6 34 6 35
10 30 10 29
37 6 36 6
23 11 23 10
1 23 1 24
42 20 42 19
24 4 24 5
22 26 22 27
32 23 32 24
28 36 29 36
20 18 20 17
3 39 4 39
8 38 8 37
11 24 10 24
5 15 4 15
14 6 14 7
20 16 19 16
2 38 3 38
17 5 18 5
27 29 27 30
14 34 15 34
17 35 16 35
43 24 43 25
13 17 14 17
1 15 0 15
36 38 35 38
19 10 19 9
23 5 23 6
16 35 15 35
42 42 42 41
41 27 42 27
41 18 41 17
5 44 5 43
18 10 18 11
45 20 44 20
42 19 42 18
28 41 27 41
7 9 7 10
15 5 16 5
10 2 9 2
24 28 24 27
44 22 44 23
26 2 26 3
22 27 23 27
43 31 43 32
22 9 22 10
36 35 37 35
13 38 13 39
1 12 2 12
9 37 9 38
4 5 3 5
8 40 9 40
8 4 8 5
17 1 17 2
14 43 14 42
23 9 24 9
26 20 26 19
25 10 26 10
2 9 3 9
2 19 2 20
1 31 0 31
14 26 14 25
38 16 38 15
40 23 41 23
31 1 31 0
35 2 35 1
45 17 44 17
40 16 40 17
7 12 6 12
31 13 31 14
41 11 41 10
21 32 22 32
6 12 5 12
22 10 22 11
37 17 37 16
23 17 24 17
24 35 24 36
31 17 31 18
30 1 30 2
19 9 18 9
44 27 44 28
41 10 41 9
11 1 11 2
26 19 26 18
8 5 8 6
10 35 9 35
25 21 25 20
26 3 26 4
6 33 7 33
22 38 22 37
42 17 43 17
15 41 16 41
1 16 2 16
9 4 9 3
24 36 25 36
26 4 26 5
34 37 34 36
40 40 39 40
42 18 42 17
24 18 24 19
45 45 45 44
44 19 45 19
3 12 4 12
30 34 30 35
43 32 42 32
22 7 22 6
22 11 23 11
43 17 43 16
42 17 42 16
5 43 5 44
15 44 16 44
3 9 4 9
9 42 9 41
3 35 3 36
23 10 22 10
41 23 41 24
4 9 5 9
9 2 8 2
23 22 22 22
14 22 13 22
16 44 16 45
14 25 13 25
41 17 41 16
24 44 24 43
3 5 4 5
12 26 12 27
45 8 45 7
42 41 41 41
26 5 26 6
24 43 25 43
38 28 38 29
43 27 44 27
13 25 13 24
24 10 24 11
19 5 20 5
28 27 29 27
2 28 1 28
25 45 24 45
1 24 1 25
43 16 44 16
36 29 35 29
8 6 8 7
28 10 28 11
36 7 37 7
44 17 45 17
23 24 23 23
42 32 41 32
27 35 27 34
7 0 7 1
41 3 42 3
15 35 14 35
14 24 14 23
41 40 42 40
13 30 12 30
2 6 2 5
16 2 15 2
45 19 45 20
25 4 24 4
21 29 22 29
24 42 23 42
24 17 24 18
4 5 4 4
21 38 22 38
38 5 37 5
25 3 26 3
25 6 25 7
39 7 40 7
4 4 4 3
6 32 6 31
35 37 34 37
20 14 19 14
37 23 38 23
21 40 22 40
9 28 9 29
26 13 25 13
30 10 30 11
15 29 14 29
18 11 18 12
36 27 36 28
27 30 27 31
20 44 19 44
36 28 36 27
14 35 13 35
31 14 31 15
26 3 25 3
32 26 32 27
13 28 13 29
1 25 1 26
16 11 15 11
36 16 36 15
7 15 6 15
13 39 14 39
10 27 11 27
30 44 30 45
11 20 11 21
31 15 31 16
20 15 20 16
8 17 7 17
27 26 27 27
11 21 10 21
10 21 9 21
30 4 31 4
30 45 30 44
44 23 44 22
45 20 45 19
21 10 21 9
32 24 31 24
9 26 8 26
3 6 2 6
179
42 4 42 6
38 14 39 14
18 5 20 5
28 21 29 21
16 5 16 7
14 17 16 17
42 40 42 44
20 29 20 36
27 8 35 8
35 14 38 14
25 38 25 43
37 16 41 16
5 26 5 30
23 6 23 11
39 14 44 14
19 42 19 44
10 12 10 17
41 26 41 32
38 10 38 14
16 41 17 41
17 41 21 41
18 1 32 1
9 9 9 14
13 24 13 29
28 20 28 21
5 12 5 18
39 6 39 8
38 32 41 32
25 20 28 20
14 12 18 12
13 34 13 35
36 4 36 6
10 3 11 3
27 13 27 18
23 12 23 20
4 20 9 20
35 23 38 23
10 20 10 24
0 15 0 31
35 29 35 31
10 24 13 24
4 6 4 12
8 7 8 9
8 7 14 7
7 6 7 8
4 12 4 15
23 38 25 38
25 38 30 38
23 6 26 6
25 31 27 31
23 20 25 20
24 4 31 4
20 5 20 11
24 11 24 18
35 31 35 38
4 3 4 6
25 36 25 38
18 1 18 5
13 29 13 34
39 6 42 6
5 30 5 35
39 9 39 10
35 23 35 25
31 2 34 2
41 44 42 44
13 45 16 45
35 20 35 23
24 27 24 31
3 38 9 38
22 29 22 32
29 27 29 34
9 20 10 20
16 17 20 17
36 6 39 6
23 20 23 23
11 2 11 3
16 5 18 5
39 38 39 40
41 9 45 9
14 29 14 38
38 23 43 23
35 8 39 8
8 28 10 28
8 2 11 2
23 11 23 12
9 40 18 40
39 40 42 40
40 17 45 17
39 8 39 9
21 43 25 43
39 10 39 14
35 38 39 38
42 44 45 44
26 18 27 18
4 15 4 20
20 16 20 17
21 41 21 43
29 34 31 34
8 26 8 28
10 29 13 29
0 15 4 15
24 18 26 18
20 5 24 5
29 27 30 27
25 36 27 36
27 8 27 13
5 9 8 9
28 39 28 44
5 26 8 26
9 1 18 1
42 16 44 16
20 29 22 29
32 27 33 27
38 44 41 44
23 23 35 23
19 44 28 44
16 41 16 45
18 12 23 12
12 20 23 20
33 27 33 41
31 4 36 4
10 26 10 28
13 22 13 24
7 1 9 1
24 4 24 5
24 31 25 31
5 9 5 12
18 9 18 12
33 41 41 41
5 7 5 9
31 2 31 3
9 38 14 38
2 20 4 20
8 2 8 7
38 23 38 29
15 37 18 37
41 9 41 13
7 1 7 6
31 34 31 39
41 16 42 16
33 25 33 27
23 27 24 27
11 2 15 2
3 43 8 43
35 16 35 17
14 23 23 23
30 27 32 27
45 7 45 9
10 17 10 20
9 38 9 40
42 28 44 28
28 17 35 17
8 9 8 15
44 14 44 16
28 17 28 20
45 9 45 17
2 12 4 12
14 27 14 29
14 27 23 27
9 14 9 20
1 26 5 26
20 36 25 36
28 39 31 39
38 29 38 32
18 37 18 40
15 2 17 2
4 6 7 6
14 23 14 27
18 44 19 44
35 17 40 17
3 38 3 43
14 7 14 12
27 34 29 34
31 16 35 16
5 35 6 35
9 35 9 38
6 35 9 35
14 12 14 17
33 25 35 25
