49
7 20 8 20
33 13 32 13
8 20 9 20
13 32 13 33
18 30 18 29
10 30 10 29
24 5 23 5
34 27 35 27
23 19 23 18
2 12 3 12
14 33 14 34
19 31 19 32
9 34 9 35
19 32 18 32
6 2 6 1
29 3 30 3
23 5 22 5
35 31 35 32
30 34 30 33
24 1 24 2
35 32 35 33
27 29 27 30
29 16 29 15
8 33 8 32
19 33 19 32
33 24 33 25
17 19 17 18
30 33 29 33
15 18 15 19
19 13 19 12
14 30 14 31
21 8 20 8
22 34 22 33
26 2 26 3
11 3 12 3
22 6 23 6
3 33 2 33
18 18 18 17
30 9 30 10
34 20 33 20
31 1 30 1
23 18 22 18
22 18 21 18
25 7 26 7
8 21 8 22
9 4 8 4
17 11 16 11
1 21 0 21
14 1 14 0
151
3 11 3 12
29 32 29 33
4 10 4 12
15 16 17 16
13 25 15 25
1 1 6 1
4 27 11 27
2 31 5 31
1 10 4 10
13 33 15 33
4 12 5 12
7 1 7 13
2 28 2 31
17 16 19 16
15 33 15 35
28 3 30 3
29 9 29 11
6 1 7 1
22 3 22 5
33 6 33 20
9 20 11 20
29 11 29 15
0 21 9 21
5 16 12 16
22 33 29 33
12 4 12 6
2 31 2 33
29 9 31 9
7 13 10 13
32 30 32 33
0 18 17 18
8 0 8 4
11 31 14 31
26 3 26 7
21 18 21 20
15 8 15 16
27 30 32 30
25 30 27 30
20 3 22 3
14 0 18 0
15 33 22 33
2 27 4 27
12 6 12 8
2 33 13 33
26 3 28 3
26 7 26 8
35 27 35 33
1 14 1 15
19 12 19 16
29 15 29 24
26 8 26 15
3 0 8 0
32 3 32 5
19 1 19 10
5 28 5 31
5 15 5 16
18 0 18 12
5 28 7 28
12 3 12 4
20 7 20 8
11 27 16 27
30 3 32 3
12 14 12 16
0 18 0 21
8 4 12 4
1 1 1 10
4 5 4 10
3 12 4 12
30 3 30 4
16 27 16 28
9 20 9 21
2 26 2 27
28 3 28 6
5 12 5 15
15 25 17 25
30 1 30 3
31 10 31 21
32 33 35 33
2 33 2 35
19 1 27 1
33 25 35 25
0 14 0 18
19 10 19 12
22 3 26 3
26 24 29 24
12 8 15 8
29 33 32 33
19 22 22 22
12 8 12 10
17 16 17 18
2 27 2 28
26 18 26 19
34 16 34 22
30 10 30 14
31 21 31 24
27 1 30 1
32 22 34 22
20 30 25 30
17 6 17 16
26 15 29 15
17 18 21 18
2 5 4 5
11 27 11 31
8 32 16 32
17 20 17 25
16 32 18 32
20 3 20 7
30 10 31 10
18 29 20 29
2 35 9 35
12 16 15 16
23 6 23 8
2 16 5 16
32 21 32 22
22 8 22 22
25 18 26 18
28 6 33 6
18 32 19 32
20 29 25 29
20 25 32 25
13 26 25 26
33 30 34 30
22 8 23 8
15 19 15 20
25 12 25 18
32 22 32 25
15 19 19 19
31 21 32 21
13 25 13 26
18 12 19 12
33 31 33 32
22 22 27 22
23 6 25 6
27 22 28 22
34 7 34 16
25 4 25 6
25 26 25 29
19 19 19 22
35 17 35 25
32 13 32 21
18 29 18 32
33 25 33 30
11 20 11 27
27 20 27 22
25 6 25 12
17 25 20 25
33 23 33 25
33 30 33 31
32 25 33 25
15 20 15 25
18 27 18 29
