318
2 29 2 30
1 25 1 26
27 10 27 11
15 29 15 28
7 29 7 28
21 9 22 9
25 28 24 28
24 2 24 1
5 25 5 24
23 4 22 4
8 6 8 5
8 7 7 7
16 24 16 23
12 22 12 23
15 6 14 6
11 11 11 12
2 10 3 10
2 15 2 14
2 8 3 8
10 24 10 25
5 18 5 17
20 21 20 22
14 25 15 25
28 10 28 11
15 8 14 8
21 18 20 18
22 22 21 22
21 25 21 24
9 1 8 1
5 29 5 30
10 14 10 15
9 4 10 4
13 26 13 27
21 24 20 24
19 22 19 23
21 11 21 10
6 13 7 13
30 1 29 1
27 9 27 10
1 8 1 7
7 18 8 18
20 20 19 20
11 15 11 14
12 1 12 2
23 11 22 11
26 4 26 3
24 3 24 2
6 10 6 9
28 3 28 4
20 0 21 0
3 1 3 0
29 9 28 9
7 10 8 10
7 11 8 11
12 8 11 8
22 2 21 2
10 12 10 11
1 7 2 7
24 4 24 3
4 7 4 6
14 17 14 18
20 30 20 29
5 11 5 10
11 12 10 12
20 19 20 20
7 7 6 7
4 27 3 27
26 18 26 17
4 0 4 1
7 25 8 25
9 16 8 16
9 20 9 21
2 18 1 18
13 1 14 1
0 27 1 27
30 10 29 10
21 23 22 23
21 10 20 10
10 3 9 3
23 9 23 8
22 3 21 3
25 12 25 13
24 5 24 6
14 5 15 5
8 4 8 3
14 26 14 25
10 11 10 10
14 7 15 7
9 15 9 16
13 23 13 24
18 4 18 5
8 24 7 24
27 20 26 20
15 22 16 22
18 22 18 21
20 12 20 13
13 29 13 28
17 15 18 15
6 9 7 9
13 28 14 28
1 2 2 2
19 23 18 23
0 25 1 25
14 29 14 30
9 25 9 24
21 3 21 4
15 27 14 27
19 24 18 24
18 0 18 1
2 4 3 4
8 5 8 4
9 10 9 9
20 3 19 3
11 13 11 12
18 18 18 19
18 23 17 23
24 9 24 10
21 30 20 30
1 21 2 21
17 29 16 29
2 14 3 14
5 12 5 11
7 0 7 1
3 18 2 18
10 12 10 13
30 6 29 6
18 1 17 1
9 3 9 4
20 30 19 30
25 9 24 9
11 14 10 14
20 17 19 17
7 28 7 27
17 3 18 3
28 11 28 12
19 0 18 0
20 1 20 0
13 13 14 13
10 15 11 15
11 10 11 11
7 13 8 13
5 15 5 14
9 14 9 15
10 1 9 1
25 27 25 28
10 26 10 27
14 27 14 26
17 1 17 2
17 2 17 3
28 0 27 0
26 5 26 4
17 0 16 0
19 2 18 2
13 16 12 16
14 1 15 1
4 18 5 18
19 3 19 2
29 25 28 25
4 1 5 1
7 6 7 7
14 16 13 16
29 12 29 11
14 28 14 27
14 26 13 26
27 5 27 6
19 6 18 6
22 10 21 10
4 28 5 28
28 4 28 5
0 23 0 24
22 25 22 24
8 29 8 30
28 5 27 5
23 3 23 4
14 27 14 26
19 30 18 30
15 1 16 1
11 11 10 11
29 23 28 23
12 28 12 29
18 24 17 24
11 16 11 17
4 26 4 27
22 11 22 12
19 18 18 18
14 30 13 30
15 26 15 27
18 30 18 29
27 8 28 8
7 3 6 3
15 30 14 30
26 2 27 2
10 10 11 10
2 13 3 13
6 30 7 30
26 1 26 2
12 10 12 9
20 18 20 17
24 3 23 3
22 27 22 28
23 3 22 3
20 6 20 5
5 16 5 15
16 1 16 2
21 12 21 11
12 23 13 23
16 4 15 4
17 24 16 24
7 30 7 29
15 7 15 8
3 7 3 6
0 17 0 16
5 1 6 1
15 23 15 22
4 27 5 27
20 24 19 24
26 14 26 13
5 17 4 17
13 9 13 10
14 2 14 1
17 16 17 17
11 2 11 1
13 23 14 23
28 9 28 10
26 8 27 8
15 11 16 11
18 0 18 1
30 4 30 5
18 21 19 21
23 17 23 18
8 10 8 9
16 29 15 29
11 12 11 11
18 19 18 20
26 28 26 29
28 19 28 18
19 17 18 17
30 23 30 22
20 17 19 17
18 1 17 1
13 2 14 2
10 5 11 5
21 29 22 29
6 14 6 15
7 29 7 28
24 2 24 3
15 17 15 18
5 10 6 10
27 5 26 5
21 21 21 20
28 6 28 7
7 17 6 17
11 26 10 26
11 8 10 8
15 29 14 29
24 3 23 3
4 12 3 12
13 4 13 5
9 13 9 14
17 1 17 2
0 18 0 17
22 3 21 3
5 21 6 21
5 14 6 14
23 3 22 3
20 29 20 30
28 21 28 20
19 26 19 27
26 13 26 12
19 24 18 24
18 24 17 24
27 1 26 1
29 17 30 17
26 12 26 11
29 5 28 5
22 30 21 30
28 2 28 1
11 5 12 5
16 7 17 7
0 8 1 8
5 15 5 16
26 5 25 5
12 14 13 14
20 30 20 29
19 17 19 16
30 3 30 2
17 18 17 19
24 9 23 9
20 0 19 0
19 16 18 16
14 18 13 18
5 26 5 25
23 0 22 0
28 5 29 5
15 18 15 19
0 29 1 29
30 28 29 28
11 1 10 1
28 13 27 13
14 29 14 28
17 5 17 6
19 0 20 0
1 29 0 29
7 14 8 14
25 5 25 6
7 15 7 14
28 22 28 21
30 24 30 23
8 0 9 0
18 29 17 29
28 20 29 20
29 3 29 4
15 28 15 29
14 15 14 14
18 28 18 27
26 16 27 16
3 0 4 0
16 6 15 6
182
26 10 26 11
7 9 7 12
14 26 14 28
18 7 20 7
9 19 14 19
16 2 17 2
29 4 29 5
27 22 29 22
23 7 23 8
20 4 20 5
7 28 14 28
18 12 18 15
8 18 8 21
13 24 16 24
7 9 8 9
6 12 6 14
19 21 22 21
27 23 28 23
27 19 29 19
11 11 11 15
23 8 24 8
26 9 30 9
30 2 30 5
9 2 9 4
20 7 21 7
2 18 5 18
16 5 16 8
23 4 23 5
27 19 27 22
30 5 30 7
8 14 8 16
4 25 4 29
14 3 17 3
16 11 16 14
6 0 9 0
23 2 23 4
10 25 10 26
18 15 19 15
5 25 8 25
30 18 30 20
17 3 18 3
5 16 8 16
18 6 18 7
18 20 18 27
3 14 6 14
22 23 22 24
10 8 10 11
8 4 8 9
29 24 29 28
19 19 19 20
12 15 12 16
16 24 16 25
7 27 7 28
20 4 21 4
27 18 27 19
23 29 23 30
11 11 16 11
30 9 30 12
17 6 18 6
10 1 14 1
14 19 14 23
16 11 17 11
11 15 12 15
18 7 18 8
26 10 27 10
9 0 9 1
2 16 2 18
7 27 10 27
2 7 2 9
16 24 17 24
6 7 7 7
13 6 14 6
8 13 8 14
10 8 14 8
6 29 12 29
12 18 13 18
6 12 7 12
12 4 12 5
15 27 15 29
18 12 19 12
8 22 8 25
18 16 18 17
29 5 30 5
17 11 17 17
0 16 2 16
15 8 16 8
17 17 18 17
25 7 26 7
21 1 21 2
14 19 15 19
18 20 19 20
17 17 17 19
22 9 22 12
20 5 20 7
0 29 4 29
16 25 16 26
21 7 23 7
23 18 25 18
3 11 4 11
22 8 22 9
21 3 22 3
18 3 21 3
21 2 23 2
26 7 26 9
14 6 14 8
25 18 27 18
25 11 26 11
24 8 25 8
25 8 25 11
9 1 10 1
3 12 6 12
15 8 15 9
14 26 16 26
8 4 9 4
8 25 10 25
6 0 6 1
9 19 9 21
6 28 6 29
5 27 7 27
2 2 2 7
5 16 5 18
2 11 2 16
13 5 13 6
25 6 25 7
2 1 6 1
29 20 30 20
19 12 22 12
14 13 14 14
9 1 9 2
29 8 30 8
19 20 19 21
16 8 16 11
0 24 0 29
22 21 24 21
23 2 26 2
30 8 30 9
18 3 18 5
8 21 9 21
15 19 16 19
5 18 8 18
12 5 13 5
8 13 10 13
16 27 18 27
14 0 14 1
20 5 23 5
16 18 16 19
25 28 29 28
14 23 16 23
14 3 14 6
8 21 8 22
22 21 22 23
15 27 16 27
2 9 2 11
17 19 17 23
7 2 7 7
12 29 15 29
19 19 27 19
2 7 6 7
17 23 17 24
12 16 12 18
10 11 10 13
14 1 19 1
29 22 29 24
16 8 18 8
4 25 5 25
15 5 16 5
15 29 17 29
23 5 29 5
14 14 14 19
3 11 3 12
17 2 17 3
22 12 28 12
30 0 30 2
10 16 12 16
15 16 15 19
28 12 30 12
6 7 6 10
9 15 11 15
19 15 19 19
21 30 23 30
19 1 21 1
4 29 6 29
