135
7 15 7 16
6 10 5 10
3 1 2 1
7 9 8 9
3 8 3 9
16 2 17 2
13 1 14 1
7 10 7 9
3 2 3 1
4 2 3 2
3 9 2 9
8 15 7 15
5 2 4 2
6 6 6 5
13 6 13 7
6 7 6 6
3 7 3 8
6 2 5 2
3 8 3 9
12 6 13 6
12 1 13 1
12 2 12 1
7 2 6 2
3 10 2 10
15 11 14 11
15 2 16 2
9 7 8 7
1 5 0 5
11 6 12 6
16 11 15 11
12 3 12 2
17 8 17 7
17 11 16 11
7 9 7 8
11 3 12 3
10 6 11 6
8 2 7 2
7 11 7 10
1 4 1 5
16 8 17 8
3 11 3 10
17 5 17 4
14 2 15 2
17 12 17 11
9 15 8 15
2 7 3 7
9 14 9 15
8 3 8 2
9 17 10 17
8 17 9 17
16 12 17 12
2 11 3 11
1 7 2 7
7 10 6 10
10 5 10 6
9 8 9 7
5 7 6 7
1 11 2 11
7 12 7 11
8 9 7 9
8 14 9 14
7 3 8 3
17 6 17 5
11 4 11 3
9 5 10 5
9 6 9 5
7 2 7 3
16 13 16 12
1 15 1 14
8 8 8 9
5 8 5 7
17 7 17 6
8 10 7 10
16 14 16 13
8 2 7 2
15 14 16 14
8 16 8 17
13 2 14 2
10 4 11 4
10 5 10 4
9 2 8 2
2 16 2 15
10 2 9 2
15 13 15 14
1 6 1 7
17 8 17 7
6 12 7 12
8 6 9 6
14 13 15 13
0 4 1 4
2 6 1 6
7 6 8 6
9 5 10 5
8 11 8 10
14 14 14 13
7 14 8 14
9 6 9 5
8 6 9 6
10 8 9 8
8 5 8 6
2 8 3 8
10 3 10 2
7 7 7 6
15 14 14 14
15 15 15 14
11 8 10 8
11 7 11 8
9 3 10 3
11 6 11 7
16 7 16 8
14 15 15 15
8 3 9 3
8 2 8 3
14 16 14 15
14 17 14 16
15 17 14 17
16 17 15 17
8 1 8 2
16 16 16 17
2 9 2 8
15 16 16 16
14 16 15 16
14 17 14 16
9 1 8 1
1 9 2 9
9 0 9 1
1 8 1 9
8 0 9 0
16 8 17 8
9 16 8 16
7 5 8 5
7 4 7 5
4 8 5 8
7 15 7 14
5 12 6 12
165
14 5 15 5
16 6 16 9
15 5 15 6
15 10 16 10
16 10 16 11
12 3 13 3
14 5 14 6
0 6 0 7
16 9 16 10
17 9 17 10
0 3 0 5
4 7 4 9
1 0 1 1
4 1 4 2
13 3 13 4
5 16 6 16
11 9 12 9
2 14 3 14
7 16 8 16
3 16 4 16
1 5 2 5
0 7 1 7
6 7 8 7
2 13 2 14
8 9 8 10
7 13 7 14
13 4 13 5
13 8 14 8
1 9 2 9
13 17 15 17
3 15 3 16
13 1 13 3
8 6 8 7
11 10 11 11
4 14 5 14
14 6 14 7
13 15 13 16
0 10 1 10
4 6 4 7
1 12 1 13
11 9 11 10
12 8 12 9
8 17 9 17
11 3 12 3
16 3 16 4
1 9 1 10
4 16 4 17
4 11 5 11
14 0 15 0
6 1 7 1
9 11 9 12
6 8 7 8
2 9 3 9
8 7 8 9
6 12 7 12
8 9 9 9
15 15 15 16
17 0 17 1
9 3 10 3
4 7 5 7
12 5 13 5
14 14 14 15
10 9 11 9
0 16 3 16
6 16 7 16
15 14 15 15
7 3 7 5
13 9 13 10
10 14 11 14
4 2 4 3
15 6 16 6
16 10 17 10
5 14 6 14
7 3 8 3
9 9 10 9
9 8 9 9
10 3 11 3
12 17 13 17
1 7 1 9
15 16 15 17
6 5 7 5
5 7 6 7
4 12 4 14
12 8 13 8
9 17 10 17
10 6 10 7
9 15 9 17
12 16 12 17
8 5 9 5
15 13 16 13
9 4 9 5
15 13 15 14
5 10 5 11
16 12 16 13
3 14 3 15
17 1 17 2
3 9 4 9
1 10 1 12
5 3 6 3
12 0 12 1
17 4 17 5
17 6 17 7
5 10 6 10
1 13 2 13
11 17 12 17
6 13 6 14
7 12 7 13
1 10 2 10
13 16 14 16
0 1 1 1
4 16 5 16
11 4 12 4
4 1 5 1
6 4 6 5
3 12 4 12
7 14 7 16
14 4 15 4
12 6 13 6
14 15 14 16
4 5 4 6
15 11 15 12
1 0 2 0
3 6 3 7
9 2 9 3
16 11 16 12
6 3 7 3
1 2 1 3
9 5 9 6
1 12 2 12
10 6 12 6
10 7 10 8
1 3 1 4
15 4 16 4
3 11 4 11
16 16 16 17
2 5 2 7
16 4 17 4
7 5 7 6
7 11 9 11
7 9 7 10
13 5 14 5
7 8 7 9
1 4 1 5
4 3 5 3
6 10 7 10
9 6 10 6
0 8 0 9
2 11 3 11
2 7 3 7
14 7 14 8
7 5 8 5
16 17 17 17
7 10 7 11
9 0 10 0
9 11 10 11
7 17 8 17
4 0 4 1
9 1 9 2
0 15 2 15
9 14 9 15
5 14 5 15
5 1 6 1
0 5 0 6
3 11 3 12
17 5 17 6
