214
6 28 6 27
5 8 4 8
13 21 12 21
18 12 18 11
29 14 30 14
2 10 3 10
13 28 12 28
23 9 22 9
14 10 14 11
21 19 21 20
4 22 4 23
9 24 9 23
0 4 0 3
23 7 23 6
3 0 3 1
10 4 10 3
1 17 2 17
7 20 6 20
30 12 29 12
28 15 29 15
12 0 11 0
24 9 23 9
18 11 18 10
19 5 20 5
11 13 11 14
22 14 22 13
24 25 24 24
6 0 6 1
0 3 0 2
3 15 3 16
32 32 32 31
19 19 19 18
23 14 22 14
13 23 14 23
9 26 9 27
13 30 13 29
28 27 29 27
13 16 12 16
1 11 1 10
27 17 26 17
17 11 17 10
8 4 8 5
13 20 13 21
17 24 17 25
14 31 14 30
13 22 13 23
16 21 16 20
9 16 8 16
28 5 28 6
10 32 11 32
14 3 14 4
17 14 16 14
4 8 4 9
26 17 25 17
12 21 12 20
12 25 13 25
21 17 21 16
5 9 5 8
21 8 22 8
12 14 12 13
13 13 14 13
25 1 25 2
3 14 2 14
17 12 18 12
6 10 5 10
30 30 30 31
32 13 32 12
10 29 10 30
2 15 3 15
4 13 3 13
11 25 11 24
13 23 12 23
12 13 13 13
11 14 11 15
32 12 31 12
17 1 16 1
9 20 9 21
9 29 9 28
25 9 24 9
25 7 25 6
28 17 27 17
11 0 10 0
5 13 5 12
5 29 5 30
11 1 11 0
24 29 25 29
16 20 17 20
4 21 4 22
30 21 31 21
31 12 30 12
31 28 30 28
13 31 13 32
23 27 23 26
1 2 1 3
10 24 9 24
1 15 1 14
0 2 0 1
21 23 21 24
1 10 1 9
2 18 3 18
15 28 14 28
16 11 15 11
7 8 6 8
26 16 26 15
2 14 2 15
20 18 20 19
11 0 12 0
25 15 25 14
19 12 19 13
0 1 0 0
18 28 18 29
18 29 18 30
4 6 4 7
25 14 24 14
28 6 27 6
4 23 5 23
25 20 25 19
24 9 24 8
10 0 10 1
14 28 14 27
5 14 5 13
21 5 21 6
17 20 17 19
6 4 6 3
3 11 4 11
29 7 28 7
6 17 7 17
23 1 24 1
1 9 0 9
29 12 28 12
3 23 4 23
8 16 7 16
5 10 4 10
31 22 32 22
24 8 24 7
3 29 4 29
11 28 11 27
7 3 7 2
32 25 32 26
29 22 30 22
25 13 24 13
25 19 25 18
14 27 13 27
21 6 21 7
25 17 24 17
32 24 31 24
25 8 25 7
17 9 17 8
30 6 29 6
14 21 14 20
10 2 9 2
0 5 0 6
31 27 30 27
25 18 25 17
14 20 14 19
25 3 24 3
32 26 32 27
24 22 25 22
32 31 31 31
12 16 12 17
24 17 23 17
23 17 22 17
24 1 24 0
28 30 28 29
13 3 13 2
25 25 24 25
6 6 5 6
24 25 23 25
6 29 5 29
12 9 12 8
0 6 1 6
9 15 9 16
27 6 27 7
2 21 3 21
1 14 2 14
9 7 9 8
23 28 23 27
29 29 29 30
12 28 11 28
26 15 25 15
23 25 22 25
6 5 6 6
2 14 3 14
23 18 23 17
21 21 22 21
31 30 30 30
8 7 8 6
22 17 21 17
11 27 10 27
21 17 20 17
12 31 13 31
13 27 12 27
7 5 7 6
30 12 29 12
14 11 14 12
25 17 26 17
31 9 31 10
9 3 8 3
24 13 23 13
24 14 24 13
15 5 16 5
26 17 26 16
8 8 8 9
23 27 23 28
1 6 1 7
16 12 16 11
14 12 14 11
22 16 22 15
24 13 24 12
26 16 26 15
10 27 10 26
24 12 25 12
31 14 31 15
12 27 11 27
186
8 17 9 17
20 17 20 19
21 7 24 7
5 12 7 12
3 22 4 22
22 8 22 9
6 18 6 20
3 13 3 14
12 1 13 1
24 7 24 10
7 12 7 16
1 3 6 3
11 27 11 28
2 6 5 6
12 0 12 1
17 10 17 13
5 24 9 24
28 7 30 7
27 16 27 17
6 27 9 27
13 1 16 1
3 8 5 8
18 19 20 19
13 31 13 32
20 5 20 6
15 10 16 10
6 23 9 23
24 6 25 6
2 6 2 9
26 26 29 26
7 10 11 10
7 0 12 0
11 5 11 10
19 9 22 9
17 19 18 19
31 29 31 31
5 8 6 8
9 24 9 27
4 20 4 22
13 13 14 13
21 16 23 16
16 10 17 10
16 1 31 1
29 12 29 15
21 22 21 24
14 11 15 11
23 6 24 6
31 11 31 15
25 10 25 12
4 23 4 24
7 10 7 12
29 15 29 16
3 14 6 14
11 30 12 30
13 32 14 32
6 20 6 21
2 17 2 22
24 10 25 10
14 13 17 13
30 11 31 11
3 7 3 8
6 21 6 23
1 29 4 29
5 6 5 8
17 13 17 19
30 7 31 7
3 10 4 10
19 2 19 6
0 0 0 9
2 4 2 6
25 12 28 12
25 12 25 15
25 4 25 6
25 29 25 30
23 17 27 17
15 24 21 24
12 29 12 30
25 28 25 29
29 27 29 30
31 3 31 7
2 13 2 15
4 24 5 24
27 17 31 17
15 11 15 12
22 13 23 13
9 28 11 28
14 13 14 19
30 5 30 7
31 24 31 29
12 20 19 20
8 15 11 15
4 28 4 29
25 7 27 7
20 6 23 6
9 8 9 9
29 31 30 31
25 6 25 7
17 13 19 13
11 5 13 5
6 14 6 18
25 15 26 15
3 10 3 13
23 2 25 2
21 20 21 22
13 4 13 5
0 9 2 9
27 7 27 10
19 13 19 14
15 8 16 8
31 18 31 21
29 30 29 31
25 2 25 4
16 6 16 7
5 29 8 29
15 8 15 10
4 9 4 10
31 21 31 24
7 6 7 9
10 3 15 3
8 28 8 29
16 9 19 9
2 22 3 22
27 22 28 22
30 31 31 31
0 0 2 0
8 15 8 17
2 9 2 13
31 10 31 11
2 15 2 17
12 23 12 29
1 1 1 3
26 30 29 30
12 8 15 8
31 1 31 3
16 6 19 6
12 17 12 20
12 11 12 17
6 3 8 3
10 1 10 3
25 6 29 6
18 27 18 30
12 11 14 11
2 0 7 0
28 12 29 12
19 20 21 20
23 16 23 17
18 10 19 10
30 22 30 24
27 10 31 10
21 24 24 24
18 16 21 16
23 13 23 16
8 29 12 29
6 6 7 6
6 20 12 20
31 17 31 18
16 1 16 5
13 5 16 5
4 9 7 9
9 17 12 17
8 3 10 3
1 1 3 1
21 16 21 20
16 7 21 7
9 24 11 24
11 10 15 10
28 22 30 22
14 30 18 30
32 27 32 28
6 3 6 6
9 23 12 23
7 9 8 9
19 9 19 10
4 22 4 23
31 15 31 17
16 7 16 8
29 26 29 27
12 30 14 30
4 29 5 29
18 10 18 12
6 13 6 14
22 9 22 13
8 5 11 5
9 27 9 28
11 30 11 32
8 9 9 9
