125
9 12 9 13
2 5 1 5
8 15 8 16
5 12 5 11
5 6 5 5
3 15 3 16
17 12 16 12
20 9 19 9
7 19 7 20
1 3 1 2
7 1 6 1
16 20 16 21
2 4 2 3
0 4 0 5
6 21 7 21
5 17 5 16
2 18 3 18
9 11 9 10
16 7 16 8
6 5 7 5
9 1 9 2
20 3 21 3
22 3 22 4
15 7 15 8
7 21 7 22
17 11 17 12
2 20 3 20
11 9 10 9
8 6 8 5
17 18 16 18
5 13 5 12
15 20 14 20
7 2 7 3
10 8 11 8
17 17 16 17
1 8 0 8
1 1 1 0
11 10 12 10
6 1 6 0
21 4 21 5
1 4 2 4
5 16 5 15
17 12 18 12
18 17 17 17
1 5 1 4
2 13 2 14
9 8 9 9
8 18 7 18
12 14 13 14
15 12 14 12
19 9 19 10
1 17 1 16
9 2 8 2
1 16 2 16
16 13 15 13
4 13 4 12
1 13 1 12
10 7 10 8
14 1 13 1
16 19 16 20
0 13 1 13
9 4 10 4
22 4 21 4
8 20 8 21
0 17 1 17
14 9 15 9
6 13 6 14
7 13 6 13
4 4 5 4
3 18 3 17
0 5 1 5
16 18 15 18
18 9 18 10
15 11 15 12
1 4 1 3
1 17 1 16
4 19 4 20
11 11 11 10
21 15 20 15
11 10 11 9
11 12 11 11
16 20 15 20
16 21 16 20
1 6 0 6
15 21 16 21
1 12 2 12
4 17 5 17
15 17 15 16
2 6 1 6
16 17 15 17
3 17 4 17
5 18 6 18
5 2 5 1
16 20 16 19
5 20 5 19
5 14 5 13
12 18 13 18
1 6 1 7
11 11 11 10
5 21 6 21
21 11 21 10
16 3 17 3
16 12 16 13
16 21 16 20
15 16 15 15
16 11 15 11
15 15 14 15
22 21 22 22
16 19 16 18
5 19 5 18
17 3 17 4
15 17 15 16
15 11 14 11
15 16 15 15
1 5 2 5
19 11 20 11
18 13 18 14
4 5 4 4
16 20 16 19
10 16 9 16
6 8 6 7
22 0 22 1
7 17 7 16
3 5 3 6
19 6 19 5
175
10 12 13 12
4 3 5 3
3 13 3 16
2 12 4 12
0 7 1 7
8 8 10 8
5 8 8 8
21 18 22 18
11 10 12 10
8 19 9 19
4 12 5 12
5 15 5 17
13 9 15 9
17 5 19 5
19 5 19 8
7 11 7 14
1 7 1 9
5 8 5 9
0 15 1 15
8 11 8 12
7 11 8 11
12 21 14 21
13 12 14 12
5 4 6 4
18 14 19 14
20 14 20 15
1 10 5 10
12 21 12 22
2 1 2 2
7 10 7 11
4 17 5 17
5 9 5 10
5 11 7 11
8 16 8 19
6 14 6 15
7 4 8 4
10 13 11 13
14 12 14 13
2 11 2 12
8 2 8 4
3 7 3 8
5 13 6 13
7 20 7 22
8 16 9 16
10 8 11 8
0 3 1 3
12 19 13 19
7 4 7 5
2 2 2 3
15 15 15 18
13 17 13 18
4 0 6 0
0 10 1 10
14 11 14 12
14 21 14 22
0 18 0 22
20 15 20 16
18 16 18 20
2 5 5 5
4 3 4 4
2 3 4 3
7 14 8 14
12 11 13 11
13 13 13 14
8 5 9 5
18 10 19 10
2 2 6 2
6 2 8 2
6 7 8 7
19 10 19 14
3 16 3 20
14 0 15 0
6 0 6 2
7 20 10 20
15 18 16 18
15 8 15 9
12 8 13 8
0 11 1 11
5 22 7 22
6 10 7 10
6 14 7 14
14 15 15 15
13 15 13 17
15 12 15 13
8 14 8 16
15 12 18 12
9 10 11 10
7 18 7 20
0 1 2 1
7 9 8 9
6 18 7 18
1 3 2 3
19 3 19 4
2 11 3 11
8 7 12 7
18 14 18 15
5 17 5 18
8 0 9 0
15 9 15 12
18 12 18 14
13 14 13 15
22 1 22 6
12 7 12 8
4 20 7 20
5 9 7 9
7 16 7 18
1 16 2 16
18 22 22 22
21 1 22 1
19 3 21 3
0 2 1 2
13 10 13 11
3 13 5 13
5 15 6 15
7 9 7 10
4 18 4 20
9 15 10 15
8 21 8 22
18 20 18 21
2 5 2 7
15 0 16 0
15 20 18 20
3 6 3 7
1 11 1 13
16 18 16 19
10 18 10 20
2 16 3 16
8 12 10 12
9 16 11 16
2 7 3 7
3 20 4 20
9 0 9 3
17 4 18 4
1 13 3 13
21 17 22 17
3 8 4 8
6 4 6 7
18 4 19 4
13 18 14 18
10 18 13 18
3 20 3 21
0 11 0 14
14 13 14 15
14 0 14 4
18 21 18 22
21 2 21 3
10 3 10 4
21 1 21 2
13 18 13 19
16 0 17 0
10 13 10 15
18 1 18 4
9 3 10 3
10 17 10 18
10 4 14 4
8 0 8 1
11 16 11 17
14 20 15 20
5 4 5 5
17 0 17 4
13 11 13 12
9 3 9 5
12 8 12 10
18 15 18 16
1 3 1 7
13 8 13 9
8 5 8 7
19 10 21 10
15 8 16 8
14 4 14 6
10 15 13 15
14 18 14 20
5 11 5 12
21 10 21 17
1 9 1 10
