111
6 24 5 24
9 15 9 16
9 0 10 0
16 0 16 1
28 1 28 0
5 18 5 19
4 19 4 20
27 1 27 2
26 28 26 27
23 11 23 10
10 8 11 8
28 15 29 15
3 17 3 16
25 29 25 28
1 5 1 4
6 30 6 29
12 0 12 1
17 15 17 14
28 3 28 2
14 1 13 1
22 11 22 12
5 2 5 3
24 6 23 6
7 25 8 25
6 13 7 13
24 7 25 7
8 30 8 29
8 4 8 3
12 29 13 29
20 28 21 28
10 27 10 28
29 29 28 29
26 27 25 27
29 18 29 19
29 13 28 13
10 26 11 26
23 3 24 3
17 14 18 14
7 7 7 8
24 29 24 30
11 26 11 27
25 30 25 29
26 19 25 19
5 10 4 10
22 12 22 13
24 11 23 11
21 17 21 18
30 14 29 14
7 10 8 10
30 17 30 16
11 0 11 1
9 14 9 15
17 17 17 18
10 0 10 1
1 14 1 13
5 28 5 29
6 29 6 28
18 14 18 13
19 10 19 9
8 24 9 24
17 26 17 25
5 19 6 19
15 15 15 16
27 30 27 29
28 14 28 15
13 5 13 6
24 20 23 20
21 15 21 16
17 29 17 28
1 22 2 22
11 14 11 13
5 27 5 26
8 25 8 24
28 21 28 22
9 10 10 10
11 12 12 12
28 30 29 30
15 16 14 16
19 27 19 28
12 5 12 6
4 20 5 20
17 28 17 27
15 22 16 22
21 28 21 27
25 4 24 4
20 1 20 2
26 18 26 17
8 21 8 20
24 4 24 5
8 20 9 20
7 1 8 1
9 19 9 18
12 18 13 18
28 22 28 23
5 6 5 5
5 3 4 3
29 3 28 3
14 20 14 19
21 16 21 17
22 29 22 28
25 27 24 27
24 18 24 19
22 4 22 5
26 17 26 16
26 16 26 15
24 5 23 5
26 15 26 14
25 5 25 4
17 25 16 25
14 16 14 17
26 12 26 13
189
2 20 2 22
11 30 13 30
12 6 13 6
3 2 7 2
27 23 28 23
25 14 26 14
13 18 17 18
17 19 19 19
12 12 12 13
17 13 17 18
1 13 1 15
12 9 19 9
12 9 12 12
25 10 25 14
12 21 14 21
4 10 4 13
26 13 26 14
21 17 21 18
12 13 17 13
28 6 28 7
5 20 5 24
19 6 19 9
0 24 0 26
12 1 13 1
10 10 10 13
12 13 12 15
17 18 20 18
6 10 6 15
15 2 15 4
2 2 3 2
4 9 4 10
26 11 26 13
23 8 23 9
2 9 4 9
13 18 13 20
11 22 16 22
26 11 28 11
28 2 29 2
19 28 22 28
13 29 13 30
3 19 6 19
21 18 22 18
9 11 9 15
17 11 17 13
7 2 8 2
0 2 1 2
18 20 18 21
15 1 15 2
0 26 5 26
1 2 2 2
13 1 15 1
23 18 23 20
16 22 16 25
2 20 5 20
16 21 16 22
13 27 13 29
16 20 16 21
23 27 24 27
25 6 27 6
20 18 21 18
26 14 29 14
29 16 30 16
15 28 19 28
23 9 26 9
1 2 1 4
19 9 23 9
28 3 28 6
9 27 11 27
0 24 5 24
10 2 10 10
13 29 15 29
20 2 20 5
7 8 8 8
3 1 8 1
24 12 24 15
18 16 23 16
29 15 29 16
3 16 4 16
11 27 13 27
11 25 11 27
17 18 17 19
4 5 5 5
4 10 6 10
27 2 27 6
24 10 24 12
17 27 21 27
22 5 23 5
0 5 4 5
10 13 11 13
24 28 24 30
28 7 28 11
23 20 26 20
14 21 16 21
5 26 5 29
27 20 27 23
8 10 10 10
22 18 23 18
4 3 8 3
8 29 13 29
6 15 9 15
13 20 16 20
1 8 7 8
12 6 12 9
26 23 27 23
6 28 10 28
25 29 26 29
28 0 28 2
26 23 26 29
24 30 29 30
18 13 22 13
7 29 8 29
30 11 30 16
23 8 24 8
3 15 3 16
1 8 1 13
9 20 9 21
13 1 13 6
7 13 7 14
7 8 7 11
1 16 1 17
16 5 20 5
16 4 16 5
8 1 10 1
24 28 25 28
27 23 27 26
22 3 24 3
22 27 23 27
1 15 1 16
15 28 15 29
30 16 30 22
28 11 28 13
10 2 11 2
3 16 3 19
20 2 27 2
11 22 11 25
8 3 8 8
23 16 29 16
26 9 26 11
29 20 29 30
23 10 24 10
1 13 2 13
8 0 28 0
29 19 29 20
20 5 22 5
9 21 9 22
30 22 30 24
9 15 12 15
8 24 9 24
27 6 27 8
25 18 25 19
27 19 29 19
26 20 27 20
18 13 18 16
27 2 28 2
17 21 17 27
4 3 4 4
29 10 29 11
1 16 3 16
7 11 7 13
9 22 9 24
17 21 18 21
8 0 8 1
29 11 30 11
6 20 9 20
6 19 12 19
2 12 2 13
24 3 24 8
5 29 7 29
21 27 22 27
8 8 8 10
14 27 17 27
29 2 29 10
12 17 14 17
25 19 27 19
28 15 29 15
12 17 12 19
24 27 24 28
10 1 10 2
4 4 4 5
23 15 23 16
3 3 4 3
18 21 18 24
6 19 6 20
17 2 20 2
23 15 24 15
29 2 30 2
3 0 3 1
6 20 6 28
29 16 29 19
