214
27 25 26 25
41 14 40 14
24 38 23 38
34 27 35 27
13 22 13 21
37 8 37 9
11 28 11 29
18 16 18 17
17 34 17 35
0 11 0 12
1 7 1 8
9 24 8 24
34 38 34 37
17 24 17 23
25 11 25 12
5 35 6 35
5 21 6 21
8 15 7 15
17 5 16 5
32 17 32 18
1 8 2 8
40 38 40 37
17 6 16 6
8 24 8 25
16 40 16 39
28 14 28 13
31 29 31 30
24 31 23 31
16 9 15 9
5 28 5 27
23 32 22 32
8 2 9 2
5 0 5 1
41 8 41 7
31 16 31 17
17 40 17 39
26 25 26 24
25 26 25 27
16 39 16 38
26 32 25 32
16 26 16 25
28 22 29 22
31 17 31 18
28 38 27 38
8 1 8 2
15 9 14 9
33 28 32 28
26 33 25 33
13 16 12 16
16 11 15 11
0 12 1 12
32 14 31 14
15 11 14 11
15 19 14 19
38 12 38 13
7 15 7 14
29 9 29 10
7 29 7 28
38 13 39 13
16 38 16 37
7 1 7 2
19 38 18 38
5 30 5 29
5 5 4 5
33 12 32 12
14 0 14 1
32 23 32 24
31 18 31 19
5 29 4 29
1 26 1 25
4 39 5 39
25 12 25 13
37 5 37 4
14 11 13 11
17 11 17 12
23 26 23 27
22 6 23 6
7 0 7 1
13 11 13 10
13 5 13 6
1 12 1 13
34 6 34 7
27 36 26 36
14 30 14 31
29 35 28 35
5 1 4 1
30 18 29 18
30 37 29 37
33 6 33 7
25 15 24 15
5 27 5 26
21 36 20 36
14 19 14 20
13 18 13 17
24 11 24 12
4 40 4 39
2 39 2 40
25 32 24 32
7 27 7 26
16 6 15 6
20 14 21 14
29 5 29 6
2 24 2 23
28 29 28 30
7 38 6 38
41 13 40 13
24 32 24 33
28 11 28 12
31 19 30 19
38 11 39 11
32 30 33 30
28 15 28 16
21 14 21 13
30 19 29 19
9 2 9 3
35 31 35 32
24 18 24 19
31 15 30 15
33 14 33 15
28 12 27 12
1 38 1 39
20 36 19 36
27 38 27 37
1 13 1 14
11 25 11 26
33 15 32 15
8 13 8 14
18 35 18 34
28 30 27 30
29 37 28 37
19 36 18 36
4 39 4 38
32 33 32 34
33 10 33 11
0 7 1 7
21 8 21 7
12 5 12 6
31 26 30 26
7 14 7 13
33 11 33 12
2 23 1 23
29 19 29 20
16 5 16 6
1 14 2 14
5 26 6 26
29 20 28 20
29 14 29 13
25 13 25 14
5 39 6 39
34 14 35 14
13 17 14 17
26 24 25 24
5 10 5 9
27 12 27 13
1 7 1 6
32 34 32 35
18 36 17 36
20 11 20 12
1 6 2 6
35 32 34 32
18 17 18 18
32 15 31 15
14 1 14 2
34 32 33 32
26 8 25 8
9 10 8 10
32 35 31 35
17 36 16 36
30 26 29 26
29 10 30 10
29 26 28 26
38 34 39 34
14 9 13 9
37 9 36 9
24 19 24 20
17 7 17 8
34 35 35 35
20 12 20 13
33 12 33 13
28 37 28 36
30 10 30 11
38 29 38 28
6 32 5 32
26 36 26 37
30 40 31 40
25 19 26 19
35 7 36 7
13 19 13 18
33 13 32 13
35 18 36 18
8 2 9 2
32 13 31 13
20 13 20 14
3 41 3 40
27 37 27 36
20 14 19 14
27 13 27 14
5 32 4 32
40 39 41 39
14 10 14 11
22 32 22 33
24 20 25 20
41 15 40 15
6 4 6 5
20 20 21 20
33 5 34 5
19 14 18 14
3 40 3 39
30 11 30 12
25 8 25 7
15 5 14 5
13 36 14 36
3 39 3 38
30 12 30 13
185
9 2 14 2
12 6 13 6
31 30 31 35
18 14 18 18
28 1 30 1
7 2 7 6
16 36 16 37
28 26 28 35
4 29 4 32
25 14 25 20
28 20 28 26
4 25 4 27
35 1 35 5
11 9 13 9
17 26 28 26
5 2 5 3
33 7 34 7
13 29 13 31
5 2 7 2
3 38 4 38
31 14 31 15
6 38 6 39
4 10 8 10
1 25 4 25
27 36 28 36
17 23 17 26
33 30 33 32
13 18 13 21
30 7 33 7
8 10 8 14
38 39 39 39
31 13 31 14
14 21 14 23
30 15 31 15
4 14 4 25
5 3 6 3
27 14 31 14
23 6 23 7
8 10 13 10
18 33 18 34
12 17 12 20
20 21 21 21
14 21 20 21
26 31 26 37
40 12 40 13
14 25 16 25
36 4 37 4
12 37 16 37
2 8 2 14
25 7 30 7
31 30 33 30
15 2 15 6
23 40 24 40
13 21 14 21
12 20 12 21
33 33 33 37
4 27 4 29
20 5 20 6
2 14 4 14
13 31 14 31
4 29 11 29
14 7 19 7
28 35 31 35
19 13 21 13
21 13 26 13
7 20 12 20
4 32 4 38
8 25 8 28
25 20 28 20
3 7 3 13
14 23 17 23
36 7 36 9
23 7 25 7
25 14 26 14
14 7 14 11
4 1 7 1
14 13 19 13
35 35 39 35
3 13 7 13
8 28 12 28
7 2 9 2
32 24 33 24
39 39 41 39
20 6 23 6
19 6 19 7
13 6 15 6
12 31 13 31
6 35 10 35
1 5 1 23
2 6 2 8
16 3 16 6
21 16 21 20
26 14 27 14
12 21 13 21
32 12 32 16
6 26 7 26
4 5 4 7
30 13 31 13
25 20 25 24
29 18 29 22
6 20 6 21
14 11 14 13
6 39 17 39
34 29 34 30
22 33 24 33
10 31 10 35
24 12 32 12
41 3 41 7
13 9 13 10
28 16 32 16
21 12 21 13
21 12 22 12
17 12 21 12
21 7 23 7
11 29 13 29
13 18 18 18
16 6 19 6
34 22 34 29
14 17 17 17
41 7 41 26
7 6 12 6
7 1 12 1
1 5 4 5
16 1 16 3
24 39 26 39
3 7 4 7
33 24 33 30
6 38 15 38
15 34 18 34
21 13 21 16
1 39 6 39
35 29 35 35
18 34 18 38
15 38 18 38
38 9 38 28
35 28 35 29
28 35 28 36
35 14 35 16
13 10 13 18
39 31 39 34
7 28 8 28
4 14 8 14
14 13 14 17
34 9 36 9
36 5 36 7
13 6 13 9
34 29 35 29
6 21 6 26
32 16 35 16
26 37 32 37
8 25 14 25
37 28 38 28
29 18 32 18
14 31 14 33
24 33 24 39
7 26 7 28
14 20 21 20
12 1 16 1
12 28 24 28
6 35 6 38
26 37 26 39
39 34 39 35
14 36 16 36
34 37 40 37
33 37 34 37
26 13 28 13
36 5 39 5
14 33 14 36
18 33 22 33
22 12 24 12
36 9 38 9
1 3 1 5
35 28 37 28
36 7 41 7
34 5 35 5
32 16 32 18
22 30 22 33
36 9 36 18
29 22 29 29
34 30 34 37
32 37 33 37
4 1 4 5
35 5 36 5
24 28 24 33
32 18 36 18
