134
16 12 16 11
15 12 16 12
12 9 13 9
8 4 9 4
14 1 15 1
14 2 14 1
14 12 15 12
5 11 5 12
6 7 5 7
12 10 12 9
3 12 4 12
14 3 14 2
14 15 15 15
2 9 3 9
6 11 5 11
13 10 12 10
13 1 13 0
10 13 11 13
15 3 14 3
11 5 10 5
2 10 2 9
13 12 14 12
7 11 6 11
10 14 10 13
4 14 5 14
12 5 11 5
13 11 13 12
13 5 12 5
13 9 13 10
13 2 13 1
14 11 13 11
3 14 4 14
7 4 8 4
14 9 13 9
10 15 10 14
3 1 3 0
14 10 14 11
13 15 14 15
13 3 13 2
13 10 14 10
4 1 4 0
9 15 10 15
4 2 4 1
13 16 13 15
14 16 13 16
2 12 3 12
15 9 14 9
13 6 13 5
9 16 9 15
3 2 3 1
2 13 2 12
14 3 13 3
2 14 2 13
8 11 7 11
13 11 13 10
15 8 15 9
13 7 13 6
6 8 6 7
5 2 4 2
6 2 5 2
11 3 11 2
14 14 15 14
10 16 9 16
14 15 14 14
13 15 14 15
13 16 13 15
3 10 2 10
10 15 10 16
14 17 14 16
6 3 6 2
6 4 6 3
12 11 13 11
10 5 10 4
1 1 1 0
3 3 3 2
0 12 1 12
15 2 15 3
11 15 10 15
2 5 3 5
1 14 2 14
12 7 13 7
11 14 11 15
11 7 12 7
11 8 11 7
10 14 11 14
0 14 1 14
11 11 12 11
11 10 11 11
8 10 8 11
2 14 3 14
9 14 10 14
4 10 3 10
11 9 11 8
15 17 14 17
6 9 6 8
14 2 14 3
12 16 13 16
12 10 11 10
12 9 12 10
9 15 9 14
4 9 4 10
7 5 7 4
5 7 5 6
7 10 8 10
2 4 2 5
11 10 11 9
16 17 15 17
11 16 12 16
16 16 16 17
16 8 15 8
2 3 3 3
1 14 2 14
12 3 11 3
12 4 12 3
10 15 9 15
13 9 12 9
1 15 1 14
12 10 11 10
6 5 6 4
7 9 7 10
16 7 16 8
15 16 16 16
1 2 1 1
10 1 11 1
15 15 15 16
16 15 15 15
10 14 10 15
1 4 2 4
17 7 16 7
9 14 10 14
17 15 16 15
14 9 13 9
14 8 14 9
4 8 4 9
166
13 8 15 8
16 8 17 8
16 9 17 9
8 8 8 9
1 12 1 13
14 9 14 10
2 0 3 0
15 9 15 10
15 14 15 15
15 15 16 15
1 9 2 9
3 13 3 14
5 9 8 9
14 10 14 11
10 15 10 16
1 11 2 11
11 4 13 4
2 13 3 13
16 9 16 10
12 15 12 16
11 1 11 2
10 16 10 17
15 5 15 6
15 10 16 10
7 1 7 2
12 14 12 15
8 8 9 8
1 13 2 13
5 3 6 3
7 12 7 13
14 6 15 6
13 7 13 8
3 0 4 0
12 12 12 13
6 2 7 2
6 2 6 3
9 3 10 3
14 14 15 14
14 15 14 16
7 1 8 1
1 0 2 0
15 7 15 8
6 15 6 16
4 9 5 9
14 0 14 1
16 1 16 2
14 15 15 15
5 2 5 3
14 10 15 10
3 13 4 13
3 6 3 7
17 0 17 1
14 11 14 12
13 5 13 6
13 16 14 16
13 0 14 0
9 17 10 17
14 16 15 16
17 16 17 17
5 6 5 8
3 4 4 4
0 1 1 1
5 8 5 9
13 11 14 11
5 10 5 11
15 10 15 11
6 7 7 7
4 1 4 2
5 9 5 10
14 12 14 13
12 1 13 1
12 11 12 12
1 7 1 8
17 14 17 16
15 16 15 17
2 10 3 10
8 17 9 17
5 5 8 5
0 5 1 5
8 7 9 7
10 16 12 16
8 5 9 5
4 6 5 6
13 2 13 3
7 8 8 8
14 13 14 14
8 4 8 5
0 6 1 6
9 13 9 15
3 6 4 6
8 12 9 12
15 6 15 7
12 9 12 11
2 10 2 11
8 0 8 1
3 2 3 3
10 6 11 6
0 9 1 9
10 13 11 13
1 3 1 5
0 11 1 11
0 13 0 15
4 4 4 5
16 0 16 1
9 1 9 2
1 8 1 9
0 0 0 1
10 7 10 8
12 16 13 16
15 8 15 9
15 7 16 7
17 3 17 4
3 9 4 9
1 1 1 3
8 3 8 4
9 13 10 13
9 5 9 6
7 7 8 7
2 9 2 10
1 6 1 7
3 16 4 16
11 2 12 2
9 6 9 7
9 0 9 1
13 2 16 2
9 7 10 7
9 5 11 5
11 17 12 17
9 2 9 3
8 11 8 12
4 5 5 5
13 4 13 5
3 12 3 13
3 16 3 17
0 7 0 8
0 11 0 13
8 3 9 3
13 16 13 17
15 0 16 0
7 15 8 15
12 9 13 9
12 13 13 13
11 8 11 9
13 3 13 4
6 7 6 8
1 3 3 3
1 5 2 5
2 5 2 6
3 2 4 2
8 15 9 15
11 4 11 5
0 5 0 6
9 12 9 13
11 9 12 9
11 13 12 13
16 11 17 11
12 2 12 3
2 15 2 16
13 1 13 2
13 14 13 15
16 17 17 17
13 13 13 14
0 15 2 15
3 3 3 4
2 16 3 16
10 8 11 8
