37
6 6 7 6
4 8 4 9
6 0 7 0
2 22 2 23
6 10 5 10
5 12 6 12
19 16 19 17
2 19 2 20
0 14 1 14
7 6 7 5
2 7 2 8
16 13 16 12
10 6 10 7
19 21 20 21
4 11 3 11
22 6 21 6
16 18 17 18
8 2 7 2
10 7 9 7
7 12 7 11
20 21 20 22
6 22 6 21
7 19 8 19
9 4 9 5
6 18 6 17
20 10 20 11
12 9 12 10
5 10 5 11
18 0 17 0
12 16 12 17
21 6 21 7
19 14 19 15
5 8 4 8
14 5 14 6
21 1 21 0
14 6 15 6
0 22 0 23
163
10 13 11 13
10 14 10 16
8 19 8 21
21 7 21 9
15 10 15 11
19 11 19 12
3 8 4 8
17 1 17 7
4 2 4 8
17 7 20 7
4 2 5 2
1 8 1 14
12 6 15 6
0 1 0 2
3 5 3 6
10 20 11 20
21 9 23 9
3 6 3 8
8 15 8 17
3 11 5 11
9 12 12 12
14 19 14 20
4 14 5 14
15 1 17 1
5 2 5 3
20 17 22 17
21 0 21 4
10 11 15 11
5 3 6 3
10 2 10 4
12 6 12 7
8 19 10 19
11 7 12 7
5 11 5 14
10 13 10 14
17 0 17 1
15 14 20 14
12 7 12 10
22 23 23 23
6 20 6 21
19 8 20 8
10 19 10 20
0 2 4 2
22 19 22 23
22 17 22 19
22 7 22 8
20 7 20 8
19 11 20 11
11 14 11 16
20 11 23 11
8 21 8 23
0 21 0 23
18 12 19 12
2 20 3 20
20 14 20 17
8 21 9 21
2 8 2 12
7 0 7 2
5 3 5 4
12 10 15 10
3 18 3 20
0 5 1 5
11 16 17 16
20 7 21 7
6 3 6 7
2 20 2 23
2 23 8 23
18 17 18 19
23 3 23 9
5 2 7 2
14 19 16 19
15 1 15 6
18 2 18 5
16 19 16 22
0 23 2 23
1 8 2 8
20 11 20 14
18 17 19 17
3 3 3 5
10 19 14 19
18 15 19 15
10 20 10 22
7 2 10 2
11 13 11 14
6 21 8 21
17 0 21 0
11 14 15 14
23 9 23 11
10 4 10 11
8 17 8 19
1 3 3 3
12 1 15 1
16 22 20 22
2 8 3 8
7 3 8 3
0 1 2 1
11 3 11 7
15 8 16 8
6 17 6 19
5 11 7 11
20 17 20 19
19 12 19 13
12 12 13 12
9 18 10 18
6 8 6 9
5 5 5 7
5 16 5 22
0 16 1 16
0 19 0 20
9 14 9 17
0 6 0 7
20 19 20 22
6 16 6 17
12 17 14 17
10 18 13 18
7 5 9 5
17 16 18 16
16 7 16 8
4 9 5 9
9 17 12 17
0 18 1 18
0 17 0 18
15 17 18 17
13 12 15 12
9 12 9 14
3 8 3 11
7 17 7 20
18 2 19 2
10 18 10 19
1 5 2 5
0 18 0 19
14 17 15 17
15 12 16 12
3 16 4 16
17 19 18 19
2 14 3 14
6 13 6 16
17 18 17 19
4 9 4 10
3 11 3 13
5 16 6 16
5 7 5 9
5 9 6 9
4 16 4 22
0 7 0 16
1 18 1 22
9 5 9 7
6 12 6 13
1 16 3 16
19 15 19 17
17 19 17 20
4 16 5 16
4 10 9 10
6 12 9 12
2 14 2 15
6 17 7 17
0 5 0 6
1 16 1 18
9 7 9 10
3 14 3 16
7 3 7 5
9 10 9 12
16 8 16 12
