213
19 0 18 0
14 13 13 13
4 3 4 4
18 8 19 8
9 27 8 27
1 25 2 25
6 27 7 27
24 21 23 21
18 22 17 22
6 6 6 5
3 28 3 27
2 8 2 9
29 13 29 14
28 18 29 18
27 24 27 23
10 8 11 8
6 5 7 5
29 27 29 28
23 20 23 19
20 10 20 11
17 26 17 27
2 10 3 10
1 9 1 10
6 13 7 13
21 17 21 18
13 25 13 24
17 23 17 24
30 0 30 1
7 29 6 29
16 10 16 11
2 23 1 23
24 20 25 20
9 28 9 27
27 25 26 25
12 11 13 11
16 24 15 24
17 27 17 28
16 6 17 6
28 12 28 11
2 6 2 7
5 28 5 27
2 9 2 10
12 12 13 12
5 27 5 26
21 2 22 2
6 10 5 10
28 19 27 19
21 21 21 22
12 10 12 11
15 8 15 7
2 0 2 1
14 27 15 27
3 27 2 27
25 5 25 6
24 19 24 20
12 3 12 2
4 28 3 28
20 11 20 12
0 20 0 21
29 22 28 22
7 6 7 7
14 0 14 1
10 7 10 8
19 3 19 2
2 27 2 26
14 7 14 6
28 23 29 23
19 21 19 20
23 19 22 19
25 21 24 21
24 11 25 11
20 2 21 2
11 18 11 17
28 30 28 31
7 30 7 31
7 5 8 5
14 1 14 2
20 3 21 3
27 23 26 23
9 30 8 30
17 24 17 25
6 4 6 5
17 4 17 3
26 5 26 6
18 7 18 6
8 30 7 30
25 19 24 19
3 28 3 27
3 26 4 26
26 4 26 5
29 28 28 28
19 25 20 25
10 10 9 10
5 15 4 15
29 12 28 12
30 14 30 13
8 5 8 4
1 14 2 14
14 26 15 26
25 18 25 17
28 28 27 28
20 20 21 20
28 24 27 24
9 27 10 27
21 20 21 21
19 19 20 19
21 5 20 5
3 9 3 8
28 27 27 27
24 19 23 19
5 2 5 1
3 10 3 9
23 0 23 1
3 27 3 26
12 9 11 9
14 22 13 22
14 28 15 28
15 24 15 23
26 5 27 5
28 22 27 22
20 5 20 4
21 16 20 16
16 27 17 27
18 14 17 14
0 15 1 15
16 16 15 16
28 9 28 10
23 17 23 18
5 10 4 10
0 1 0 0
14 25 14 26
6 28 6 27
12 23 13 23
4 4 4 5
3 20 3 21
20 12 21 12
11 22 11 21
21 1 22 1
14 5 14 4
29 24 29 25
4 16 5 16
3 19 2 19
0 21 1 21
14 2 13 2
19 2 18 2
25 1 26 1
9 26 8 26
12 25 12 26
14 4 15 4
15 4 16 4
13 17 14 17
10 30 9 30
13 14 13 15
11 25 12 25
28 12 27 12
10 20 10 19
29 25 28 25
20 16 19 16
4 20 4 21
28 25 27 25
22 6 21 6
20 0 20 1
10 27 10 26
5 20 5 21
12 26 12 27
6 27 6 26
8 3 9 3
12 15 12 14
24 3 24 2
26 8 26 9
23 6 23 7
27 0 26 0
16 30 16 31
25 20 25 19
15 29 14 29
6 9 5 9
16 12 15 12
10 24 9 24
13 16 14 16
2 1 3 1
12 0 12 1
28 11 27 11
7 3 8 3
12 16 13 16
12 8 13 8
16 21 16 20
5 9 5 10
5 16 5 17
3 2 2 2
27 12 26 12
26 12 25 12
1 27 0 27
26 25 26 24
14 14 14 15
25 12 24 12
13 2 13 3
1 1 0 1
12 17 12 16
11 24 11 23
12 14 12 15
25 26 25 25
15 7 14 7
1 31 0 31
3 25 3 24
4 24 4 23
5 14 5 13
13 16 13 17
29 14 30 14
29 30 30 30
4 29 5 29
8 15 7 15
1 28 1 27
27 2 28 2
185
17 2 18 2
5 13 7 13
19 16 19 20
16 20 16 22
3 16 3 21
10 22 10 23
17 22 19 22
1 21 3 21
4 0 4 1
18 0 26 0
7 15 7 17
0 10 0 16
20 1 20 4
10 19 12 19
20 25 20 27
3 11 3 16
18 13 19 13
7 9 7 13
0 0 4 0
24 24 24 25
10 26 14 26
18 10 19 10
21 6 25 6
0 9 3 9
1 21 1 23
11 6 11 7
21 18 23 18
28 13 30 13
2 25 2 26
24 10 24 12
25 17 25 19
8 4 13 4
2 2 2 4
26 0 26 1
16 13 17 13
7 15 9 15
20 25 24 25
25 25 27 25
21 28 21 30
4 22 4 23
11 9 16 9
21 21 21 22
19 20 22 20
26 1 26 2
21 21 23 21
0 29 1 29
21 28 27 28
7 25 7 27
9 5 9 6
28 10 29 10
29 6 29 10
1 26 1 27
25 22 25 23
17 27 20 27
9 6 11 6
14 17 15 17
11 10 13 10
8 27 12 27
25 19 25 22
0 9 0 10
10 23 10 26
10 19 10 22
8 2 12 2
28 31 29 31
27 31 28 31
1 24 1 26
9 17 11 17
7 13 7 15
25 23 26 23
7 27 7 30
16 11 18 11
9 10 11 10
4 1 4 2
25 11 25 17
13 11 13 12
20 1 22 1
17 14 17 17
18 4 20 4
14 23 15 23
2 10 2 11
17 22 17 25
13 13 13 15
11 8 11 9
12 29 14 29
23 19 23 21
7 27 8 27
4 18 4 21
28 17 28 31
8 3 8 4
2 22 4 22
4 11 4 15
26 2 26 6
14 17 14 18
10 8 11 8
4 21 5 21
9 10 9 15
1 23 1 24
27 20 27 22
13 15 13 17
15 28 17 28
1 27 1 29
11 7 14 7
12 22 12 25
4 15 4 18
31 12 31 19
17 27 17 28
8 26 10 26
1 29 2 29
26 6 29 6
18 0 18 2
2 22 2 25
19 10 19 13
16 4 18 4
6 5 9 5
18 31 21 31
0 16 3 16
28 10 28 13
21 3 21 4
4 21 4 22
16 11 16 13
10 22 12 22
13 17 14 17
24 23 24 24
4 27 7 27
13 11 14 11
27 27 27 28
1 27 4 27
18 29 18 31
5 26 6 26
12 2 17 2
4 10 4 11
2 26 3 26
13 4 16 4
26 1 30 1
6 24 8 24
11 17 13 17
27 19 27 20
22 1 22 2
25 24 25 25
25 17 28 17
16 7 16 9
3 9 7 9
17 13 17 14
21 12 24 12
25 6 25 8
2 10 4 10
21 12 21 13
16 9 16 11
14 11 16 11
21 30 21 31
16 4 16 7
25 8 25 11
16 15 16 20
23 18 23 19
9 6 9 10
15 17 15 19
19 22 21 22
6 24 6 26
25 6 26 6
0 6 9 6
24 2 26 2
2 11 2 14
14 18 14 23
23 21 24 21
13 3 13 4
16 22 17 22
27 24 27 25
9 15 9 17
8 24 8 26
12 25 17 25
24 23 25 23
14 26 14 29
16 13 16 15
18 6 21 6
18 6 18 10
4 2 8 2
4 2 4 5
27 22 27 24
21 4 21 6
21 13 21 18
19 13 19 16
14 29 18 29
5 21 5 26
4 5 6 5
27 25 27 27
