27
15 17 15 18
3 0 3 1
2 8 2 9
21 19 21 20
20 5 20 4
9 14 9 15
1 2 1 3
0 9 1 9
5 18 6 18
7 12 6 12
21 20 20 20
3 13 4 13
9 23 9 22
2 25 2 24
13 18 14 18
5 17 5 18
0 10 1 10
0 25 0 24
20 19 21 19
16 10 17 10
8 6 9 6
21 7 21 6
7 14 6 14
23 16 23 15
18 1 18 2
16 6 16 5
20 23 20 22
173
21 15 21 18
19 23 19 25
7 11 7 13
12 13 12 14
16 2 17 2
21 23 22 23
15 25 17 25
6 6 7 6
14 17 16 17
23 6 23 10
9 6 11 6
21 19 25 19
1 15 1 18
1 18 1 24
17 10 19 10
16 14 16 17
21 5 21 6
22 13 22 15
14 16 14 17
15 23 15 25
16 14 17 14
22 15 23 15
4 6 4 8
23 10 25 10
0 2 2 2
21 19 21 23
5 6 6 6
0 17 0 24
6 12 6 14
17 10 17 13
17 13 22 13
4 4 4 6
17 2 18 2
25 17 25 18
20 11 21 11
17 25 18 25
5 22 9 22
15 10 17 10
4 2 4 4
2 23 2 24
1 0 2 0
2 0 6 0
21 6 23 6
11 9 12 9
19 6 21 6
25 18 25 19
21 0 25 0
21 3 21 5
17 13 17 14
4 8 10 8
21 6 21 9
14 9 15 9
19 10 19 12
1 12 1 15
3 8 4 8
0 11 0 17
15 0 18 0
0 2 0 11
19 23 21 23
15 0 15 1
2 21 2 23
18 25 19 25
25 0 25 3
20 9 20 11
5 18 6 18
15 9 15 10
18 0 21 0
1 24 2 24
4 6 5 6
6 18 6 19
19 25 25 25
2 24 3 24
2 0 2 2
9 22 12 22
2 20 2 21
23 14 23 15
20 15 21 15
7 11 8 11
7 6 9 6
12 9 12 11
9 5 9 6
18 0 18 2
16 17 17 17
12 4 12 9
20 9 21 9
5 18 5 22
6 14 6 18
14 17 14 18
8 10 8 11
1 12 6 12
4 13 4 15
6 0 6 6
21 0 21 3
11 6 11 9
16 5 17 5
17 4 17 5
12 11 12 13
25 10 25 17
12 9 14 9
2 15 4 15
5 2 5 6
6 24 10 24
2 7 2 9
5 25 12 25
7 10 7 11
18 5 21 5
2 7 3 7
21 15 22 15
14 3 18 3
11 18 11 19
20 20 20 22
0 24 1 24
23 15 23 17
20 17 20 20
2 9 5 9
8 2 8 3
16 18 17 18
8 3 12 3
13 15 14 15
13 8 14 8
2 15 2 17
1 3 1 5
8 16 10 16
3 5 3 6
11 19 13 19
4 15 4 24
19 16 19 17
17 4 20 4
13 4 14 4
14 3 14 4
2 4 2 7
18 7 18 8
3 1 4 1
12 3 14 3
13 22 16 22
14 4 14 8
19 17 20 17
3 1 3 5
9 15 13 15
16 22 18 22
18 3 19 3
13 10 13 15
14 4 17 4
10 19 11 19
15 18 16 18
3 6 3 7
8 3 8 5
9 12 9 15
13 19 13 21
10 23 10 24
1 9 2 9
15 18 15 20
18 7 19 7
14 8 18 8
3 10 7 10
12 23 12 25
1 25 5 25
10 23 12 23
1 9 1 10
8 11 8 16
6 11 7 11
1 10 3 10
13 22 13 23
10 16 10 19
13 21 13 22
15 20 20 20
1 5 1 9
18 22 20 22
13 15 13 19
18 8 20 8
12 23 13 23
4 24 6 24
21 18 21 19
