320
17 10 16 10
17 17 17 18
10 34 11 34
1 27 1 26
9 35 9 34
5 3 6 3
15 9 15 8
11 5 10 5
25 11 25 10
32 33 31 33
35 18 35 17
9 6 10 6
7 15 8 15
26 9 26 8
32 11 32 12
18 6 19 6
2 0 3 0
3 0 3 1
3 3 2 3
34 16 33 16
29 35 28 35
25 0 24 0
23 10 24 10
16 12 16 11
27 31 27 30
34 35 34 34
34 17 33 17
11 18 12 18
14 27 13 27
34 25 34 26
17 1 18 1
28 30 29 30
18 28 18 27
29 21 29 22
21 26 20 26
17 8 18 8
27 22 27 21
20 26 19 26
25 10 25 9
2 12 2 13
16 23 17 23
23 21 23 20
33 22 33 21
31 33 30 33
10 9 11 9
32 16 32 17
33 16 33 15
3 1 3 2
34 34 34 33
33 30 34 30
35 14 35 15
33 32 33 33
25 2 26 2
20 27 19 27
28 8 29 8
23 1 23 2
18 27 18 26
30 8 30 9
7 25 7 24
16 3 17 3
11 34 12 34
25 3 25 2
27 3 27 4
8 33 8 34
19 7 19 8
30 28 29 28
5 15 6 15
15 25 14 25
1 28 2 28
15 11 14 11
27 21 28 21
28 19 28 20
8 15 8 14
8 34 7 34
0 25 0 26
16 17 16 18
13 9 13 10
17 28 16 28
24 18 25 18
30 33 30 32
7 24 8 24
31 14 31 15
11 9 11 10
29 19 29 20
12 24 12 25
5 22 4 22
21 21 21 20
19 5 19 4
29 33 30 33
0 30 0 29
1 31 1 32
22 26 22 25
10 5 9 5
19 13 19 12
28 31 27 31
33 11 32 11
0 17 1 17
21 20 22 20
32 28 31 28
12 18 13 18
22 25 21 25
8 25 9 25
26 11 26 10
16 28 16 27
23 20 24 20
3 2 3 3
23 30 22 30
19 1 19 2
18 33 18 34
18 26 17 26
8 14 9 14
10 21 11 21
26 2 27 2
26 3 25 3
24 25 24 26
6 17 7 17
20 6 20 5
33 28 32 28
18 11 18 12
7 14 7 13
14 14 14 13
25 18 26 18
9 15 8 15
30 19 30 20
13 18 13 17
27 31 27 32
32 28 32 29
19 9 20 9
6 15 6 14
19 12 19 11
21 25 20 25
32 17 32 18
2 17 2 18
30 3 31 3
17 21 16 21
13 21 12 21
6 3 6 4
34 1 34 2
35 17 34 17
32 11 31 11
10 12 11 12
13 10 12 10
7 17 7 18
28 35 27 35
25 9 26 9
32 18 33 18
17 19 18 19
16 8 17 8
33 17 32 17
34 23 35 23
33 18 34 18
22 6 21 6
26 31 27 31
6 5 7 5
24 20 24 19
17 26 17 25
22 29 21 29
6 16 6 17
34 32 35 32
32 17 32 18
19 26 18 26
33 31 33 32
6 21 7 21
13 14 14 14
9 34 8 34
4 17 4 16
34 33 34 32
24 10 25 10
8 6 9 6
9 14 10 14
32 32 32 33
12 9 13 9
12 27 12 26
20 5 19 5
35 15 34 15
9 24 9 23
7 22 8 22
34 15 34 16
15 16 14 16
28 4 28 5
18 1 18 2
12 5 12 4
19 34 19 33
2 11 2 12
3 3 4 3
27 30 28 30
18 26 18 25
28 5 27 5
27 2 27 3
6 4 6 5
24 2 24 1
17 8 17 9
13 17 14 17
14 25 14 26
31 11 30 11
1 29 2 29
19 8 19 9
16 11 15 11
20 25 20 26
34 16 33 16
32 34 31 34
30 11 29 11
19 16 19 15
7 34 7 33
3 34 3 35
27 4 26 4
25 31 26 31
18 4 18 3
20 31 20 30
20 26 19 26
4 16 4 15
34 2 34 3
32 4 32 3
22 5 22 4
26 28 25 28
25 10 25 11
27 12 27 11
33 15 34 15
34 17 33 17
19 19 19 20
10 27 10 26
25 14 25 15
33 20 33 19
19 9 18 9
18 12 18 13
7 5 7 4
16 10 16 11
16 27 15 27
33 17 33 18
4 3 5 3
19 26 18 26
21 0 21 1
15 27 14 27
12 21 12 22
9 6 9 7
6 17 5 17
13 13 13 12
17 11 18 11
7 23 7 22
14 26 13 26
10 15 9 15
34 18 34 17
5 3 6 3
3 20 3 21
27 26 28 26
27 11 26 11
28 15 28 14
2 12 3 12
7 22 6 22
16 9 16 10
17 9 17 10
27 31 27 30
18 26 17 26
24 22 23 22
8 17 7 17
24 19 24 18
31 34 31 33
27 5 26 5
18 9 17 9
22 28 22 27
16 11 16 12
31 33 31 32
17 25 16 25
3 12 3 13
26 5 25 5
29 13 29 14
4 15 5 15
31 32 31 31
5 15 6 15
3 21 4 21
31 31 32 31
33 16 33 17
4 10 3 10
18 25 17 25
5 14 5 15
28 10 27 10
7 17 6 17
0 29 1 29
5 7 4 7
9 23 8 23
16 25 15 25
9 7 9 8
28 9 28 8
13 8 14 8
31 35 30 35
19 6 20 6
0 18 0 17
25 28 26 28
13 3 12 3
4 21 5 21
5 21 5 20
27 30 27 29
27 29 28 29
17 26 16 26
17 25 16 25
32 33 31 33
14 27 14 26
21 1 20 1
5 32 6 32
15 25 14 25
13 28 14 28
9 8 9 9
9 9 10 9
20 1 20 2
6 14 5 14
27 23 27 22
23 13 24 13
6 15 6 14
24 14 23 14
5 20 6 20
34 3 33 3
8 23 7 23
2 15 3 15
3 13 3 14
32 12 32 13
17 34 17 35
7 23 7 22
31 6 32 6
33 1 34 1
11 35 12 35
179
17 9 17 10
32 26 34 26
12 30 12 34
11 10 12 10
5 24 8 24
1 13 2 13
14 25 16 25
2 29 2 32
16 25 16 26
22 27 22 30
8 22 12 22
26 11 29 11
1 13 1 17
0 26 1 26
32 26 32 29
17 27 19 27
10 9 13 9
12 22 12 25
1 24 5 24
34 17 34 19
8 24 8 29
18 8 18 11
20 30 22 30
19 4 19 5
2 13 5 13
26 8 27 8
14 14 22 14
6 17 6 20
8 22 8 24
8 34 12 34
12 26 12 28
20 30 20 33
9 5 19 5
28 20 28 21
16 4 19 4
32 22 34 22
27 27 28 27
22 20 28 20
1 26 4 26
16 33 16 34
18 34 18 35
24 0 34 0
16 12 26 12
28 20 29 20
13 12 14 12
6 20 6 22
6 14 6 17
14 14 14 16
15 11 18 11
27 32 30 32
13 16 13 19
3 35 7 35
35 20 35 21
16 33 17 33
6 32 7 32
5 19 5 24
12 34 16 34
24 0 24 1
1 17 3 17
17 33 19 33
17 18 17 22
19 20 22 20
27 32 27 35
12 10 12 20
31 3 31 12
24 1 27 1
29 3 31 3
16 1 16 2
19 33 20 33
26 9 30 9
5 14 6 14
13 26 14 26
17 23 17 27
34 20 35 20
16 2 16 4
33 17 33 18
22 15 22 20
27 1 27 3
10 20 11 20
13 1 16 1
32 2 33 2
9 12 9 13
10 35 12 35
19 25 19 27
19 20 19 25
29 3 29 4
20 33 20 34
26 8 26 9
14 11 14 12
34 15 34 17
29 22 32 22
25 23 25 25
34 19 34 20
3 17 3 22
10 9 10 10
34 22 34 24
21 5 21 6
22 30 24 30
20 6 21 6
33 32 34 32
19 25 25 25
14 25 14 26
14 17 19 17
25 25 27 25
7 33 7 35
21 5 25 5
8 29 8 32
5 13 7 13
32 18 32 22
34 21 35 21
1 29 1 32
28 29 32 29
21 6 23 6
26 16 26 18
32 30 32 31
19 27 22 27
20 3 20 6
1 24 1 26
13 12 13 16
30 32 33 32
25 3 25 5
25 11 26 11
13 9 17 9
10 10 10 14
10 25 12 25
12 26 13 26
14 12 16 12
34 24 34 26
32 1 32 2
13 16 14 16
16 1 24 1
32 18 33 18
13 27 17 27
13 19 13 26
7 13 9 13
2 33 7 33
10 14 10 20
5 17 5 19
6 14 10 14
12 20 12 22
29 11 29 12
3 14 5 14
15 8 18 8
6 5 9 5
6 3 6 5
16 18 17 18
27 3 27 8
2 32 2 33
20 2 20 3
17 22 17 23
14 16 14 17
9 5 9 12
26 12 26 16
18 11 19 11
19 5 19 11
29 12 29 14
3 17 5 17
13 9 13 12
31 15 34 15
27 27 27 32
26 30 26 31
8 32 8 34
6 22 7 22
25 5 25 11
32 1 34 1
19 32 19 33
32 29 32 30
27 3 29 3
33 27 33 32
34 1 35 1
26 18 32 18
27 25 27 27
7 32 7 33
31 26 32 26
31 12 31 15
26 11 26 12
7 35 10 35
1 29 2 29
24 18 26 18
