213
0 12 1 12
14 9 13 9
13 34 12 34
13 4 13 3
13 24 14 24
14 15 14 14
2 28 2 29
2 30 3 30
6 16 6 17
2 31 2 32
28 18 28 19
15 15 15 16
31 32 31 33
15 16 16 16
10 29 9 29
1 16 1 17
16 0 16 1
21 24 21 25
27 34 27 33
12 32 12 31
0 30 0 31
30 35 30 34
22 13 21 13
9 33 8 33
12 14 11 14
30 1 30 2
26 24 25 24
16 1 17 1
28 28 29 28
11 22 11 23
2 29 3 29
23 31 23 32
24 3 23 3
3 6 3 5
10 32 11 32
0 28 0 27
20 26 21 26
17 1 17 2
15 0 16 0
4 26 5 26
2 27 2 28
23 23 22 23
9 35 9 34
1 19 1 20
15 28 15 27
32 21 33 21
23 7 22 7
0 31 0 32
19 18 19 19
34 4 35 4
18 31 18 30
9 29 9 28
8 16 8 17
8 23 8 22
13 14 13 15
26 23 25 23
22 7 21 7
12 17 13 17
0 1 1 1
0 17 0 16
1 1 1 0
30 2 30 3
30 3 31 3
30 34 29 34
27 13 26 13
0 15 0 14
21 26 22 26
6 11 6 12
6 5 6 6
23 3 22 3
30 24 29 24
2 34 2 35
11 2 10 2
15 14 15 15
1 8 1 9
11 14 11 13
3 29 4 29
3 33 4 33
4 29 5 29
31 11 30 11
8 15 8 16
3 34 2 34
24 5 25 5
3 32 3 31
1 20 2 20
18 26 17 26
29 28 29 27
29 34 28 34
32 27 33 27
23 5 23 6
24 23 23 23
17 19 16 19
1 14 1 15
9 24 9 25
10 27 10 28
5 26 5 25
26 17 25 17
24 18 25 18
3 31 4 31
22 10 22 11
16 0 16 1
21 27 21 26
28 34 27 34
10 2 10 1
27 22 26 22
16 1 16 2
26 27 27 27
25 23 24 23
31 6 31 5
11 4 11 5
5 29 5 28
4 33 4 32
24 24 24 25
1 24 0 24
31 21 31 20
13 15 12 15
12 34 11 34
14 6 15 6
11 34 10 34
8 33 8 34
27 33 27 32
18 6 19 6
31 3 31 4
14 11 14 12
26 18 27 18
32 7 32 6
26 13 25 13
22 1 22 0
1 15 0 15
27 30 28 30
2 6 1 6
19 6 19 7
0 16 1 16
4 31 5 31
22 3 21 3
12 6 12 7
1 9 2 9
21 18 22 18
31 10 32 10
0 25 1 25
31 4 32 4
6 32 5 32
35 12 34 12
3 35 3 34
13 3 13 2
24 13 23 13
35 11 35 10
6 33 5 33
34 25 35 25
0 32 0 33
3 30 3 31
2 13 1 13
21 3 21 2
4 19 5 19
14 7 14 6
10 1 9 1
2 20 2 21
9 18 10 18
9 28 9 27
11 18 12 18
11 5 10 5
25 13 24 13
3 20 4 20
31 8 31 9
21 11 21 10
4 34 4 35
3 31 3 32
22 26 22 27
22 11 21 11
23 24 24 24
12 18 12 19
20 23 20 22
0 33 1 33
6 26 5 26
14 6 14 5
4 11 4 10
16 16 16 17
10 0 10 1
13 8 14 8
11 19 11 18
5 28 6 28
12 31 13 31
7 26 6 26
19 4 19 5
11 20 10 20
5 31 6 31
3 32 3 33
2 21 3 21
27 25 28 25
24 13 24 14
26 21 26 20
29 27 30 27
13 31 13 30
4 35 3 35
1 32 1 31
3 7 3 8
13 30 13 29
0 24 0 23
23 25 23 26
4 10 4 9
3 23 2 23
10 10 9 10
33 23 33 24
34 31 33 31
31 2 32 2
14 5 13 5
5 25 4 25
2 18 1 18
24 14 23 14
24 8 23 8
33 27 33 26
3 21 4 21
19 19 20 19
187
0 27 0 35
9 0 9 1
31 29 35 29
11 32 11 33
24 12 27 12
12 15 12 19
5 26 6 26
32 28 34 28
29 24 29 25
9 34 10 34
12 19 12 20
29 25 31 25
4 32 5 32
27 27 30 27
27 32 34 32
23 18 23 23
12 12 12 15
0 22 3 22
6 29 6 31
27 32 27 34
10 5 13 5
0 27 5 27
21 11 21 13
4 8 4 9
33 22 33 24
10 5 10 8
33 21 33 22
0 22 0 23
21 2 21 7
6 19 10 19
19 25 21 25
6 31 6 34
19 5 19 7
31 9 31 12
23 32 27 32
32 14 32 15
31 28 31 29
14 8 14 12
9 27 9 31
27 3 32 3
10 19 12 19
13 2 13 5
9 31 9 34
1 33 3 33
5 12 6 12
5 27 5 32
19 7 20 7
12 22 17 22
4 20 5 20
24 22 25 22
12 20 12 22
0 15 0 18
5 27 9 27
31 9 32 9
25 22 25 24
23 23 23 26
10 18 10 19
21 13 23 13
32 10 35 10
20 19 20 22
20 7 21 7
0 18 0 22
30 0 31 0
21 13 21 19
13 29 17 29
1 6 6 6
11 9 11 13
35 4 35 5
21 26 21 28
20 7 20 13
16 2 17 2
21 19 21 25
3 13 5 13
29 19 29 24
0 23 0 27
14 4 14 8
16 8 16 17
20 13 21 13
28 24 28 25
25 18 27 18
5 13 11 13
1 13 1 16
7 23 11 23
12 20 13 20
4 21 4 25
30 11 30 18
22 27 22 30
1 16 7 16
7 16 8 16
17 2 21 2
13 18 16 18
4 8 9 8
25 18 25 22
1 6 1 12
21 25 21 26
5 19 6 19
30 21 33 21
22 32 23 32
24 24 25 24
27 18 30 18
6 28 6 29
0 35 2 35
6 34 6 35
1 0 9 0
19 8 19 16
24 12 24 15
28 25 29 25
10 28 11 28
18 8 19 8
17 26 21 26
0 18 1 18
13 2 16 2
4 21 7 21
17 26 17 29
25 17 25 18
23 13 23 14
35 25 35 29
9 8 10 8
11 28 11 32
9 0 17 0
6 35 11 35
32 9 32 10
5 34 6 34
18 30 22 30
6 6 8 6
11 32 22 32
16 17 17 17
5 26 5 27
16 18 16 19
18 8 18 14
7 21 7 23
1 13 3 13
11 15 12 15
32 4 35 4
33 14 34 14
11 8 11 9
16 8 18 8
14 8 16 8
33 22 34 22
20 19 21 19
34 14 34 16
5 19 5 20
16 25 19 25
13 17 13 18
3 25 4 25
1 0 1 6
11 28 16 28
27 27 27 32
24 6 32 6
3 33 3 34
22 6 23 6
4 25 9 25
27 18 27 27
23 6 24 6
13 18 13 19
31 25 31 28
31 28 32 28
27 12 27 18
21 26 23 26
6 34 8 34
11 23 11 28
34 16 34 22
35 10 35 25
22 12 24 12
11 8 14 8
22 6 22 12
24 0 24 6
16 17 16 18
12 15 15 15
1 18 10 18
32 4 32 6
22 0 22 6
33 24 33 26
4 9 8 9
3 34 5 34
2 32 4 32
17 0 22 0
11 33 11 35
23 23 24 23
14 4 20 4
30 18 30 21
5 12 5 13
1 12 1 13
8 30 8 34
2 9 4 9
22 27 27 27
17 22 20 22
