112
17 7 16 7
6 3 5 3
17 17 17 16
22 3 22 4
5 25 6 25
33 5 33 4
8 34 8 33
0 16 1 16
1 31 0 31
0 26 1 26
30 3 31 3
25 18 26 18
17 12 18 12
1 16 2 16
1 28 2 28
33 10 33 11
31 0 32 0
3 27 4 27
31 33 32 33
25 24 25 23
19 34 19 33
1 22 2 22
1 20 2 20
15 31 15 32
25 31 25 30
2 10 2 11
18 21 18 20
11 24 11 25
10 33 10 34
1 8 2 8
23 8 23 7
6 0 6 1
1 10 1 11
26 34 26 33
9 31 9 30
14 9 14 8
15 19 15 18
7 16 6 16
23 4 24 4
19 5 18 5
31 20 31 21
22 18 23 18
4 12 4 11
3 25 4 25
25 9 25 10
3 30 3 31
6 16 6 17
30 0 30 1
31 16 31 17
10 27 9 27
25 10 25 11
14 5 14 6
14 13 14 14
9 22 8 22
5 20 5 19
0 27 1 27
18 26 18 27
27 25 27 26
29 17 28 17
5 31 6 31
21 6 22 6
9 33 10 33
14 24 15 24
22 20 22 19
3 19 2 19
10 30 10 29
16 28 16 27
34 21 34 20
13 0 12 0
34 17 34 16
33 4 32 4
14 14 15 14
2 20 3 20
31 17 32 17
1 27 2 27
5 29 6 29
17 16 17 15
11 22 12 22
26 33 25 33
24 4 24 3
20 8 19 8
32 4 31 4
2 27 3 27
9 27 8 27
7 12 7 13
2 22 3 22
27 26 27 27
31 15 31 16
2 8 2 9
29 19 30 19
28 1 28 2
4 15 4 16
31 19 31 20
3 8 4 8
23 0 23 1
8 22 7 22
2 16 3 16
6 17 6 18
21 24 21 23
17 15 16 15
8 12 9 12
23 12 23 11
31 16 31 17
18 30 18 29
16 15 16 14
23 7 23 6
5 3 5 4
15 3 15 2
3 31 2 31
8 5 8 6
33 11 34 11
16 14 16 13
188
12 28 12 31
2 31 2 33
6 25 6 29
15 32 17 32
24 3 31 3
31 3 31 4
32 16 34 16
17 19 18 19
27 12 28 12
13 18 15 18
2 19 2 21
31 26 31 30
10 31 10 33
27 23 27 27
23 3 24 3
15 20 15 24
12 0 15 0
3 22 7 22
34 11 34 12
17 32 19 32
10 29 10 31
0 3 0 6
5 30 5 34
25 30 31 30
33 3 33 9
15 14 17 14
27 16 32 16
12 28 13 28
3 10 4 10
5 0 5 4
4 8 4 10
2 28 4 28
16 5 17 5
28 2 31 2
20 24 23 24
23 18 23 20
12 1 14 1
4 25 6 25
8 10 8 11
3 4 5 4
31 17 31 20
11 4 18 4
17 13 17 14
13 28 17 28
2 11 2 19
4 16 4 19
0 31 2 31
31 2 31 3
17 28 17 32
17 14 32 14
6 18 10 18
14 15 14 16
6 29 6 31
17 9 17 13
20 12 27 12
3 16 4 16
31 6 31 11
25 23 27 23
18 27 19 27
15 0 15 2
15 14 15 15
6 31 6 33
3 27 4 27
9 5 16 5
9 9 9 12
17 5 17 9
2 28 2 31
15 24 19 24
20 11 20 12
3 22 3 27
28 17 28 21
19 32 19 33
19 27 19 32
3 16 3 20
30 26 31 26
33 1 33 3
12 15 14 15
14 32 15 32
19 27 27 27
25 0 32 0
4 28 5 28
17 14 17 19
25 30 25 33
32 20 34 20
34 12 34 16
7 1 7 3
8 21 8 27
32 14 32 16
30 26 30 29
30 25 30 26
12 0 12 1
15 6 15 9
7 1 12 1
0 9 1 9
7 34 10 34
7 30 7 34
18 4 19 4
0 29 0 31
4 11 5 11
31 11 34 11
24 18 26 18
4 25 4 27
0 6 0 9
32 1 33 1
32 1 32 5
5 16 5 19
13 16 14 16
1 11 2 11
6 29 10 29
32 0 32 1
10 31 12 31
9 4 11 4
3 20 15 20
26 4 30 4
12 27 16 27
8 27 11 27
4 10 8 10
5 16 13 16
26 21 28 21
31 20 32 20
25 21 25 23
23 6 23 11
26 18 26 21
5 34 7 34
30 4 30 5
15 9 16 9
23 11 25 11
32 33 32 34
29 21 29 28
28 21 29 21
23 24 23 25
34 7 34 9
28 21 28 24
2 21 2 28
10 18 13 18
22 4 26 4
19 24 19 27
19 4 22 4
27 17 28 17
9 9 15 9
19 6 19 8
12 22 12 27
15 15 15 18
10 34 32 34
34 20 34 28
0 15 0 25
15 9 15 13
5 12 9 12
23 18 24 18
15 18 15 20
9 28 12 28
0 0 5 0
5 4 9 4
16 11 16 13
5 28 5 30
16 9 16 11
30 19 30 25
33 9 34 9
2 21 8 21
32 20 32 33
3 34 5 34
11 27 12 27
32 33 34 33
19 33 25 33
24 16 24 18
23 20 23 24
5 0 10 0
2 9 3 9
2 11 4 11
28 17 31 17
31 4 31 6
10 13 15 13
0 9 0 11
0 25 0 29
3 4 3 9
18 20 23 20
28 12 34 12
2 9 2 11
28 24 28 26
22 6 23 6
19 4 19 6
7 30 9 30
5 12 5 16
5 11 5 12
18 27 18 29
19 0 25 0
19 0 19 4
22 4 22 6
