240
17 12 17 11
7 15 7 14
13 3 12 3
13 5 13 4
20 6 20 7
3 18 3 19
16 12 17 12
8 11 8 12
6 10 5 10
17 3 17 4
1 7 0 7
8 10 8 11
16 8 16 7
4 7 3 7
17 2 17 3
10 5 11 5
16 16 16 17
19 6 20 6
10 17 10 16
1 8 0 8
6 9 6 10
3 17 3 18
9 17 10 17
15 16 16 16
19 9 20 9
14 16 15 16
10 6 10 5
7 2 6 2
0 3 0 2
16 16 17 16
18 2 17 2
9 16 9 17
2 17 2 16
9 2 10 2
15 8 16 8
6 5 5 5
14 3 13 3
9 17 8 17
16 14 16 15
4 17 3 17
4 6 4 7
15 9 15 8
14 9 15 9
7 10 8 10
13 16 14 16
1 3 0 3
2 18 2 17
2 0 3 0
13 9 14 9
2 6 2 7
9 18 9 17
19 2 18 2
2 7 1 7
19 1 19 2
8 16 9 16
9 3 9 2
16 11 16 12
13 1 13 0
7 3 7 2
6 15 7 15
8 3 9 3
8 4 8 3
17 11 16 11
8 18 9 18
16 13 16 14
2 2 1 2
13 6 13 5
14 1 13 1
15 3 14 3
7 11 7 10
7 5 6 5
7 12 7 11
19 0 19 1
12 6 13 6
7 4 8 4
13 17 13 16
18 17 19 17
12 17 13 17
2 8 2 7
5 15 6 15
14 2 14 1
0 16 0 17
15 16 16 16
10 7 10 6
18 0 19 0
6 10 6 11
13 8 13 9
8 19 8 18
8 15 8 16
5 10 5 9
14 8 13 8
11 7 10 7
17 0 18 0
7 13 7 12
3 6 4 6
6 3 7 3
15 2 15 3
17 1 17 0
7 3 7 4
12 16 12 17
18 9 19 9
16 1 17 1
7 10 6 10
5 9 6 9
4 10 5 10
4 11 4 10
18 11 17 11
2 1 2 0
11 8 11 7
7 6 7 5
18 7 18 8
4 9 5 9
8 3 7 3
3 1 2 1
16 0 16 1
7 15 8 15
8 6 7 6
9 6 8 6
16 12 16 13
15 1 15 2
15 17 15 16
8 13 7 13
4 10 4 9
17 0 16 0
11 6 12 6
5 16 5 15
4 12 4 11
2 3 1 3
12 8 11 8
18 6 19 6
16 11 16 12
9 7 9 6
1 7 1 8
14 17 15 17
18 10 18 11
2 19 2 18
6 4 6 3
3 5 3 6
9 13 8 13
4 16 5 16
3 12 4 12
1 16 0 16
9 3 8 3
3 11 3 12
4 15 4 16
10 13 9 13
7 16 7 15
9 4 9 3
11 13 10 13
3 4 3 5
2 4 2 3
14 18 14 17
4 11 4 10
14 19 14 18
18 16 18 17
2 9 2 8
11 16 12 16
3 10 3 11
14 20 14 19
11 7 11 6
4 10 3 10
14 9 14 8
17 9 18 9
19 10 18 10
14 3 14 2
3 11 4 11
15 11 16 11
12 9 12 8
11 15 11 16
7 17 7 16
3 0 3 1
17 6 18 6
5 4 6 4
1 19 2 19
11 9 12 9
16 6 17 6
17 10 17 9
4 14 4 15
6 4 5 4
11 10 11 9
17 11 17 10
11 14 11 13
13 3 14 3
4 9 4 10
0 19 1 19
0 18 0 19
14 11 15 11
19 11 19 10
5 14 4 14
13 11 14 11
17 7 18 7
13 2 13 3
17 1 17 0
5 17 4 17
5 16 5 17
12 2 13 2
19 12 19 11
6 16 5 16
11 11 11 10
0 17 0 18
2 16 1 16
12 11 11 11
9 19 8 19
12 14 11 14
12 12 12 11
16 11 17 11
12 1 12 2
12 0 12 1
2 0 3 0
19 16 19 15
1 0 2 0
15 11 16 11
0 0 1 0
5 9 4 9
11 0 12 0
6 15 6 16
6 5 6 4
13 12 12 12
2 15 2 16
2 7 1 7
5 15 6 15
12 11 13 11
7 9 7 10
1 6 2 6
6 14 5 14
3 15 2 15
20 12 19 12
15 6 16 6
11 1 11 0
14 6 15 6
20 11 20 12
6 13 6 14
12 15 11 15
0 1 0 0
18 15 18 16
4 9 5 9
1 1 0 1
7 5 6 5
6 14 6 13
6 15 6 14
158
1 19 2 19
12 16 13 16
4 11 5 11
7 14 7 15
0 7 0 8
15 9 15 10
2 17 2 18
14 2 15 2
6 11 7 11
18 5 18 6
16 13 16 14
12 9 12 10
0 4 0 5
15 12 16 12
7 7 7 8
12 9 13 9
0 3 0 4
10 16 10 17
2 12 3 12
1 10 1 11
18 4 19 4
9 1 10 1
17 15 17 16
11 10 12 10
14 2 14 3
16 16 17 16
6 13 6 14
18 8 18 9
13 2 14 2
4 15 7 15
17 12 17 13
19 15 20 15
20 13 20 14
13 8 14 8
12 12 12 13
13 0 14 0
8 9 8 10
20 12 20 13
15 9 16 9
11 16 12 16
5 13 6 13
17 3 18 3
17 14 17 15
19 6 20 6
2 16 3 16
2 15 4 15
0 11 1 11
2 12 2 13
18 4 18 5
5 4 5 5
14 10 15 10
12 1 13 1
5 3 5 4
8 1 9 1
8 7 8 8
3 9 3 10
5 8 5 9
16 12 16 13
13 19 14 19
9 17 10 17
12 7 12 8
8 7 10 7
3 7 3 8
18 9 18 10
14 5 15 5
9 18 10 18
12 0 12 1
17 11 17 12
3 1 3 2
17 12 18 12
19 0 19 1
10 12 10 13
2 11 2 12
5 5 6 5
18 6 19 6
9 18 9 20
6 5 8 5
20 14 20 15
5 9 6 9
11 18 12 18
18 12 19 12
18 1 19 1
12 18 13 18
1 11 2 11
8 8 8 9
6 14 7 14
8 1 8 2
16 9 16 10
1 5 1 7
2 17 3 17
8 10 9 10
1 2 3 2
2 15 2 16
1 18 1 19
18 2 18 3
10 7 12 7
11 19 11 20
18 1 18 2
3 9 5 9
13 18 13 19
3 8 3 9
15 10 15 12
10 16 11 16
1 2 1 3
8 14 8 15
5 11 6 11
16 1 18 1
8 17 8 18
11 13 12 13
12 10 12 12
17 6 17 8
1 4 1 5
10 6 10 7
18 11 18 12
12 13 12 16
5 17 5 18
8 18 9 18
14 8 15 8
8 5 9 5
1 7 3 7
18 10 18 11
8 4 10 4
12 17 12 18
8 16 8 17
6 17 8 17
8 15 8 16
1 4 4 4
17 8 18 8
6 4 7 4
2 16 2 17
17 3 17 4
16 14 17 14
3 10 3 12
0 18 1 18
16 8 17 8
8 13 8 14
7 4 8 4
17 5 17 6
15 8 16 8
13 9 15 9
10 4 10 5
7 1 8 1
17 4 17 5
8 3 8 4
1 0 1 2
1 3 1 4
5 11 5 13
12 8 13 8
5 17 6 17
14 1 16 1
14 5 14 7
18 8 19 8
6 9 8 9
17 15 19 15
16 11 17 11
10 5 10 6
10 18 11 18
13 1 14 1
