110
30 2 29 2
13 7 12 7
24 31 24 30
16 1 15 1
19 30 20 30
16 16 16 17
18 2 18 1
8 9 8 10
11 24 11 23
16 7 16 6
27 1 27 2
29 18 29 17
3 23 3 24
0 8 1 8
10 1 11 1
24 26 24 27
11 23 12 23
21 11 20 11
0 26 0 27
10 4 11 4
7 7 7 8
3 24 4 24
8 16 8 17
17 20 17 19
16 0 16 1
10 11 11 11
9 1 9 2
10 21 10 20
27 13 26 13
8 8 8 9
30 12 30 11
30 11 29 11
3 19 3 18
24 12 25 12
14 8 14 9
29 11 28 11
15 1 14 1
12 31 12 30
3 29 3 30
2 23 2 24
28 29 28 30
15 17 15 16
16 25 16 26
29 17 28 17
23 27 23 26
24 7 24 8
16 26 15 26
5 18 5 19
27 2 26 2
17 17 17 18
4 1 5 1
9 21 9 20
13 5 14 5
16 11 16 10
15 4 14 4
31 25 30 25
2 27 2 28
20 16 19 16
10 0 10 1
16 23 17 23
9 20 9 19
1 2 1 1
23 18 23 17
31 21 31 20
8 12 8 13
20 24 19 24
15 16 15 15
1 29 2 29
8 3 7 3
8 17 8 18
6 16 5 16
1 1 1 0
9 19 10 19
9 30 10 30
0 27 0 28
9 2 9 3
13 26 12 26
19 10 19 11
15 0 15 1
30 27 30 28
19 9 19 8
19 24 18 24
10 19 11 19
27 22 28 22
5 4 6 4
19 14 19 15
12 23 13 23
22 4 22 3
28 23 27 23
28 22 28 21
11 31 11 30
18 24 17 24
9 3 10 3
11 4 12 4
27 11 27 12
3 1 4 1
24 2 24 3
22 23 21 23
12 27 11 27
4 4 3 4
13 23 14 23
3 20 3 21
19 8 20 8
1 20 2 20
19 16 18 16
5 25 6 25
29 2 28 2
13 29 14 29
14 1 14 2
23 19 22 19
190
11 14 15 14
5 11 11 11
4 29 4 30
15 14 15 15
6 3 7 3
2 2 10 2
17 10 21 10
30 3 30 13
11 18 11 19
30 28 31 28
7 23 7 24
3 10 3 12
4 14 4 17
17 6 17 8
29 15 29 20
24 27 31 27
2 29 2 31
3 18 6 18
22 3 22 5
20 1 22 1
22 27 24 27
25 10 25 12
11 18 12 18
20 1 20 8
15 30 20 30
6 30 10 30
31 28 31 31
4 30 6 30
25 12 27 12
6 28 6 30
2 31 13 31
26 30 28 30
28 21 29 21
2 17 2 20
22 2 26 2
13 31 15 31
7 8 9 8
13 13 15 13
17 13 17 16
11 14 11 17
7 25 10 25
26 1 26 2
17 10 17 13
25 6 27 6
17 19 22 19
17 8 20 8
30 28 30 30
11 6 12 6
14 15 15 15
26 13 26 17
17 18 18 18
8 14 11 14
27 12 27 15
14 10 16 10
11 6 11 9
11 11 11 14
8 10 14 10
23 23 27 23
14 19 14 23
11 19 14 19
17 23 17 24
5 8 7 8
31 27 31 28
5 8 5 11
7 3 7 8
9 6 9 8
17 18 17 19
6 3 6 4
7 3 10 3
29 14 29 15
12 20 12 26
17 19 17 23
4 14 8 14
28 30 30 30
27 3 30 3
24 24 29 24
3 12 3 13
3 10 4 10
14 0 14 2
10 2 10 3
11 0 14 0
2 29 4 29
4 22 8 22
14 19 17 19
17 13 18 13
16 6 17 6
15 13 17 13
4 13 8 13
20 29 20 30
27 15 29 15
11 20 12 20
7 24 7 25
15 23 15 24
12 2 14 2
3 13 3 18
10 2 11 2
11 17 11 18
24 8 24 9
15 12 15 13
20 31 22 31
30 1 30 3
15 13 15 14
23 17 25 17
6 15 6 18
3 7 3 8
14 9 14 10
29 21 29 22
24 8 25 8
5 0 5 1
24 3 24 8
28 13 29 13
27 6 28 6
21 10 21 13
18 23 21 23
20 30 24 30
12 26 15 26
29 22 29 24
8 18 8 22
31 20 31 23
26 2 28 2
16 17 18 17
6 18 8 18
29 13 29 14
25 6 25 8
24 28 24 30
12 28 12 30
10 20 11 20
27 15 27 16
17 8 17 10
14 2 14 4
11 30 12 30
22 1 24 1
29 20 31 20
15 26 15 27
14 6 16 6
10 18 10 20
25 10 26 10
21 3 22 3
15 26 18 26
10 25 10 30
1 0 5 0
2 24 4 24
2 24 2 28
3 8 3 10
29 13 30 13
3 13 4 13
13 17 16 17
18 16 18 17
3 4 3 7
21 23 23 23
14 0 28 0
5 0 11 0
20 30 20 31
21 10 25 10
12 26 12 28
24 30 25 30
9 4 12 4
18 23 18 26
18 1 20 1
12 4 14 4
31 23 31 27
28 0 28 2
4 22 4 24
18 17 23 17
11 9 14 9
12 4 12 6
23 17 23 23
22 3 24 3
14 5 14 6
25 17 26 17
12 6 12 7
1 8 1 10
14 24 15 24
23 31 31 31
15 24 15 26
1 10 3 10
26 17 28 17
12 30 15 30
28 6 28 11
28 17 28 21
8 18 10 18
18 26 20 26
21 21 21 23
14 12 15 12
0 28 2 28
15 27 19 27
22 2 22 3
1 0 1 8
24 28 27 28
18 16 22 16
