320
4 10 3 10
25 20 24 20
8 26 9 26
0 25 1 25
9 37 9 38
9 20 9 21
34 1 33 1
20 27 21 27
27 33 27 32
19 6 20 6
17 33 16 33
6 31 6 30
35 23 36 23
29 26 29 27
5 24 6 24
31 11 32 11
19 32 20 32
14 31 15 31
10 12 10 11
36 15 36 14
20 35 20 34
6 34 6 33
6 30 5 30
0 21 1 21
6 12 7 12
31 15 32 15
37 10 37 9
22 36 22 35
37 9 36 9
29 27 29 28
8 22 9 22
4 36 5 36
7 7 6 7
25 1 25 2
36 32 36 31
1 7 1 8
22 0 23 0
8 8 7 8
31 25 30 25
36 14 36 13
31 7 32 7
33 33 32 33
2 19 3 19
36 13 35 13
8 31 8 32
3 11 4 11
3 10 3 11
23 0 24 0
24 20 23 20
36 9 35 9
16 33 16 32
30 21 30 22
31 23 32 23
21 8 21 7
9 12 10 12
16 37 17 37
10 3 10 2
8 1 7 1
10 0 10 1
15 19 15 20
2 17 1 17
9 38 10 38
32 15 33 15
24 4 25 4
19 35 19 34
4 38 4 37
25 2 25 3
10 38 11 38
9 32 9 31
21 30 21 31
4 13 3 13
25 3 26 3
36 22 35 22
23 13 24 13
36 38 35 38
26 3 27 3
20 16 19 16
7 31 7 30
19 33 20 33
31 12 31 11
2 7 1 7
26 24 26 25
31 28 31 29
18 32 18 31
4 14 4 15
7 34 7 33
3 27 3 28
36 16 35 16
22 17 22 18
19 15 20 15
35 32 35 33
17 37 17 36
4 11 4 10
24 32 24 33
2 4 1 4
15 31 15 30
29 28 29 29
8 27 8 26
35 38 35 37
29 29 29 30
29 30 30 30
24 5 25 5
13 26 12 26
22 37 22 36
26 4 26 3
10 2 9 2
7 36 8 36
12 33 12 34
22 36 23 36
26 33 26 34
38 26 38 25
10 1 9 1
4 4 4 3
35 12 34 12
38 23 37 23
27 3 28 3
35 2 34 2
36 10 35 10
32 14 32 13
27 27 27 26
35 10 34 10
18 11 18 10
25 27 25 26
5 30 4 30
18 31 18 30
2 9 1 9
33 15 34 15
11 38 12 38
16 32 16 31
9 1 8 1
23 19 23 18
22 38 22 37
19 31 20 31
25 7 25 6
33 0 34 0
32 37 31 37
33 14 34 14
26 37 26 36
12 38 12 37
7 3 8 3
24 0 25 0
25 6 26 6
26 25 26 26
7 2 7 3
35 28 36 28
16 36 16 37
31 37 31 36
11 13 10 13
28 3 28 4
6 24 7 24
26 6 27 6
6 32 5 32
31 36 31 35
19 37 20 37
31 35 30 35
12 37 13 37
13 37 13 36
32 7 33 7
9 29 8 29
28 19 29 19
30 35 29 35
13 29 13 28
20 37 20 36
1 21 1 20
20 36 20 35
17 21 17 20
29 35 29 34
10 4 10 5
37 18 38 18
27 26 27 25
25 25 24 25
16 31 16 30
3 16 4 16
24 19 24 20
21 31 21 32
21 7 22 7
24 13 24 14
22 7 22 8
1 20 1 19
22 18 21 18
34 15 35 15
25 4 25 3
25 33 25 34
37 23 37 22
7 11 6 11
0 24 0 23
4 30 3 30
22 8 22 9
20 31 21 31
22 9 23 9
23 9 24 9
24 9 24 10
5 32 4 32
20 35 19 35
24 10 25 10
11 9 11 10
9 11 9 10
25 10 26 10
25 5 26 5
38 25 38 24
35 13 35 12
4 32 4 33
34 13 33 13
10 18 9 18
34 12 34 13
38 17 37 17
16 14 16 15
24 14 24 15
24 12 24 13
30 14 29 14
31 3 31 4
21 18 21 19
16 30 16 29
19 34 19 33
19 33 19 32
8 26 8 25
15 20 15 21
24 15 25 15
17 32 16 32
37 22 37 21
18 30 18 29
26 5 27 5
5 13 4 13
31 26 31 25
26 7 26 8
26 10 27 10
7 24 8 24
21 32 21 33
34 10 33 10
31 21 31 20
38 24 38 23
35 12 34 12
0 23 1 23
26 34 27 34
14 3 14 4
27 10 28 10
24 11 24 10
1 17 1 16
3 34 3 35
8 25 7 25
15 21 15 22
19 30 18 30
15 22 16 22
35 22 35 21
16 22 16 23
17 20 16 20
7 5 8 5
25 34 26 34
3 35 4 35
35 37 35 36
16 23 16 24
20 10 20 9
23 36 23 35
8 4 9 4
16 24 15 24
35 36 35 35
15 24 15 25
21 31 21 32
34 12 33 12
18 30 17 30
5 9 5 10
8 24 8 25
28 16 27 16
19 32 18 32
37 37 38 37
2 16 2 17
24 18 24 19
22 37 22 36
11 10 12 10
23 15 24 15
32 9 33 9
8 25 8 26
12 26 12 27
35 35 34 35
34 35 33 35
26 26 26 27
30 29 29 29
29 34 29 33
25 15 26 15
12 10 13 10
13 10 13 11
20 32 19 32
22 36 21 36
33 35 33 34
33 34 33 33
10 22 11 22
21 33 21 34
21 32 21 33
30 30 30 31
4 35 5 35
35 16 34 16
33 33 33 32
33 32 34 32
21 36 21 35
29 33 28 33
5 35 6 35
26 21 25 21
21 19 21 20
34 14 34 15
29 23 28 23
26 15 27 15
23 37 23 36
3 4 2 4
1 34 1 33
34 32 34 31
28 33 28 32
28 23 27 23
34 31 34 30
27 15 28 15
27 25 28 25
37 32 37 31
34 30 35 30
6 35 6 36
5 10 5 11
35 31 35 32
15 25 15 26
14 4 13 4
21 20 21 21
4 13 4 14
23 36 22 36
180
7 25 16 25
1 16 1 19
23 10 24 10
3 28 13 28
34 7 34 13
7 30 7 33
4 33 6 33
25 3 26 3
20 8 26 8
23 18 23 20
19 20 19 22
7 21 9 21
14 14 19 14
24 10 24 13
8 1 8 3
31 25 35 25
19 35 21 35
31 20 31 25
7 10 9 10
1 19 3 19
34 0 34 2
7 3 7 8
9 18 9 21
27 32 28 32
36 23 38 23
3 19 3 28
34 3 34 6
36 31 36 33
13 4 16 4
4 33 4 37
23 10 23 18
2 10 4 10
34 2 34 3
16 25 16 29
13 28 13 31
19 32 19 35
34 2 36 2
18 32 19 32
24 13 26 13
33 13 33 16
3 28 3 30
19 32 27 32
16 20 19 20
36 1 36 2
35 15 35 21
9 26 11 26
21 27 26 27
4 10 7 10
21 34 26 34
29 24 29 29
36 17 37 17
9 21 9 22
10 11 13 11
30 12 30 22
26 3 26 8
26 3 30 3
9 2 9 4
9 15 9 18
4 10 4 14
7 21 7 25
1 16 4 16
9 22 11 22
1 19 1 23
13 36 17 36
13 34 13 36
12 34 13 34
36 28 36 30
18 29 21 29
7 26 8 26
34 6 34 7
10 11 10 12
19 14 19 16
7 8 11 8
13 4 13 11
18 29 18 32
31 25 31 29
28 4 28 5
35 9 35 15
24 21 24 25
28 10 28 15
9 18 11 18
19 10 19 14
11 35 11 37
3 30 7 30
21 33 21 34
16 20 16 25
5 12 5 14
4 15 9 15
4 14 4 15
6 33 7 33
5 14 8 14
34 15 35 15
4 15 4 16
26 36 29 36
16 29 18 29
5 11 5 12
7 3 8 3
18 10 19 10
19 20 23 20
1 33 3 33
32 6 34 6
30 12 33 12
1 23 1 25
36 31 37 31
8 32 12 32
7 8 7 10
8 29 8 32
15 30 17 30
28 22 28 25
32 13 33 13
33 7 33 9
38 21 38 23
36 23 36 28
19 10 23 10
32 6 32 11
27 5 27 6
28 22 30 22
23 18 27 18
1 33 1 35
28 5 28 10
26 13 26 17
37 30 37 31
0 26 1 26
33 31 33 36
2 4 2 10
7 10 7 12
8 11 8 14
21 21 24 21
29 29 31 29
30 31 33 31
21 27 21 29
30 31 30 33
14 30 15 30
8 3 8 5
20 6 20 8
35 21 37 21
6 36 8 36
11 17 11 18
21 29 29 29
35 25 35 30
10 12 10 13
21 33 24 33
24 33 30 33
34 13 34 15
4 3 4 7
15 26 15 30
8 32 8 36
1 26 1 33
4 37 11 37
14 11 14 14
30 3 34 3
33 9 33 10
32 13 32 18
37 17 37 21
27 5 28 5
12 32 12 34
22 36 26 36
8 26 9 26
17 36 19 36
33 10 33 12
25 0 25 3
31 18 32 18
37 31 37 38
26 8 26 13
33 16 33 23
24 25 28 25
33 31 36 31
33 23 36 23
33 12 33 13
28 15 28 22
36 30 36 31
33 16 34 16
17 30 17 36
3 3 4 3
26 34 26 36
11 26 15 26
9 4 13 4
15 30 15 33
19 36 22 36
8 11 10 11
