327
40 28 40 27
15 31 16 31
22 16 22 17
39 11 38 11
8 24 8 25
22 4 22 5
39 3 39 4
43 22 42 22
10 36 10 37
8 25 9 25
24 33 24 32
4 36 3 36
11 18 11 19
11 19 12 19
16 1 16 2
18 3 18 4
9 25 10 25
30 7 30 6
14 25 15 25
35 12 35 11
18 4 18 5
16 31 17 31
5 10 5 9
13 4 14 4
12 19 12 20
36 19 35 19
27 19 27 18
26 29 26 30
28 18 28 19
32 13 32 12
2 42 1 42
16 2 17 2
9 15 10 15
10 25 11 25
12 20 12 21
9 18 9 17
42 13 41 13
22 29 22 30
18 0 19 0
2 40 2 41
18 5 18 6
2 11 2 10
39 4 40 4
16 18 15 18
8 44 8 43
15 9 15 8
42 22 41 22
27 37 26 37
22 5 22 6
37 23 36 23
8 9 7 9
18 6 18 7
38 11 37 11
21 12 21 11
24 29 24 28
7 37 6 37
3 30 3 31
40 27 39 27
21 16 22 16
40 34 40 35
19 21 20 21
6 5 5 5
0 3 1 3
41 43 42 43
33 29 32 29
0 11 1 11
2 41 2 42
20 19 21 19
2 10 3 10
43 20 43 21
18 27 18 28
8 43 8 42
37 11 37 12
35 19 35 20
41 44 41 43
43 21 43 22
28 10 28 9
19 36 20 36
41 22 40 22
4 15 4 16
15 33 15 32
29 23 28 23
39 20 38 20
6 7 7 7
13 27 13 26
15 8 15 7
40 4 41 4
10 20 11 20
21 11 21 10
18 7 18 8
22 43 23 43
9 19 9 18
3 9 2 9
35 20 34 20
19 10 19 9
26 30 25 30
1 37 1 38
6 37 5 37
9 18 10 18
31 13 31 14
20 25 21 25
5 37 4 37
3 36 3 37
11 3 11 2
4 37 4 36
32 12 31 12
21 10 21 9
22 30 23 30
20 9 20 10
35 36 35 37
8 14 7 14
34 20 33 20
11 25 12 25
33 28 33 29
26 6 27 6
39 27 39 26
13 26 12 26
22 6 21 6
7 20 7 19
16 10 17 10
23 18 22 18
35 35 34 35
1 8 0 8
38 20 37 20
11 4 11 5
18 8 19 8
27 6 27 7
31 6 31 7
44 35 44 36
19 8 20 8
7 19 7 18
15 32 15 31
10 18 11 18
7 6 7 5
7 14 6 14
9 42 9 41
31 14 30 14
21 19 21 20
4 16 5 16
4 3 4 4
25 0 24 0
5 16 6 16
39 26 38 26
7 18 6 18
23 30 24 30
41 20 40 20
15 18 14 18
12 0 12 1
41 13 41 14
12 1 12 2
2 42 3 42
40 3 40 4
33 20 33 19
30 6 29 6
20 8 20 9
28 9 28 8
18 19 19 19
15 37 14 37
9 7 9 8
2 9 2 8
2 36 3 36
23 31 23 32
15 7 14 7
3 20 3 19
33 19 32 19
0 26 1 26
7 9 7 10
8 18 9 18
1 26 1 27
21 9 22 9
3 10 4 10
40 20 39 20
31 7 30 7
24 32 25 32
20 9 21 9
39 20 38 20
3 15 4 15
12 26 11 26
37 20 36 20
27 7 28 7
21 6 20 6
36 20 35 20
11 26 11 27
18 2 19 2
28 20 27 20
21 9 21 10
30 14 30 15
12 2 12 3
30 7 30 8
32 29 32 30
24 30 24 31
15 25 16 25
21 10 21 11
24 31 25 31
32 28 33 28
3 18 4 18
5 38 5 37
21 11 21 12
33 28 33 27
30 15 30 16
21 31 20 31
23 43 24 43
38 20 37 20
20 6 20 7
20 7 20 8
29 6 29 7
21 12 21 13
38 3 37 3
18 28 17 28
17 10 17 11
22 18 22 19
4 36 4 35
29 7 29 8
19 14 18 14
6 13 7 13
12 21 12 22
20 8 19 8
38 26 38 25
3 19 3 18
0 39 1 39
9 18 10 18
19 19 19 20
38 2 38 1
37 20 36 20
22 15 21 15
19 8 18 8
7 7 7 6
35 20 34 20
21 13 21 14
36 23 35 23
35 23 34 23
24 43 25 43
22 9 23 9
10 18 10 19
42 42 41 42
25 43 25 44
9 8 9 9
18 32 18 33
22 19 21 19
34 20 33 20
18 17 18 18
37 9 37 8
3 18 3 17
37 12 36 12
34 23 33 23
4 35 3 35
33 20 32 20
33 23 32 23
3 17 2 17
3 36 2 36
28 7 29 7
26 40 26 39
9 9 8 9
29 22 29 23
3 35 3 34
36 20 35 20
38 25 38 24
21 18 22 18
32 23 31 23
33 27 33 26
38 24 37 24
17 5 17 6
8 9 7 9
44 3 43 3
35 20 34 20
28 19 29 19
37 24 37 23
29 8 29 9
7 6 6 6
29 7 29 8
37 23 36 23
38 1 37 1
40 32 40 31
29 9 28 9
34 38 34 39
3 34 2 34
34 20 34 21
42 27 42 26
0 5 0 4
12 8 11 8
1 38 1 37
30 16 31 16
2 36 2 37
31 16 31 17
31 17 31 18
31 18 31 19
29 8 29 9
21 14 22 14
7 9 6 9
34 21 34 22
0 35 0 36
24 19 25 19
2 17 1 17
6 6 5 6
36 23 35 23
34 22 33 22
33 22 32 22
22 14 23 14
30 8 29 8
5 37 5 36
28 9 28 10
0 37 0 38
5 20 5 19
35 23 34 23
23 14 24 14
1 17 0 17
0 17 0 16
33 26 33 25
29 9 28 9
28 10 28 11
0 16 0 15
34 23 33 23
33 17 34 17
2 37 2 36
0 15 0 14
33 23 32 23
40 33 40 34
29 8 29 9
40 34 41 34
1 37 2 37
11 8 11 7
0 10 0 9
33 25 33 24
34 17 34 18
2 34 1 34
33 24 32 24
24 14 25 14
173
12 25 16 25
1 40 1 42
1 0 1 1
34 35 40 35
6 16 6 18
28 8 31 8
25 44 42 44
31 23 32 23
32 23 32 24
19 26 27 26
0 42 1 42
0 14 3 14
19 28 24 28
6 18 11 18
16 25 16 28
17 2 17 6
4 10 7 10
14 4 14 7
18 31 20 31
17 30 19 30
17 30 17 31
6 3 6 8
19 28 19 30
32 19 32 20
43 1 43 3
24 0 24 1
24 1 37 1
25 19 29 19
8 0 19 0
25 31 25 32
0 1 1 1
26 37 28 37
0 8 2 8
1 27 3 27
7 13 10 13
26 36 26 37
10 13 10 15
18 14 18 18
3 42 8 42
16 28 17 28
17 14 18 14
39 9 39 14
31 19 32 19
25 32 25 44
33 29 33 31
31 19 31 23
31 8 31 12
3 37 10 37
14 8 18 8
15 31 17 31
42 40 42 41
25 6 28 6
20 31 25 31
29 23 31 23
6 3 9 3
3 14 3 27
11 18 14 18
18 14 25 14
6 8 6 9
28 9 29 9
5 36 6 36
17 2 19 2
12 28 16 28
4 4 4 8
19 9 23 9
27 3 37 3
23 6 23 9
29 23 29 25
19 25 21 25
34 12 36 12
0 9 0 14
27 20 27 21
37 1 37 3
25 14 25 19
14 7 19 7
7 10 7 13
12 22 13 22
17 11 28 11
34 36 44 36
40 22 40 25
21 22 21 25
0 38 3 38
14 18 18 18
10 19 10 37
36 12 36 14
12 22 12 25
11 27 11 28
16 24 16 25
17 11 17 14
21 19 21 20
20 36 20 42
4 18 5 18
7 5 11 5
29 19 31 19
1 20 1 27
25 30 25 31
41 4 44 4
19 26 19 28
28 9 28 11
32 22 32 23
33 12 34 12
1 1 1 3
1 3 6 3
23 6 25 6
25 30 30 30
19 25 19 26
3 31 3 37
40 31 40 35
3 14 6 14
40 25 40 31
0 8 0 9
20 32 20 36
0 1 0 4
17 32 20 32
9 3 12 3
11 21 14 21
21 25 29 25
37 3 43 3
14 8 14 18
11 5 11 7
31 12 33 12
6 14 6 16
33 18 33 29
1 27 1 34
30 18 33 18
33 29 35 29
3 37 3 38
20 21 20 24
10 19 21 19
41 4 41 9
5 19 10 19
17 28 19 28
26 37 26 39
34 36 34 39
33 31 40 31
7 5 7 10
11 21 11 27
41 27 41 34
20 31 20 32
17 32 17 34
11 7 14 7
33 12 33 18
28 6 28 8
34 35 34 36
44 34 44 36
4 8 4 10
26 39 34 39
17 6 23 6
42 43 42 44
21 15 21 19
3 38 3 42
10 42 20 42
33 18 34 18
4 28 4 31
42 41 42 43
14 32 17 32
14 21 20 21
40 14 40 22
24 21 27 21
8 42 10 42
0 4 0 8
20 21 24 21
40 14 41 14
40 22 43 22
19 7 19 9
19 0 19 2
3 31 4 31
25 31 33 31
41 9 41 14
14 32 14 37
24 8 28 8
5 18 5 19
21 20 27 20
