114
1 19 2 19
9 8 9 9
10 16 10 15
10 22 9 22
15 9 14 9
20 2 20 1
1 16 1 15
4 15 4 14
20 15 20 16
1 4 0 4
14 18 14 19
12 1 12 2
13 16 13 15
5 1 5 0
16 17 17 17
15 7 16 7
15 16 14 16
13 20 12 20
14 16 13 16
16 14 16 13
8 1 7 1
9 13 10 13
18 19 19 19
1 8 1 9
21 8 21 7
9 5 9 6
7 4 7 3
4 18 3 18
9 2 9 3
5 9 4 9
21 2 20 2
0 8 1 8
4 20 4 21
2 21 2 20
18 11 18 12
14 2 14 3
21 0 20 0
4 13 3 13
20 20 20 19
17 5 16 5
10 19 10 18
18 20 18 19
4 11 4 12
1 18 1 19
21 7 22 7
18 12 17 12
4 12 4 13
15 18 14 18
21 1 21 0
13 18 13 17
12 20 12 19
14 18 13 18
21 9 21 8
5 10 5 11
5 22 4 22
8 22 7 22
1 2 1 3
0 18 1 18
18 3 18 2
20 1 21 1
20 16 20 17
15 11 15 12
19 5 18 5
10 8 11 8
10 2 9 2
12 19 12 18
11 9 10 9
7 1 6 1
22 10 22 11
20 17 19 17
21 10 22 10
21 11 20 11
15 8 15 7
17 10 18 10
9 14 9 13
16 8 15 8
2 4 3 4
16 13 17 13
6 1 6 2
22 18 22 19
7 3 8 3
16 11 15 11
2 12 2 11
1 1 1 0
12 11 12 12
2 5 2 6
6 15 6 14
12 14 11 14
5 17 6 17
13 1 14 1
17 13 18 13
15 19 15 18
1 11 0 11
18 5 17 5
22 11 21 11
0 17 0 16
9 22 8 22
0 5 0 6
22 4 21 4
13 3 13 2
11 19 12 19
4 0 4 1
1 8 2 8
4 1 3 1
1 5 1 4
20 7 20 6
10 21 10 20
19 7 18 7
3 1 3 2
21 15 21 16
13 4 12 4
0 3 0 2
8 7 8 8
3 0 4 0
186
0 6 1 6
11 10 11 12
7 6 9 6
10 9 12 9
14 0 17 0
6 14 6 17
2 17 3 17
10 13 11 13
12 18 13 18
18 8 18 9
10 15 11 15
16 5 16 6
14 10 15 10
12 7 13 7
18 13 18 15
10 0 12 0
4 2 4 3
16 16 16 18
15 6 16 6
17 11 17 12
9 21 12 21
1 12 5 12
5 11 5 12
13 7 15 7
9 1 9 2
13 11 15 11
7 2 7 6
13 7 13 9
6 14 8 14
5 14 6 14
4 14 4 16
17 0 17 1
2 8 3 8
12 21 13 21
15 8 15 10
3 16 3 17
9 4 10 4
10 13 10 14
1 9 1 12
3 2 4 2
5 2 6 2
15 10 15 11
19 1 19 2
22 16 22 19
6 2 6 6
3 19 3 20
3 18 3 19
8 14 10 14
9 2 12 2
10 4 10 9
4 14 5 14
1 6 1 9
15 11 17 11
8 9 8 10
12 9 13 9
0 20 0 22
4 2 5 2
20 19 22 19
9 4 9 6
22 7 22 8
9 3 9 4
3 18 5 18
21 8 21 11
14 14 14 15
7 9 8 9
6 17 6 18
20 6 20 8
22 15 22 16
5 18 6 18
18 4 18 6
19 2 20 2
1 0 1 3
5 5 5 11
12 19 13 19
3 13 4 13
4 3 4 4
19 13 19 17
20 14 20 18
0 4 0 6
19 19 20 19
18 7 18 8
6 6 7 6
5 2 5 5
1 6 2 6
7 6 7 8
13 15 14 15
16 16 18 16
4 4 4 6
18 6 18 7
1 3 1 4
8 2 9 2
2 1 2 3
13 2 15 2
6 19 12 19
12 5 12 6
17 20 19 20
14 17 14 19
0 15 0 16
1 0 4 0
3 4 3 8
5 12 5 14
19 8 20 8
1 18 3 18
13 19 14 19
15 6 15 7
8 2 8 3
16 5 17 5
5 11 7 11
17 1 18 1
16 21 18 21
4 19 6 19
19 20 22 20
14 0 14 1
18 9 18 10
1 12 1 15
2 20 3 20
14 17 15 17
16 20 17 20
18 2 18 4
8 9 9 9
4 21 8 21
20 14 21 14
13 17 13 18
19 0 19 1
18 16 18 17
2 8 2 9
11 15 12 15
4 21 4 22
21 1 22 1
15 7 15 8
12 13 12 15
3 13 3 15
14 19 14 20
9 12 9 13
6 10 8 10
12 2 12 4
22 1 22 2
21 16 22 16
19 17 19 19
8 21 8 22
15 2 18 2
21 1 21 4
18 1 19 1
7 12 9 12
12 13 13 13
9 12 10 12
16 7 16 9
6 17 13 17
13 16 13 17
16 7 18 7
0 22 2 22
15 1 15 2
15 18 16 18
12 15 13 15
12 2 13 2
0 16 3 16
16 10 18 10
18 10 18 13
11 5 12 5
0 19 0 20
2 1 9 1
12 0 12 2
10 12 11 12
21 16 21 17
3 15 3 16
18 17 19 17
21 11 21 14
16 4 18 4
12 12 12 13
18 4 21 4
2 22 4 22
1 3 2 3
14 15 14 17
0 16 0 19
16 20 16 21
4 19 4 21
18 6 19 6
12 4 12 5
1 4 3 4
14 20 16 20
8 10 11 10
11 12 12 12
13 13 18 13
20 12 20 14
21 4 21 8
0 19 1 19
