133
0 6 0 7
0 5 0 6
4 6 5 6
9 7 9 6
1 4 0 4
2 4 1 4
14 3 15 3
4 1 3 1
4 2 4 1
3 12 3 13
8 15 7 15
10 10 11 10
16 15 16 16
10 1 11 1
8 14 8 13
3 15 4 15
8 7 9 7
7 14 8 14
3 14 3 15
9 15 8 15
13 8 13 7
3 6 4 6
13 11 13 10
8 6 8 7
3 7 3 6
5 2 4 2
10 15 9 15
3 8 3 7
14 11 13 11
0 4 0 5
7 6 8 6
2 14 3 14
3 11 3 12
1 14 2 14
5 3 5 2
6 3 5 3
3 10 3 11
6 14 7 14
1 13 1 14
3 9 3 10
10 14 10 15
2 3 2 4
9 10 10 10
8 16 7 16
1 4 0 4
2 13 1 13
15 11 14 11
3 3 2 3
16 4 16 3
14 4 14 3
6 6 7 6
15 12 15 11
9 9 9 10
10 9 9 9
8 15 8 16
6 2 6 3
2 12 2 13
1 5 1 4
6 15 6 14
14 5 15 5
14 8 13 8
3 12 2 12
14 9 14 8
10 13 10 14
4 9 3 9
6 7 6 6
15 9 14 9
15 13 15 12
6 1 6 2
7 1 6 1
8 14 8 15
4 12 3 12
5 12 4 12
15 4 14 4
5 11 5 12
3 2 3 3
1 6 1 5
11 13 10 13
15 8 15 9
15 15 16 15
5 10 5 11
4 2 3 2
14 8 15 8
12 13 11 13
12 2 11 2
7 7 6 7
10 10 10 9
15 5 15 4
4 3 4 2
10 2 10 1
4 8 3 8
10 11 10 10
4 10 4 9
4 4 4 3
15 4 16 4
14 13 15 13
7 2 7 1
12 14 12 13
12 6 11 6
13 8 14 8
5 4 4 4
16 5 15 5
8 2 7 2
6 4 5 4
10 3 10 2
5 15 6 15
12 15 12 14
13 15 12 15
13 14 13 15
8 1 8 2
12 14 13 14
8 0 8 1
9 14 8 14
8 14 9 14
14 15 15 15
12 15 12 14
8 7 7 7
16 6 16 5
13 15 12 15
13 16 13 15
15 3 15 4
7 4 6 4
17 2 17 3
15 6 16 6
16 2 17 2
5 9 5 10
16 3 15 3
10 12 10 11
7 7 8 7
6 17 5 17
5 14 5 15
14 14 14 13
0 6 1 6
167
13 5 15 5
6 5 6 6
14 16 16 16
9 11 9 12
9 1 10 1
8 7 8 8
5 4 5 5
9 5 9 6
12 5 13 5
1 16 2 16
16 7 17 7
11 11 11 12
2 16 3 16
7 6 7 8
14 12 14 13
11 15 11 16
5 13 6 13
7 9 8 9
7 2 7 3
12 1 13 1
1 16 1 17
0 13 1 13
15 5 15 7
5 3 6 3
7 3 7 5
14 2 14 3
16 17 17 17
8 8 8 9
14 3 14 4
17 0 17 1
4 12 4 13
11 2 11 3
1 5 2 5
3 11 4 11
13 11 14 11
1 8 1 9
14 9 14 10
16 6 16 7
15 4 15 5
13 0 13 1
17 2 17 3
9 10 9 11
3 5 3 6
8 9 8 10
1 12 1 13
17 1 17 2
0 17 1 17
0 8 1 8
0 15 1 15
0 5 1 5
8 10 8 11
6 16 7 16
1 11 1 12
7 14 7 15
4 14 4 15
3 10 3 11
14 8 14 9
3 4 4 4
6 9 6 10
8 16 8 17
10 6 10 7
11 14 12 14
8 11 8 12
5 17 8 17
0 4 1 4
5 10 6 10
12 16 14 16
6 9 7 9
2 5 3 5
11 1 11 2
5 16 5 17
13 9 13 10
2 10 3 10
8 11 9 11
14 10 14 11
9 9 9 10
7 5 7 6
14 13 14 16
6 3 7 3
4 17 5 17
9 12 11 12
1 10 1 11
4 13 5 13
7 12 7 13
5 0 5 1
3 7 3 8
3 4 3 5
10 14 11 14
9 14 10 14
9 3 11 3
5 11 6 11
3 14 3 15
3 3 3 4
16 16 16 17
11 13 11 14
4 3 5 3
0 7 0 8
8 3 9 3
12 5 12 7
0 9 0 10
1 6 2 6
2 7 3 7
1 9 1 10
8 7 9 7
3 10 5 10
7 13 7 14
12 11 13 11
1 3 1 4
6 15 6 16
14 0 14 1
4 16 4 17
2 6 2 7
12 7 12 8
12 8 14 8
4 1 5 1
7 1 7 2
9 4 9 5
9 3 9 4
3 16 4 16
4 0 5 0
9 6 10 6
4 11 4 12
7 3 8 3
10 8 10 9
7 11 7 12
15 3 17 3
14 11 14 12
16 1 17 1
3 15 4 15
5 15 5 16
5 13 5 15
15 14 15 15
1 7 1 8
5 5 6 5
10 7 10 8
4 4 5 4
6 15 7 15
1 10 2 10
11 16 11 17
0 3 0 4
16 7 16 8
2 12 2 13
12 14 12 15
3 8 5 8
10 0 10 1
6 8 7 8
3 13 3 14
10 5 10 6
6 11 7 11
10 9 10 10
0 5 0 7
7 10 7 11
11 8 12 8
7 1 8 1
11 16 12 16
6 1 7 1
5 8 6 8
3 12 3 13
2 13 3 13
5 1 6 1
0 15 0 16
11 0 11 1
14 1 14 2
7 14 9 14
1 14 1 15
15 3 15 4
11 11 12 11
