316
25 5 26 5
18 26 18 25
5 20 4 20
27 11 28 11
26 32 27 32
9 32 8 32
14 18 14 17
7 24 8 24
4 9 3 9
16 32 16 33
32 36 33 36
16 33 15 33
35 19 34 19
6 18 6 17
29 1 29 2
29 8 28 8
12 10 13 10
5 16 6 16
36 14 36 15
10 37 11 37
10 38 10 37
37 34 38 34
16 30 16 29
34 7 33 7
26 4 27 4
38 13 38 12
2 15 1 15
17 31 17 30
3 1 3 2
16 35 16 34
33 24 34 24
33 36 33 37
34 8 34 9
29 2 29 3
34 33 34 34
10 22 11 22
9 36 8 36
34 4 34 3
24 1 23 1
29 14 30 14
24 32 24 31
16 29 16 28
30 34 30 33
29 4 30 4
12 23 12 24
23 1 23 2
13 29 13 30
2 23 3 23
3 15 3 14
27 33 27 34
23 2 22 2
35 36 35 37
30 14 30 15
17 35 16 35
6 20 7 20
1 17 1 16
27 32 27 31
14 13 13 13
23 38 23 37
32 17 31 17
27 7 27 8
35 32 34 32
17 30 17 29
34 9 34 10
27 0 28 0
1 36 2 36
35 12 35 11
16 34 16 33
21 24 20 24
32 28 31 28
28 0 28 1
25 27 25 28
37 11 37 12
38 2 37 2
30 15 31 15
2 36 2 35
28 1 29 1
5 3 5 4
1 23 2 23
27 22 26 22
0 20 0 19
27 9 27 10
11 37 11 38
26 11 25 11
14 17 14 16
13 33 13 34
14 33 14 34
5 29 5 28
37 2 37 3
3 18 2 18
2 22 1 22
5 28 5 27
24 31 23 31
23 31 22 31
23 37 23 36
23 16 23 15
31 15 32 15
3 2 3 3
1 14 2 14
4 14 4 13
27 8 27 9
14 15 15 15
35 37 36 37
1 16 2 16
6 38 7 38
20 24 20 23
34 10 33 10
22 31 22 32
8 36 8 37
12 37 12 36
28 17 27 17
8 6 8 5
33 12 32 12
2 14 2 15
21 15 21 16
13 22 12 22
33 10 32 10
22 32 21 32
15 33 14 33
15 15 15 16
2 19 2 20
38 18 37 18
7 38 7 37
37 3 37 4
15 16 15 17
15 14 15 15
17 9 17 10
23 36 22 36
2 23 2 24
35 24 35 23
27 10 27 11
2 37 2 36
22 24 21 24
15 11 15 10
22 2 22 3
3 29 3 30
26 2 27 2
21 30 21 31
14 27 13 27
6 24 5 24
20 23 19 23
3 0 3 1
18 25 18 24
2 35 2 34
26 19 27 19
30 11 30 12
22 36 21 36
2 16 3 16
3 14 2 14
3 30 2 30
27 19 27 18
5 30 6 30
23 29 23 28
19 9 19 10
12 24 11 24
26 5 26 6
35 23 35 22
16 27 16 26
38 34 38 33
27 34 28 34
14 33 13 33
34 12 33 12
2 34 3 34
11 24 10 24
4 4 4 3
3 20 3 19
13 32 14 32
0 7 1 7
37 29 36 29
8 4 8 3
20 35 21 35
37 12 36 12
27 31 28 31
22 3 22 4
20 30 20 31
14 20 14 21
3 34 3 33
27 29 27 28
9 6 8 6
2 18 2 19
19 33 19 34
32 10 32 9
36 29 36 30
35 22 35 21
30 22 30 23
21 35 22 35
2 15 2 16
8 28 8 27
2 24 2 25
17 10 17 11
3 16 4 16
2 19 2 18
1 7 2 7
15 17 14 17
28 8 27 8
29 26 28 26
16 26 17 26
30 23 30 24
10 7 9 7
12 29 13 29
7 6 7 7
2 16 2 17
19 14 19 15
7 3 6 3
2 25 2 26
19 23 19 22
21 16 21 17
16 33 15 33
29 3 30 3
28 10 27 10
37 18 36 18
2 17 3 17
36 37 37 37
2 26 2 27
36 18 35 18
14 12 14 11
36 30 35 30
4 16 4 17
21 0 21 1
17 11 17 12
2 27 2 28
20 34 20 33
35 21 34 21
8 34 8 35
27 8 26 8
2 28 2 29
13 10 13 11
33 34 33 35
3 33 4 33
27 10 26 10
35 30 34 30
15 33 14 33
12 36 11 36
8 29 8 30
2 29 3 29
4 33 5 33
20 15 20 14
13 30 12 30
2 3 2 4
31 16 30 16
3 3 2 3
35 18 34 18
34 18 33 18
13 15 14 15
22 4 22 5
21 1 21 2
30 4 31 4
13 16 13 15
30 3 30 4
0 13 0 12
5 33 5 34
33 18 33 19
31 34 32 34
21 26 21 27
22 5 22 6
7 17 8 17
34 30 34 31
28 31 29 31
31 4 32 4
5 34 6 34
13 33 13 32
17 12 16 12
30 4 31 4
21 27 21 28
31 4 31 5
29 1 29 2
15 15 15 16
16 12 15 12
15 16 15 17
6 34 7 34
7 34 8 34
37 37 38 37
4 13 3 13
4 17 4 18
13 32 12 32
22 35 22 36
8 34 9 34
29 2 29 3
12 32 11 32
29 3 29 4
3 29 3 30
34 21 33 21
32 4 33 4
14 33 13 33
31 5 31 6
13 33 13 32
13 32 12 32
19 10 19 11
37 38 37 37
7 33 7 32
31 6 31 7
33 19 33 20
31 7 32 7
4 18 4 19
32 7 32 8
3 12 2 12
3 30 4 30
4 30 5 30
15 12 15 13
24 2 24 1
27 9 27 10
30 12 31 12
34 20 34 21
34 31 33 31
37 37 37 36
27 10 28 10
35 27 36 27
9 34 9 35
15 13 15 14
33 31 33 32
15 14 15 15
28 10 29 10
15 15 15 16
27 28 27 29
29 10 29 11
9 35 9 36
184
4 19 6 19
7 21 10 21
30 24 31 24
22 36 22 37
3 17 6 17
26 8 26 10
14 11 16 11
3 13 3 17
15 6 22 6
19 15 23 15
13 1 13 7
29 4 33 4
22 37 22 38
16 28 21 28
33 9 33 12
8 5 9 5
0 19 3 19
4 3 6 3
38 33 38 37
16 9 16 11
7 27 8 27
32 15 36 15
3 17 3 19
2 21 2 30
29 11 29 12
32 15 32 19
13 11 14 11
15 6 15 7
18 33 20 33
2 3 2 4
31 35 32 35
12 21 12 22
33 4 37 4
31 24 34 24
26 6 26 8
33 12 36 12
38 10 38 12
31 9 32 9
2 20 2 21
10 24 16 24
22 6 26 6
11 7 13 7
30 17 31 17
16 11 19 11
26 10 26 12
31 24 31 28
35 33 38 33
13 7 13 11
35 31 35 33
22 34 22 36
31 9 31 12
11 27 11 32
8 11 13 11
12 21 14 21
0 0 6 0
9 33 9 36
31 28 31 31
2 33 2 36
30 7 30 10
18 31 18 33
19 11 19 15
10 37 17 37
27 23 27 24
2 7 2 10
11 32 11 36
14 11 14 15
36 12 38 12
16 24 18 24
21 2 25 2
31 12 31 17
6 16 6 17
8 9 8 11
13 34 14 34
34 34 36 34
7 22 7 27
5 27 5 30
3 9 8 9
12 30 12 32
7 32 8 32
9 36 11 36
3 8 3 9
22 22 25 22
3 9 3 13
6 30 8 30
31 31 35 31
20 36 21 36
5 7 7 7
29 27 29 31
4 19 4 20
30 7 33 7
27 26 28 26
7 21 7 22
10 21 10 24
20 33 20 36
2 33 8 33
28 28 28 34
28 26 28 28
12 22 19 22
33 7 33 9
9 5 9 7
27 11 27 17
14 17 15 17
36 12 36 15
36 36 37 36
24 8 26 8
29 31 31 31
2 20 4 20
11 32 12 32
17 32 17 37
15 16 15 17
32 19 34 19
16 24 16 28
33 4 33 7
22 22 22 34
10 15 13 15
27 24 27 26
34 17 34 19
6 0 6 3
27 4 27 5
27 23 28 23
27 2 27 4
5 27 7 27
27 5 27 6
14 15 14 16
13 15 14 15
2 4 2 7
1 31 1 33
26 10 30 10
25 2 27 2
33 37 38 37
23 28 25 28
31 17 31 20
33 20 33 21
8 27 11 27
21 17 27 17
31 20 33 20
20 31 20 33
14 15 17 15
7 37 8 37
20 31 21 31
9 4 9 5
27 17 30 17
34 21 34 24
29 12 31 12
13 29 13 34
34 32 34 34
32 34 34 34
6 3 8 3
14 21 22 21
27 17 27 18
8 35 8 37
11 36 13 36
8 37 10 37
17 37 22 37
17 29 17 32
10 15 10 21
5 24 5 27
32 34 32 35
21 31 21 32
2 7 5 7
13 27 13 29
33 32 34 32
14 17 14 21
6 19 6 26
9 7 11 7
32 8 32 9
22 21 22 22
13 7 15 7
25 28 28 28
0 12 0 14
36 34 36 36
25 22 25 28
27 18 27 23
21 28 21 31
8 30 8 32
2 30 2 33
13 29 17 29
8 33 8 35
28 34 32 34
34 19 34 21
8 32 8 33
1 33 2 33
8 3 8 5
2 36 2 38
