40
19 16 20 16
24 12 24 13
34 4 33 4
16 32 16 33
32 31 33 31
2 36 3 36
27 28 27 29
3 14 2 14
16 21 16 20
35 23 36 23
11 4 12 4
7 5 7 6
14 28 14 29
26 9 25 9
27 19 26 19
4 33 5 33
34 28 35 28
25 8 26 8
11 34 11 33
8 4 7 4
11 30 11 29
24 16 25 16
37 14 36 14
23 15 23 14
34 3 34 4
36 34 36 35
19 4 20 4
4 7 4 8
13 1 14 1
30 31 31 31
32 36 32 35
36 13 37 13
14 1 15 1
18 33 17 33
5 34 5 35
30 13 30 12
31 19 32 19
17 31 17 30
31 11 30 11
35 28 36 28
160
32 10 32 14
20 7 20 16
20 16 20 18
19 27 25 27
15 3 15 19
15 20 16 20
15 1 35 1
8 27 8 28
4 8 4 13
5 9 5 16
32 4 33 4
2 7 2 14
36 23 37 23
9 22 9 29
28 7 31 7
20 7 28 7
20 16 21 16
21 13 21 16
15 19 15 20
17 19 17 27
37 13 37 20
15 3 22 3
22 3 37 3
25 21 25 27
24 33 31 33
9 29 9 31
15 19 17 19
15 20 15 25
0 19 0 28
0 5 0 13
0 13 0 19
1 4 1 6
14 29 14 30
17 30 31 30
1 26 1 28
17 18 20 18
16 20 16 23
1 14 2 14
25 9 25 14
21 13 24 13
20 4 20 7
1 14 1 26
24 8 26 8
35 14 35 32
12 22 12 28
36 27 36 28
23 14 25 14
11 33 16 33
13 0 14 0
37 20 37 23
6 6 7 6
5 35 8 35
30 29 32 29
6 6 6 14
32 16 32 19
3 6 3 8
33 4 33 6
37 3 37 8
29 10 32 10
13 8 13 17
34 4 34 11
6 14 6 28
28 10 29 10
32 14 32 16
14 30 17 30
32 19 32 29
25 14 25 16
32 33 34 33
31 31 33 31
13 17 13 30
1 6 1 8
34 13 34 14
6 1 9 1
32 5 32 10
29 18 29 21
18 21 21 21
6 1 6 6
3 6 6 6
7 4 7 6
36 23 36 27
29 21 29 26
24 5 32 5
31 30 31 31
32 4 32 5
6 28 6 29
17 18 17 19
9 1 10 1
21 8 21 13
15 1 15 3
9 29 11 29
33 15 33 16
1 36 3 36
26 21 29 21
5 33 5 35
21 16 25 16
37 8 37 12
17 27 19 27
36 6 36 14
30 11 30 12
3 8 3 10
7 6 10 6
37 12 37 13
3 24 3 36
3 15 3 24
8 16 8 27
27 29 30 29
2 4 2 7
34 11 34 13
9 35 24 35
21 21 25 21
33 16 33 31
32 32 32 33
0 3 0 5
8 28 8 31
9 31 9 35
34 14 34 33
26 21 26 28
27 22 27 24
34 14 35 14
9 21 9 22
3 10 3 15
28 7 28 10
1 8 1 14
7 28 8 28
30 12 30 25
7 4 12 4
26 28 26 29
26 8 26 12
14 29 26 29
8 31 8 35
35 32 37 32
3 8 4 8
26 12 30 12
17 30 17 33
6 28 7 28
3 0 3 6
32 33 32 35
23 19 26 19
35 14 36 14
11 1 11 3
14 10 14 29
16 33 17 33
24 8 24 9
24 35 32 35
14 0 14 10
0 28 1 28
8 31 9 31
9 31 13 31
12 13 12 20
26 19 26 21
32 35 36 35
16 31 16 33
12 4 12 13
13 31 16 31
9 35 9 37
33 9 33 15
26 12 26 19
27 24 27 29
9 19 9 21
10 1 11 1
