56
7 8 8 8
34 23 33 23
23 38 22 38
22 8 23 8
36 36 36 37
31 16 31 15
0 20 1 20
33 8 33 9
29 11 28 11
33 23 33 22
36 5 35 5
29 34 29 35
23 8 23 9
7 9 7 10
6 24 7 24
20 22 21 22
7 22 8 22
27 15 28 15
16 33 16 32
26 14 26 15
9 29 8 29
29 9 28 9
37 18 37 19
36 6 35 6
38 26 38 27
31 23 30 23
13 32 12 32
34 11 34 12
24 37 25 37
3 20 2 20
11 14 10 14
30 23 30 24
32 24 31 24
30 34 30 35
19 37 18 37
26 37 27 37
35 5 34 5
17 0 17 1
2 20 2 21
34 5 33 5
26 15 26 16
35 15 36 15
24 10 24 9
33 10 34 10
38 27 38 28
33 35 34 35
38 28 38 29
7 24 8 24
37 14 38 14
28 1 28 0
15 0 14 0
10 16 11 16
8 2 8 3
28 28 27 28
22 2 21 2
31 21 31 22
144
2 16 11 16
4 18 12 18
22 38 26 38
34 15 36 15
27 19 30 19
15 34 15 35
19 0 28 0
11 10 11 15
17 25 17 32
7 10 11 10
18 28 24 28
18 37 22 37
17 5 17 13
14 8 14 16
8 19 8 22
16 16 17 16
15 13 17 13
14 16 16 16
36 19 37 19
18 28 18 37
17 13 21 13
21 2 21 13
14 0 14 1
11 15 13 15
8 24 8 29
28 22 28 35
16 4 20 4
22 37 22 38
31 15 31 17
23 9 23 17
21 22 28 22
4 0 5 0
2 16 2 21
8 22 8 24
31 15 34 15
27 19 27 20
14 1 14 6
30 19 30 24
16 5 17 5
29 35 29 37
17 13 17 16
12 22 12 32
28 17 28 18
30 24 30 35
22 32 22 37
1 1 1 6
12 35 13 35
26 3 26 9
28 0 28 9
3 32 12 32
12 32 12 35
21 13 21 22
0 21 2 21
36 19 36 28
4 37 18 37
28 11 28 15
34 29 34 35
14 6 14 8
17 16 17 23
11 15 11 16
18 16 18 28
4 3 8 3
8 22 12 22
17 16 18 16
12 0 14 0
31 24 31 27
16 4 16 5
3 27 3 32
24 28 24 31
2 13 2 16
34 13 35 13
23 9 24 9
13 14 13 15
12 32 16 32
28 35 29 35
2 21 2 22
24 9 26 9
12 18 12 22
1 1 14 1
1 35 12 35
34 21 34 29
15 9 15 11
13 35 15 35
22 9 22 12
28 9 33 9
34 15 34 21
25 35 25 37
1 7 1 13
33 18 33 22
35 6 35 13
30 24 31 24
28 17 30 17
16 32 17 32
14 0 19 0
27 28 27 30
32 12 34 12
22 1 22 9
27 34 27 37
0 12 0 21
17 1 22 1
8 3 8 8
32 12 32 14
5 0 12 0
28 15 31 15
34 37 36 37
16 25 16 26
27 30 27 34
15 1 15 3
27 38 29 38
17 23 17 25
13 8 14 8
26 11 26 16
1 13 1 19
27 37 27 38
26 9 28 9
26 11 27 11
1 19 1 20
32 14 38 14
33 5 33 9
29 35 30 35
36 15 36 19
26 16 28 16
2 22 8 22
29 38 34 38
34 10 34 12
28 16 28 17
28 9 28 11
15 3 15 5
8 8 13 8
36 29 36 34
24 31 24 35
33 22 33 37
28 18 33 18
31 22 33 22
38 14 38 29
34 12 34 13
33 37 34 37
15 5 15 9
34 37 34 38
36 34 36 37
31 19 31 22
36 29 38 29
15 1 17 1
25 37 27 37
