325
27 3 27 4
12 23 12 24
36 0 36 1
8 30 9 30
36 21 35 21
4 9 4 8
29 36 29 35
32 14 31 14
2 6 2 5
16 8 15 8
37 36 37 35
37 35 36 35
6 13 5 13
35 21 34 21
14 32 15 32
12 11 12 12
8 32 9 32
36 25 36 24
7 7 6 7
9 35 8 35
2 5 3 5
22 11 23 11
17 27 17 28
7 17 8 17
17 18 18 18
26 3 25 3
33 11 32 11
10 25 11 25
35 16 35 15
8 23 8 24
32 9 31 9
34 21 33 21
13 0 14 0
29 21 29 20
32 11 31 11
7 13 6 13
19 27 18 27
8 36 7 36
26 30 27 30
4 10 5 10
4 8 4 7
31 10 32 10
4 27 4 26
23 32 23 33
28 20 28 19
4 7 4 6
24 9 24 10
2 19 3 19
19 8 19 9
30 21 31 21
28 31 28 30
12 4 11 4
27 20 27 19
7 34 7 33
35 24 35 23
18 3 19 3
27 26 28 26
14 7 14 8
26 28 27 28
20 10 20 11
36 35 35 35
15 32 16 32
22 22 22 21
3 13 4 13
26 13 26 12
22 5 22 6
28 4 28 3
9 4 9 3
35 35 34 35
14 8 14 9
29 35 29 34
26 10 26 11
18 23 17 23
8 21 9 21
23 7 23 8
33 21 32 21
29 10 30 10
17 28 18 28
5 21 5 22
31 12 31 13
33 23 33 24
7 16 7 17
1 33 1 32
7 2 8 2
30 10 31 10
32 31 32 32
16 32 17 32
32 8 32 9
9 24 9 23
13 33 13 32
4 13 4 14
20 22 19 22
18 1 17 1
9 36 8 36
7 18 7 19
13 32 13 31
26 29 26 30
11 4 11 5
20 14 20 13
22 25 22 26
8 2 9 2
17 1 17 2
34 35 33 35
3 28 3 29
17 2 17 3
36 24 35 24
8 8 7 8
21 24 21 23
22 6 22 7
8 31 7 31
36 1 36 2
3 10 3 11
24 23 25 23
33 31 32 31
31 21 31 22
1 32 1 31
36 17 37 17
5 10 5 11
4 26 4 25
37 23 36 23
28 30 28 29
9 34 9 35
11 11 12 11
10 11 10 12
7 35 6 35
32 18 33 18
32 21 31 21
35 7 35 8
7 12 7 13
14 9 13 9
27 4 27 5
35 24 34 24
32 31 31 31
35 8 35 9
25 3 25 4
22 7 22 8
35 13 35 14
6 18 7 18
6 3 5 3
7 3 7 2
14 11 14 10
24 10 24 11
5 22 6 22
4 25 4 24
36 18 36 17
17 32 17 31
36 17 35 17
37 22 37 21
30 34 30 33
6 24 7 24
23 27 23 26
20 13 19 13
21 34 20 34
33 24 32 24
4 14 5 14
14 0 14 1
27 5 27 6
4 24 4 23
3 29 2 29
4 6 4 5
23 23 23 22
6 27 5 27
22 8 22 9
28 29 27 29
18 32 18 31
35 15 34 15
5 30 5 31
17 3 17 4
10 12 10 13
33 35 32 35
7 17 6 17
32 24 31 24
29 20 28 20
16 17 16 16
28 22 28 23
26 12 27 12
18 31 19 31
27 6 27 7
14 1 14 2
32 35 31 35
11 27 12 27
0 33 1 33
17 4 17 5
4 23 4 22
18 2 18 1
31 21 30 21
11 5 10 5
27 7 26 7
15 23 15 22
27 31 26 31
5 14 6 14
13 9 12 9
10 5 9 5
18 28 19 28
19 31 20 31
26 7 26 8
24 24 24 25
1 33 1 34
31 24 30 24
34 24 33 24
21 23 21 22
23 8 22 8
7 24 7 23
12 5 13 5
27 29 26 29
32 28 32 29
17 5 16 5
28 27 27 27
31 13 30 13
22 14 22 15
28 16 27 16
3 27 3 28
4 5 5 5
20 31 21 31
22 9 22 10
6 22 7 22
1 31 2 31
19 16 19 15
11 3 11 4
27 27 27 26
26 8 26 9
15 8 15 9
23 11 23 10
37 8 37 7
28 21 28 22
13 31 12 31
26 11 26 12
25 11 25 12
4 22 4 21
7 22 8 22
12 31 11 31
9 31 8 31
26 31 26 32
9 5 8 5
3 28 2 28
30 24 30 23
35 6 35 5
8 5 7 5
31 35 31 34
16 5 15 5
11 31 11 30
32 22 32 21
5 5 6 5
25 2 25 3
14 2 14 3
22 8 22 9
11 30 11 29
22 10 22 11
15 9 14 9
11 29 11 28
4 21 5 21
15 5 15 6
5 21 6 21
36 2 36 3
19 9 19 10
21 22 21 21
6 21 6 20
6 20 7 20
29 18 29 19
36 10 37 10
18 1 19 1
7 20 8 20
15 6 14 6
22 11 21 11
14 9 13 9
14 6 13 6
35 4 34 4
9 30 9 29
7 27 6 27
9 29 9 28
22 13 21 13
22 9 22 10
25 3 24 3
35 5 34 5
26 29 25 29
11 15 12 15
33 24 32 24
24 3 23 3
7 5 7 6
23 3 22 3
8 20 8 19
3 5 4 5
37 7 37 8
13 6 12 6
26 9 27 9
28 20 27 20
29 34 28 34
32 24 31 24
36 7 36 8
9 28 9 27
23 25 22 25
6 5 7 5
7 5 8 5
25 29 25 30
27 9 27 10
8 5 9 5
27 10 27 11
9 35 9 34
4 5 5 5
24 12 24 13
31 24 30 24
17 31 18 31
5 5 6 5
8 19 8 18
4 19 4 20
30 24 29 24
27 20 27 21
9 27 9 26
27 21 26 21
26 21 25 21
25 21 24 21
27 26 26 26
9 26 10 26
29 24 29 23
32 19 32 20
22 3 22 4
26 26 25 26
18 31 19 31
29 11 28 11
19 31 20 31
10 26 10 25
22 10 22 11
6 14 7 14
10 25 10 24
24 14 24 15
175
37 21 37 24
1 34 4 34
30 3 30 5
9 5 13 5
19 15 19 17
29 15 29 16
21 11 22 11
28 34 31 34
8 18 8 22
31 31 31 34
32 21 37 21
29 16 29 19
12 9 12 11
5 3 5 6
5 3 9 3
0 3 1 3
9 25 9 32
24 21 30 21
11 25 11 28
19 17 19 22
36 6 37 6
26 30 26 32
6 27 6 29
9 21 15 21
21 3 28 3
2 29 6 29
7 23 9 23
7 6 7 8
28 14 28 19
29 15 33 15
5 12 5 13
35 14 35 17
9 21 9 23
37 17 37 21
9 25 11 25
6 17 6 19
1 28 2 28
19 22 23 22
6 19 7 19
5 13 5 17
15 18 15 19
18 13 18 14
18 22 19 22
22 11 22 15
14 23 17 23
24 11 27 11
24 15 24 21
22 26 23 26
22 21 24 21
26 24 26 30
33 15 34 15
21 32 21 37
19 32 21 32
19 28 19 32
2 31 5 31
23 12 23 13
35 3 35 9
25 4 25 6
7 33 8 33
1 3 5 3
23 22 23 26
2 28 2 29
32 20 32 21
27 11 28 11
27 11 27 12
28 24 28 26
28 23 29 23
5 6 5 11
11 33 11 35
9 2 9 3
37 30 37 31
10 23 14 23
20 30 20 31
3 11 5 11
3 19 6 19
26 24 28 24
24 13 24 15
1 25 2 25
17 17 17 23
28 19 29 19
14 10 14 13
25 25 25 26
6 5 9 5
7 36 8 36
5 17 6 17
4 17 5 17
32 16 32 20
19 15 22 15
28 11 28 14
5 11 12 11
12 9 13 9
25 4 26 4
28 26 28 34
9 23 9 25
32 26 32 29
25 26 25 30
9 34 9 37
9 7 11 7
7 19 7 23
9 7 9 8
13 15 14 15
7 18 8 18
12 15 12 17
12 15 13 15
3 19 3 21
31 27 31 31
20 30 25 30
22 4 25 4
11 7 11 8
1 28 1 34
21 21 22 21
5 11 5 12
28 24 37 24
29 16 32 16
31 9 32 9
31 14 35 14
7 14 7 18
10 13 14 13
19 3 21 3
14 13 14 15
14 4 14 10
31 9 31 10
28 3 30 3
19 3 19 10
12 6 12 9
7 13 7 14
6 19 6 27
15 19 15 21
9 32 9 34
35 3 36 3
21 11 21 12
19 1 19 3
12 17 17 17
19 10 19 13
31 11 31 14
30 20 32 20
5 31 7 31
9 14 13 14
13 14 13 15
9 5 9 7
9 17 12 17
35 9 37 9
24 21 24 25
31 10 31 11
11 28 13 28
7 31 7 33
7 33 7 36
24 32 26 32
7 13 10 13
5 6 7 6
21 32 24 32
23 10 31 10
19 10 23 10
18 13 19 13
34 15 34 18
19 22 19 23
29 23 30 23
30 21 30 22
30 22 30 23
10 23 10 24
14 10 16 10
32 9 35 9
24 25 25 25
17 16 17 17
23 13 24 13
20 31 21 31
23 10 23 12
19 23 19 28
22 19 22 21
16 10 19 10
13 4 13 5
19 37 21 37
9 3 14 3
13 28 19 28
13 4 14 4
