318
34 10 34 9
29 18 29 19
32 26 33 26
3 27 2 27
20 13 20 12
19 34 19 33
34 22 33 22
12 32 12 33
23 32 22 32
30 27 30 28
20 15 20 14
30 32 29 32
15 14 15 15
1 23 1 24
24 5 23 5
21 8 20 8
30 8 31 8
34 12 33 12
11 34 12 34
14 19 14 20
7 34 7 33
29 9 29 8
10 20 9 20
16 12 15 12
32 33 32 32
32 11 32 10
13 6 13 7
10 12 10 13
33 28 33 27
2 31 3 31
33 25 32 25
22 20 21 20
8 3 7 3
8 7 8 8
20 26 19 26
8 31 8 30
23 7 23 6
17 32 16 32
6 13 6 12
9 16 9 15
28 13 27 13
27 26 27 25
8 4 7 4
10 0 10 1
12 28 13 28
4 27 3 27
0 16 0 15
0 15 1 15
25 19 24 19
34 9 33 9
18 20 19 20
23 33 23 32
20 12 19 12
19 20 19 21
23 5 22 5
33 8 33 7
24 0 23 0
4 19 4 18
26 24 27 24
23 18 23 17
25 26 26 26
32 27 31 27
6 5 6 4
8 8 8 9
20 17 19 17
25 10 24 10
13 5 14 5
11 16 11 17
28 8 28 7
4 13 4 12
33 6 32 6
20 18 20 19
8 27 8 26
30 23 30 22
14 5 14 6
8 28 7 28
6 16 7 16
14 3 13 3
7 2 6 2
16 3 15 3
22 1 21 1
33 9 32 9
27 0 27 1
22 19 22 18
24 19 24 20
20 16 20 17
30 1 30 0
24 10 23 10
19 21 20 21
20 21 21 21
31 32 30 32
15 33 15 34
33 12 33 11
9 17 9 18
34 6 34 7
19 4 20 4
30 0 29 0
5 8 5 7
20 2 20 1
23 15 23 16
25 3 25 4
24 29 23 29
24 18 24 19
23 10 22 10
33 22 33 23
23 2 22 2
29 8 28 8
33 11 33 10
33 10 33 9
6 10 5 10
4 6 4 5
31 27 31 26
30 19 30 18
3 22 3 23
14 20 14 21
33 13 33 12
4 16 4 17
29 0 28 0
1 8 0 8
13 28 13 27
2 1 2 2
27 24 28 24
20 29 20 28
24 4 24 5
9 15 9 14
10 13 10 14
24 19 25 19
29 22 29 21
33 9 33 8
19 18 19 19
21 27 22 27
23 6 23 5
32 9 31 9
7 13 8 13
18 21 18 20
28 0 28 1
33 12 33 11
18 14 18 13
28 1 28 2
27 13 27 14
28 24 29 24
28 33 28 32
32 17 31 17
23 9 23 10
19 16 20 16
31 9 30 9
15 3 15 2
22 33 23 33
28 2 27 2
26 1 26 0
9 6 8 6
31 26 31 25
33 23 32 23
27 2 26 2
33 7 33 6
8 30 9 30
26 11 26 10
33 8 33 7
16 33 17 33
30 28 30 29
30 9 29 9
10 27 10 28
26 8 25 8
9 30 9 29
11 13 11 12
20 16 20 15
0 25 0 24
12 1 12 2
28 8 27 8
11 17 11 18
7 16 8 16
10 11 10 10
33 11 33 10
32 19 32 18
4 21 5 21
7 21 8 21
32 23 31 23
30 22 30 21
23 19 22 19
30 24 30 25
19 3 19 4
26 2 25 2
12 2 12 3
25 24 26 24
7 15 7 14
7 31 7 30
26 0 25 0
9 29 10 29
31 23 30 23
17 30 16 30
23 33 24 33
17 21 17 20
29 24 29 25
33 10 33 9
21 21 22 21
21 1 21 0
34 8 33 8
6 9 6 10
33 9 32 9
9 7 9 6
6 11 7 11
11 18 12 18
28 7 28 6
7 28 7 27
4 17 5 17
19 25 20 25
11 12 12 12
29 9 28 9
12 3 12 4
23 3 24 3
5 17 6 17
31 25 31 24
27 8 27 7
34 5 34 6
33 27 32 27
2 4 2 3
0 23 1 23
30 26 31 26
5 7 6 7
32 9 31 9
28 22 28 21
13 3 12 3
11 9 11 8
4 5 5 5
31 24 30 24
25 2 24 2
23 1 23 2
10 14 11 14
7 30 8 30
9 14 10 14
10 3 10 4
22 10 22 11
23 0 23 1
7 33 7 32
28 6 28 5
12 4 11 4
4 12 3 12
19 17 19 16
32 15 32 14
18 15 18 14
31 5 31 4
11 14 11 15
11 15 11 16
22 19 22 20
10 14 11 14
10 4 9 4
2 25 1 25
9 6 10 6
32 27 31 27
11 4 10 4
12 3 11 3
9 4 8 4
32 28 32 27
2 22 2 21
24 33 24 32
9 9 10 9
5 5 6 5
6 17 6 16
6 5 7 5
24 32 25 32
7 5 8 5
25 32 25 31
33 6 33 5
10 29 11 29
15 4 14 4
11 29 12 29
25 31 25 30
12 29 12 28
8 30 9 30
8 6 9 6
11 3 10 3
30 32 30 31
5 4 5 5
11 16 11 17
30 31 30 30
30 30 29 30
25 30 25 29
5 5 6 5
0 24 0 23
9 30 9 29
10 9 11 9
10 4 9 4
25 29 25 28
9 29 10 29
33 5 32 5
32 5 31 5
6 16 7 16
31 5 30 5
33 7 33 6
12 28 12 27
28 5 28 4
30 5 30 4
33 6 33 5
31 27 31 28
23 10 22 10
3 12 2 12
11 17 11 18
10 3 9 3
2 24 2 25
25 15 26 15
6 7 7 7
11 33 11 34
10 29 11 29
33 5 32 5
31 28 30 28
32 5 31 5
30 28 29 28
29 30 29 29
31 5 30 5
33 8 33 7
33 7 33 6
33 6 33 5
27 10 27 9
23 4 22 4
29 28 28 28
29 29 29 28
6 5 7 5
11 29 12 29
178
10 6 14 6
6 18 7 18
7 18 9 18
3 31 6 31
6 4 7 4
28 9 28 10
22 26 22 27
25 9 27 9
2 21 2 23
18 14 20 14
25 0 32 0
26 24 26 26
6 8 6 10
6 12 6 18
22 26 26 26
8 15 8 16
10 33 10 34
2 27 2 29
3 27 7 27
32 25 32 27
25 19 25 21
30 33 33 33
23 2 23 5
7 27 11 27
27 9 28 9
9 18 9 20
25 19 27 19
7 1 7 3
15 12 19 12
3 27 3 31
0 1 0 4
30 4 30 5
25 0 25 4
15 6 15 12
28 28 29 28
7 3 7 4
20 23 20 25
6 30 6 31
7 18 7 27
6 4 6 6
30 25 32 25
18 32 19 32
2 34 4 34
15 2 21 2
3 23 4 23
27 14 27 15
28 9 31 9
16 15 16 16
32 6 34 6
29 21 30 21
20 27 20 28
22 5 23 5
34 27 34 32
11 9 11 14
22 6 24 6
21 0 21 2
6 10 6 12
28 26 28 28
15 15 16 15
6 10 10 10
0 4 6 4
26 24 30 24
30 10 32 10
19 16 23 16
0 33 6 33
14 34 15 34
6 31 6 33
32 14 32 18
22 7 22 10
1 12 1 15
22 7 27 7
0 23 1 23
8 33 8 34
22 18 26 18
28 21 29 21
16 16 19 16
0 4 0 8
30 25 30 29
24 2 24 3
9 3 9 4
24 1 24 2
2 23 3 23
17 31 17 33
30 21 30 23
28 4 28 9
2 23 2 25
30 29 30 33
8 4 8 5
1 29 2 29
22 20 22 21
20 6 22 6
32 7 32 10
17 27 20 27
20 25 24 25
26 18 30 18
17 33 19 33
24 5 25 5
4 18 6 18
20 10 20 14
26 15 27 15
10 1 10 6
26 10 26 15
17 27 17 31
2 12 6 12
14 21 22 21
18 20 20 20
32 18 32 25
30 5 33 5
25 21 28 21
20 19 25 19
25 28 28 28
12 27 13 27
28 4 30 4
23 32 28 32
12 27 12 29
6 6 6 8
22 6 22 7
20 19 20 20
2 2 2 3
2 2 3 2
12 21 14 21
29 25 30 25
13 27 17 27
19 4 20 4
21 0 25 0
2 9 2 12
32 10 32 14
8 4 9 4
24 5 24 6
12 18 12 21
20 25 20 27
11 14 11 18
7 1 10 1
31 8 31 9
20 4 20 6
20 8 20 10
12 33 17 33
7 14 7 16
32 6 32 7
14 6 15 6
4 18 4 23
7 14 11 14
19 19 20 19
20 28 23 28
15 12 15 15
25 4 28 4
23 29 30 29
1 12 2 12
15 2 15 6
23 29 23 32
26 26 28 26
11 18 12 18
10 33 12 33
13 34 14 34
6 33 8 33
7 11 7 14
7 5 8 5
19 16 19 19
20 10 22 10
2 0 2 2
21 2 22 2
7 5 7 7
1 23 2 23
32 27 34 27
8 5 8 9
24 3 24 5
12 24 12 27
22 10 26 10
22 2 23 2
7 16 8 16
12 21 12 24
30 18 32 18
30 23 30 24
8 9 11 9
23 28 23 29
17 25 20 25
4 23 4 24
27 14 32 14
