211
18 37 19 37
28 32 27 32
2 36 2 37
21 2 21 1
33 4 33 5
24 7 25 7
0 17 1 17
19 0 19 1
25 2 25 1
17 18 18 18
1 29 1 30
1 15 1 16
34 14 35 14
1 35 0 35
13 27 13 26
32 11 32 10
32 34 32 35
11 17 11 16
30 1 30 2
1 34 2 34
17 11 18 11
2 22 3 22
8 24 7 24
37 10 37 9
11 25 10 25
19 12 19 13
1 30 0 30
25 6 25 5
0 5 0 6
32 32 31 32
23 1 23 2
26 28 27 28
22 0 23 0
27 31 27 30
1 32 2 32
27 28 27 27
32 21 32 22
14 16 14 15
14 18 15 18
2 21 3 21
35 4 35 5
15 26 15 27
26 35 26 36
18 7 18 8
35 25 34 25
18 10 17 10
32 14 32 15
18 8 18 9
9 22 9 21
10 10 10 11
12 4 12 5
35 28 34 28
25 5 25 4
32 28 31 28
1 36 2 36
22 1 22 0
5 37 6 37
37 1 37 2
5 25 4 25
25 31 25 30
14 36 14 37
14 27 13 27
28 4 28 5
5 24 6 24
33 5 33 6
31 28 31 27
18 9 19 9
24 3 25 3
32 10 32 9
10 25 10 24
7 22 6 22
18 20 19 20
31 32 30 32
6 24 6 23
18 27 18 28
27 30 27 29
15 14 15 15
34 25 33 25
23 26 23 25
9 12 10 12
1 16 0 16
25 33 25 34
2 17 3 17
34 27 35 27
4 15 5 15
16 9 16 10
0 15 1 15
4 22 4 23
20 19 20 20
20 20 20 21
23 2 24 2
8 21 8 20
37 2 36 2
20 18 19 18
29 26 29 25
15 18 16 18
25 4 24 4
26 36 26 37
19 37 19 36
0 16 0 17
5 2 6 2
13 27 12 27
1 17 2 17
32 26 32 25
0 13 1 13
27 25 28 25
3 33 3 34
2 15 3 15
30 18 31 18
37 9 36 9
21 37 22 37
3 17 3 18
37 31 36 31
34 9 34 8
36 9 35 9
31 15 30 15
20 30 20 31
18 1 17 1
16 18 17 18
18 18 18 17
34 34 34 35
18 17 19 17
34 7 34 6
3 15 4 15
0 17 0 18
0 18 0 19
35 9 34 9
22 16 23 16
37 4 37 5
19 26 18 26
17 18 17 17
11 24 11 23
25 34 26 34
7 37 7 36
10 24 9 24
6 15 6 16
11 16 10 16
35 30 36 30
14 15 14 14
20 21 19 21
6 11 7 11
17 17 17 16
31 19 31 20
31 27 31 26
35 24 35 25
34 8 33 8
3 14 3 15
0 4 1 4
21 24 21 25
17 9 18 9
7 11 7 12
30 32 29 32
18 21 18 20
33 25 33 26
24 10 24 9
7 9 7 10
7 16 7 17
4 37 3 37
6 26 6 27
7 12 7 13
19 17 19 16
0 10 1 10
16 12 16 11
28 13 28 12
21 23 21 24
4 4 3 4
7 13 7 14
10 8 10 9
36 1 37 1
3 15 3 16
0 19 1 19
5 23 5 24
4 15 4 16
8 36 8 37
27 32 27 31
19 25 19 26
37 33 37 32
7 14 7 15
27 19 27 20
29 32 28 32
17 16 17 15
21 24 21 23
7 15 7 16
27 29 27 28
5 13 4 13
7 16 8 16
27 28 28 28
1 19 2 19
22 33 23 33
3 4 3 5
25 35 25 34
28 28 28 27
26 19 27 19
27 27 27 26
5 24 5 25
9 37 9 36
19 16 19 15
29 10 28 10
19 15 19 14
35 25 35 26
27 26 27 25
35 8 35 7
17 15 17 14
11 6 11 7
27 31 27 30
0 6 1 6
3 5 3 6
28 32 27 32
7 10 7 11
32 22 31 22
31 22 30 22
189
5 21 9 21
30 15 30 16
19 21 19 26
10 15 11 15
5 15 10 15
20 28 25 28
9 11 10 11
23 16 30 16
31 5 35 5
18 9 18 11
23 25 27 25
18 4 24 4
33 0 35 0
24 4 26 4
22 0 23 0
8 37 14 37
15 15 30 15
26 12 28 12
13 0 18 0
24 9 31 9
10 11 10 12
32 2 35 2
37 25 37 32
23 18 23 22
4 33 6 33
12 20 12 21
1 33 1 37
18 4 18 9
29 22 29 25
20 27 28 27
9 27 12 27
20 22 21 22
26 12 26 13
0 31 1 31
24 4 24 9
23 22 23 25
6 2 6 4
1 15 1 23
26 34 26 37
21 25 23 25
37 1 37 3
19 13 19 14
1 23 1 27
22 37 26 37
7 25 7 32
18 20 19 20
1 31 1 33
33 6 34 6
10 9 10 11
21 20 21 22
24 2 24 4
21 22 21 23
1 33 4 33
4 16 4 17
4 23 4 24
3 21 5 21
8 32 8 37
1 4 6 4
9 21 11 21
12 20 18 20
18 26 19 26
31 18 31 20
31 9 32 9
17 30 25 30
4 25 4 33
25 30 25 34
12 18 12 20
17 29 23 29
11 15 11 21
29 22 30 22
12 21 12 27
18 0 18 3
11 21 11 23
12 27 15 27
31 26 33 26
10 12 13 12
30 2 32 2
10 29 10 33
30 12 31 12
35 2 36 2
4 16 6 16
2 11 2 13
27 25 28 25
28 25 29 25
32 25 37 25
33 26 35 26
28 5 31 5
6 36 6 37
13 26 18 26
14 37 17 37
35 29 35 34
18 3 18 4
23 16 23 18
6 16 8 16
2 17 2 18
2 23 4 23
17 37 20 37
25 30 27 30
28 10 28 11
10 29 17 29
12 0 13 0
31 1 33 1
21 23 21 25
20 17 20 22
1 0 1 4
24 2 30 2
2 34 2 36
2 17 4 17
35 27 35 29
25 1 31 1
4 25 5 25
3 34 4 34
18 26 18 28
16 10 17 10
34 6 34 9
22 32 22 37
3 34 3 37
6 4 18 4
28 11 28 12
31 14 31 18
4 24 7 24
31 34 35 34
27 20 31 20
35 5 35 7
7 32 7 34
7 24 9 24
2 19 2 23
11 21 12 21
9 29 10 29
19 9 19 13
11 15 15 15
3 6 6 6
25 28 25 30
31 20 31 26
7 11 9 11
29 18 31 18
19 26 31 26
35 34 37 34
28 27 35 27
30 14 31 14
14 28 17 28
32 9 34 9
17 28 18 28
27 30 27 32
1 15 5 15
13 0 13 2
18 0 22 0
16 10 16 11
2 11 7 11
3 18 3 21
8 16 8 20
17 28 17 29
2 34 3 34
6 37 8 37
34 1 37 1
14 14 17 14
29 14 30 14
26 34 31 34
17 14 19 14
17 30 17 37
31 14 35 14
17 29 17 30
33 1 34 1
21 1 25 1
28 12 30 12
35 7 35 14
18 23 18 26
37 32 37 34
3 37 6 37
26 20 27 20
7 24 7 25
19 13 26 13
3 16 4 16
31 12 31 14
1 13 2 13
1 27 1 31
15 21 19 21
8 16 10 16
17 10 17 14
1 6 3 6
33 0 33 1
7 32 8 32
10 9 18 9
35 5 37 5
2 18 2 19
6 16 6 19
37 3 37 5
25 11 28 11
1 13 1 15
