205
5 30 4 30
38 2 37 2
38 11 37 11
27 36 27 37
17 5 16 5
20 7 21 7
21 12 21 13
23 16 23 15
38 12 37 12
12 5 12 6
30 37 30 38
32 33 32 34
31 29 32 29
26 13 25 13
34 14 35 14
24 28 23 28
14 21 14 22
40 12 39 12
41 26 40 26
10 31 10 30
12 37 12 36
23 0 22 0
36 4 37 4
26 31 26 30
22 12 21 12
22 0 22 1
17 40 17 39
15 19 15 20
41 13 40 13
18 25 18 26
40 38 39 38
37 31 36 31
28 15 28 16
23 32 23 33
32 34 33 34
8 28 9 28
39 12 39 13
27 37 28 37
36 31 36 32
15 2 15 1
35 1 35 0
17 24 17 23
33 3 33 2
21 36 21 35
16 11 16 10
34 38 34 37
18 16 18 17
28 18 27 18
4 39 5 39
29 29 29 30
31 15 30 15
33 24 33 25
37 8 36 8
16 26 15 26
25 11 26 11
35 31 34 31
34 22 34 23
27 11 27 12
6 32 5 32
39 13 38 13
19 7 19 8
36 32 35 32
32 30 33 30
35 0 36 0
12 8 13 8
29 9 29 8
17 26 17 25
15 26 14 26
11 9 11 8
33 25 32 25
25 30 25 31
18 17 18 18
29 35 28 35
36 0 37 0
9 24 9 23
40 13 40 14
5 0 4 0
38 13 37 13
12 17 12 18
15 1 14 1
17 39 16 39
36 8 36 9
16 1 16 2
10 30 10 29
21 21 21 22
11 28 11 29
5 36 6 36
24 11 25 11
26 33 26 34
35 25 34 25
19 8 18 8
5 39 5 38
4 11 3 11
38 39 37 39
40 16 40 15
35 32 34 32
16 39 16 38
20 21 21 21
32 29 32 30
40 15 39 15
33 12 33 11
5 10 5 9
21 8 20 8
12 1 13 1
20 14 21 14
14 10 14 11
39 39 38 39
39 5 39 4
4 25 4 26
23 7 22 7
34 31 33 31
11 8 12 8
13 18 13 17
22 30 23 30
24 39 25 39
40 26 40 27
31 26 32 26
1 38 1 37
14 26 14 27
14 27 14 28
14 30 14 31
2 24 2 23
40 27 40 28
35 22 34 22
16 10 15 10
18 8 17 8
33 33 32 33
33 11 34 11
1 24 2 24
3 41 3 40
15 10 14 10
5 32 4 32
13 1 13 2
40 14 40 15
31 16 31 15
39 4 39 3
39 15 38 15
4 14 4 13
28 22 28 21
28 37 29 37
1 37 2 37
17 11 16 11
5 28 5 29
40 15 39 15
30 1 30 2
19 6 19 5
34 23 35 23
37 39 37 38
3 11 2 11
6 20 6 21
27 35 27 36
21 7 21 6
35 14 36 14
29 8 29 7
28 21 28 20
19 38 18 38
5 5 4 5
34 22 33 22
2 37 3 37
28 1 29 1
38 39 37 39
25 38 25 37
31 15 32 15
34 32 33 32
14 10 13 10
41 8 41 9
8 40 8 39
32 17 32 18
29 1 30 1
16 9 16 10
13 10 12 10
2 23 3 23
7 32 6 32
3 37 3 38
13 5 12 5
3 23 4 23
19 13 18 13
3 38 3 39
21 13 22 13
38 29 38 28
3 39 4 39
38 34 39 34
37 0 38 0
16 10 15 10
3 13 3 14
30 7 30 8
20 8 20 9
38 15 37 15
4 23 5 23
39 15 38 15
18 13 17 13
27 25 27 26
22 13 21 13
17 13 17 12
29 7 30 7
38 15 38 16
38 16 37 16
38 8 37 8
6 3 7 3
12 21 12 22
21 6 21 7
14 7 13 7
4 39 5 39
33 28 33 27
17 12 17 13
195
3 7 3 14
17 23 17 25
5 3 7 3
33 2 37 2
30 2 33 2
16 40 23 40
8 1 14 1
30 8 30 15
7 6 12 6
14 0 14 1
1 26 4 26
28 38 28 39
4 13 8 13
4 0 7 0
0 7 0 11
13 22 14 22
26 30 29 30
26 8 26 11
13 31 14 31
12 18 12 20
25 11 25 13
12 8 12 10
14 22 14 23
12 36 13 36
7 1 7 3
28 38 30 38
32 30 33 30
21 35 28 35
12 22 13 22
33 31 33 32
5 21 6 21
32 18 35 18
33 6 34 6
4 10 4 13
30 15 32 15
37 38 37 39
17 25 32 25
4 27 4 30
32 15 37 15
9 10 12 10
16 5 19 5
15 38 16 38
25 39 26 39
28 16 32 16
4 5 4 7
3 7 4 7
22 1 30 1
22 6 22 7
12 20 12 22
24 38 28 38
33 6 33 10
23 40 24 40
36 9 38 9
24 38 24 40
11 29 13 29
9 23 9 28
12 5 12 6
20 6 22 6
33 10 33 14
34 35 34 37
39 31 39 34
22 1 22 6
14 25 14 28
12 31 13 31
20 5 20 6
18 33 18 35
33 32 33 34
34 35 39 35
3 40 4 40
30 1 30 2
12 18 18 18
37 13 37 15
34 29 35 29
14 11 14 13
16 5 16 11
34 9 36 9
5 35 5 38
10 29 10 35
37 2 37 4
26 11 26 14
32 26 32 30
14 28 23 28
12 10 12 18
28 35 28 38
33 5 35 5
14 31 14 33
21 13 21 14
32 16 35 16
14 23 17 23
12 6 12 8
29 37 32 37
7 1 8 1
32 37 33 37
4 0 4 5
1 7 1 26
17 13 21 13
22 7 30 7
14 22 21 22
30 38 37 38
36 5 36 9
30 18 32 18
32 25 32 26
5 2 5 3
4 10 9 10
32 23 32 25
4 30 4 32
0 7 1 7
12 10 15 10
5 21 5 23
38 0 38 9
35 28 35 29
33 37 34 37
39 35 39 38
32 14 33 14
38 9 41 9
4 32 4 40
35 5 35 7
27 26 32 26
21 21 21 22
14 1 22 1
13 2 16 2
5 23 9 23
1 5 4 5
38 9 38 28
5 29 7 29
14 13 17 13
4 40 16 40
26 8 30 8
7 3 7 6
17 6 20 6
33 30 33 31
41 3 41 9
21 13 25 13
5 38 7 38
18 35 18 38
32 14 32 15
20 9 20 11
7 29 10 29
13 31 13 36
4 26 4 27
36 9 36 14
7 38 15 38
38 28 40 28
28 16 28 20
5 35 10 35
23 28 23 30
32 33 32 37
1 3 1 5
23 30 23 33
5 23 5 29
21 16 28 16
26 30 26 32
23 33 32 33
15 20 20 20
35 18 35 23
16 3 16 5
13 2 13 7
37 39 40 39
16 38 18 38
15 34 15 38
32 16 32 18
35 28 37 28
23 30 26 30
17 13 17 17
37 15 37 16
7 27 7 29
37 28 38 28
18 18 24 18
34 29 34 30
20 20 28 20
20 6 20 9
34 30 34 35
9 28 12 28
28 14 28 16
21 14 21 16
7 20 12 20
13 19 13 22
13 17 17 17
37 4 37 5
30 7 30 8
14 11 16 11
35 5 36 5
21 12 21 13
17 8 17 13
4 13 4 26
34 9 34 11
39 3 41 3
5 38 5 39
13 22 13 29
35 23 35 28
26 11 28 11
18 33 23 33
16 2 16 3
39 34 39 35
13 29 13 31
