45
10 0 10 1
25 29 26 29
15 20 15 19
14 1 14 2
5 35 6 35
27 12 28 12
33 22 33 23
10 21 10 22
35 23 36 23
6 8 6 7
3 15 2 15
23 33 24 33
13 36 13 35
5 31 4 31
21 24 20 24
20 2 21 2
15 33 15 34
18 35 18 36
29 0 29 1
22 3 22 2
10 28 10 29
22 14 21 14
3 6 4 6
20 1 20 2
24 33 25 33
8 35 7 35
34 11 34 12
24 6 25 6
10 1 9 1
33 26 32 26
7 31 7 30
24 24 23 24
24 30 25 30
15 9 16 9
26 36 27 36
8 13 7 13
31 1 30 1
21 2 21 1
4 23 3 23
6 5 7 5
34 25 34 26
31 19 30 19
23 24 23 23
6 3 6 2
17 22 16 22
155
29 1 29 5
36 14 36 15
9 1 9 7
7 30 10 30
25 6 25 11
13 19 13 23
28 12 30 12
4 35 6 35
6 26 6 27
6 4 6 7
1 13 1 19
2 2 6 2
21 3 21 13
3 35 4 35
25 36 27 36
12 19 12 25
7 13 7 25
6 11 13 11
6 7 6 11
32 26 32 36
36 4 36 7
2 32 2 35
30 12 34 12
23 23 33 23
11 36 18 36
26 26 26 29
12 19 13 19
29 36 32 36
16 32 16 33
6 2 6 4
28 8 28 12
25 30 28 30
1 29 1 30
20 13 21 13
26 26 32 26
6 7 9 7
26 29 31 29
33 23 36 23
30 12 30 19
25 35 25 36
34 26 34 33
21 1 29 1
4 9 4 31
19 1 21 1
6 27 6 35
1 19 2 19
8 16 8 22
25 33 25 35
13 23 23 23
25 3 25 6
4 36 11 36
4 35 4 36
14 5 14 13
9 1 13 1
36 15 36 23
9 29 10 29
18 36 25 36
4 6 4 9
16 13 19 13
7 1 9 1
2 15 2 19
2 19 2 29
11 32 11 36
13 1 19 1
22 26 26 26
27 36 29 36
4 31 4 35
7 30 7 35
0 19 0 20
0 19 1 19
21 3 25 3
32 26 34 26
23 20 23 23
27 32 27 36
3 9 4 9
1 29 2 29
25 30 25 33
27 5 29 5
10 29 10 30
21 13 21 14
33 19 33 23
36 7 36 14
2 29 2 32
6 35 7 35
13 19 15 19
30 1 30 12
6 11 6 21
19 13 20 13
30 0 30 1
8 14 8 16
8 22 10 22
9 0 9 1
14 14 21 14
10 13 10 22
11 5 14 5
16 26 16 32
12 25 17 25
16 22 21 22
20 2 20 8
18 24 20 24
25 13 25 16
31 8 31 10
3 13 3 23
32 7 32 8
27 8 27 10
32 3 32 7
26 6 26 16
21 22 22 22
2 2 2 15
30 19 33 19
15 34 20 34
7 25 7 30
21 1 21 3
15 28 15 34
29 15 29 19
16 8 20 8
21 19 29 19
17 24 17 25
10 13 11 13
20 24 20 27
29 1 30 1
16 17 27 17
11 13 14 13
13 30 13 35
32 2 32 3
14 2 14 5
20 27 23 27
8 22 8 28
25 6 26 6
2 35 3 35
32 3 36 3
14 35 23 35
14 17 16 17
23 30 23 35
8 28 15 28
20 27 20 34
14 2 20 2
10 12 10 13
32 7 35 7
32 24 32 26
31 8 32 8
6 24 6 25
10 2 14 2
20 24 28 24
16 8 16 9
16 17 16 22
23 27 23 30
35 6 35 7
27 10 27 17
14 5 19 5
21 19 21 22
13 35 14 35
11 13 11 17
19 5 19 6
11 17 14 17
