135
15 2 15 1
2 12 1 12
2 5 3 5
16 15 15 15
14 14 15 14
12 13 11 13
5 11 5 12
13 13 12 13
4 1 4 0
5 12 4 12
2 9 3 9
4 2 4 1
16 12 16 11
13 12 13 13
6 11 5 11
11 5 10 5
17 15 16 15
11 6 11 5
12 9 13 9
6 7 5 7
6 8 6 7
11 7 11 6
2 13 2 12
12 10 12 9
11 8 11 7
13 1 13 0
16 13 16 12
10 2 11 2
15 3 15 2
16 3 15 3
17 3 16 3
2 10 2 9
5 13 5 14
13 14 14 14
2 11 2 10
2 6 2 5
12 14 13 14
11 10 12 10
2 7 2 6
11 14 12 14
8 4 9 4
17 4 17 3
7 4 8 4
14 1 13 1
2 14 2 13
12 8 11 8
11 15 11 14
15 13 16 13
6 12 6 11
2 15 2 14
14 12 13 12
11 9 11 10
17 5 17 4
2 8 2 7
12 7 12 8
3 1 3 0
12 1 11 1
10 15 11 15
3 2 4 2
16 5 17 5
11 7 12 7
3 3 3 2
1 11 2 11
1 15 2 15
10 16 10 15
4 1 3 1
10 17 10 16
1 1 1 0
6 6 5 6
10 3 10 4
11 8 11 9
12 2 12 1
12 3 12 2
9 17 10 17
10 8 11 8
8 17 9 17
15 12 14 12
3 8 2 8
12 4 12 3
1 2 1 1
7 5 7 4
8 16 8 17
15 11 15 12
16 6 16 5
3 9 3 8
6 13 6 12
7 13 6 13
6 5 6 6
14 13 15 13
1 16 1 15
14 14 14 13
4 2 4 1
2 9 3 9
13 14 14 14
17 16 17 15
1 9 2 9
10 1 10 2
9 16 8 16
16 7 16 6
0 9 1 9
0 11 1 11
12 5 12 4
13 5 12 5
16 16 17 16
7 14 7 13
13 13 13 14
1 17 1 16
0 17 1 17
6 14 7 14
9 3 10 3
9 2 9 3
2 3 3 3
2 4 2 3
6 15 6 14
0 16 0 17
6 13 5 13
6 16 6 15
5 16 6 16
12 13 13 13
5 15 5 16
6 15 5 15
6 14 6 13
1 4 2 4
5 14 6 14
7 8 6 8
6 8 7 8
14 2 14 1
1 16 0 16
12 12 12 13
4 14 5 14
11 8 11 7
12 8 11 8
5 5 6 5
9 15 9 16
9 8 10 8
163
13 15 13 16
5 13 6 13
0 12 1 12
1 15 1 17
16 9 17 9
1 14 1 15
6 7 7 7
11 8 13 8
9 7 10 7
5 8 5 9
12 16 13 16
7 1 8 1
6 2 6 3
9 16 9 17
15 10 16 10
0 10 0 12
16 15 16 17
16 8 16 9
13 8 14 8
5 9 5 10
16 9 16 10
0 7 0 8
14 15 15 15
13 0 14 0
6 2 7 2
15 7 15 8
5 7 5 8
8 8 10 8
9 3 10 3
10 8 11 8
3 13 4 13
1 13 1 14
4 13 4 15
4 8 5 8
3 0 4 0
17 14 17 15
13 14 14 14
14 6 15 6
6 4 7 4
13 8 13 9
3 4 4 4
11 16 12 16
16 11 17 11
10 13 10 14
11 13 12 13
3 7 3 8
5 10 5 11
3 6 3 7
16 1 16 2
11 13 11 14
8 8 8 9
12 13 13 13
2 10 3 10
15 15 16 15
6 14 7 14
8 3 8 4
7 8 8 8
16 3 17 3
3 3 3 4
16 2 16 3
14 0 14 1
0 6 1 6
9 1 11 1
7 1 7 2
1 3 1 5
2 16 3 16
12 15 13 15
7 7 8 7
15 8 16 8
2 9 3 9
9 12 9 13
11 3 12 3
15 14 15 15
5 8 7 8
0 8 0 10
8 0 8 1
3 1 3 2
1 8 1 9
13 17 14 17
1 7 1 8
13 3 13 4
2 13 3 13
17 0 17 1
10 4 11 4
14 9 15 9
2 9 2 10
17 16 17 17
2 0 3 0
9 6 9 7
15 5 15 6
2 10 2 11
15 13 15 14
3 6 4 6
13 6 13 7
9 14 9 16
15 0 16 0
0 0 0 1
14 8 15 8
9 17 10 17
5 3 6 3
9 5 9 6
16 0 16 1
10 7 11 7
13 14 13 15
6 3 6 4
3 8 4 8
14 10 15 10
11 10 11 11
15 2 16 2
3 16 3 17
13 16 13 17
4 4 4 5
15 10 15 12
15 7 17 7
1 3 2 3
8 3 9 3
8 12 9 12
1 13 2 13
7 15 8 15
13 13 14 13
8 7 9 7
4 15 5 15
1 1 1 3
1 12 1 13
10 16 10 17
1 17 2 17
11 4 12 4
7 14 7 15
9 1 9 3
11 17 12 17
1 11 2 11
4 5 6 5
12 4 13 4
15 6 15 7
5 11 5 13
10 3 10 4
8 4 8 5
8 5 9 5
10 13 11 13
4 13 5 13
1 5 1 6
9 0 9 1
6 5 8 5
3 16 4 16
15 12 15 13
3 2 5 2
1 9 2 9
9 13 10 13
3 2 3 3
4 16 5 16
1 5 2 5
0 5 0 6
0 1 1 1
17 15 17 16
10 16 11 16
1 6 1 7
13 4 13 6
1 0 2 0
13 2 15 2
14 14 14 15
3 10 4 10
13 2 13 3
2 3 3 3
