220
15 1 15 2
23 5 23 6
2 2 1 2
1 0 2 0
5 10 4 10
15 10 15 11
25 2 26 2
25 4 25 3
11 9 10 9
26 4 25 4
27 12 26 12
22 23 22 22
3 14 4 14
20 22 20 21
10 19 10 20
5 24 6 24
6 15 5 15
4 8 5 8
18 0 18 1
22 18 21 18
3 21 4 21
25 18 26 18
4 1 4 0
6 27 5 27
20 21 21 21
7 7 8 7
18 8 18 9
24 12 24 11
10 27 10 26
18 14 19 14
20 10 20 9
25 23 25 22
21 5 20 5
25 3 24 3
14 22 15 22
18 12 18 13
13 1 12 1
4 20 5 20
23 13 23 12
5 16 5 17
13 9 13 10
26 5 25 5
3 17 3 16
13 16 14 16
10 10 10 11
1 25 2 25
17 16 17 17
5 1 4 1
15 24 15 23
21 4 21 5
12 4 12 5
26 19 27 19
1 14 0 14
17 6 18 6
5 20 6 20
22 24 22 23
15 12 15 13
7 16 8 16
9 6 9 7
19 11 18 11
7 21 8 21
14 19 14 20
18 1 18 2
17 18 17 19
16 6 17 6
1 17 1 18
9 19 9 20
27 22 26 22
14 11 13 11
9 16 9 15
14 16 14 15
4 14 4 13
15 11 15 12
9 7 9 8
25 5 24 5
14 26 14 27
23 18 22 18
6 0 7 0
11 21 11 20
1 15 1 14
22 18 22 19
21 16 21 17
1 14 2 14
15 3 16 3
8 7 8 8
26 1 27 1
21 15 21 16
4 9 5 9
2 23 3 23
2 4 1 4
11 4 12 4
3 7 3 8
3 8 4 8
2 26 1 26
14 23 13 23
18 6 19 6
11 13 11 12
15 27 15 26
4 13 5 13
24 21 24 20
8 16 9 16
19 12 19 11
25 22 25 21
24 11 23 11
26 0 25 0
20 5 20 4
8 6 9 6
5 17 5 18
6 1 6 2
3 23 3 22
27 20 26 20
26 22 25 22
2 20 1 20
7 17 7 16
6 23 5 23
15 23 14 23
24 5 23 5
22 22 22 21
4 4 3 4
22 7 21 7
20 6 20 5
21 22 20 22
9 22 10 22
15 20 15 19
18 15 18 16
24 4 24 5
19 11 19 10
14 25 13 25
7 20 7 19
25 6 25 7
19 1 19 2
22 26 23 26
2 14 3 14
4 16 5 16
6 26 6 27
17 14 18 14
2 19 2 20
23 14 23 13
5 13 5 12
2 25 2 26
14 7 14 6
1 19 2 19
15 26 14 26
24 22 24 21
5 16 6 16
5 15 5 14
14 10 14 11
4 21 4 20
23 6 22 6
24 23 24 22
18 7 18 8
14 11 15 11
19 25 19 24
3 16 4 16
27 27 27 26
2 10 1 10
24 1 24 2
11 20 11 19
14 26 14 25
21 5 21 6
8 20 7 20
3 14 4 14
5 9 6 9
14 13 14 14
9 16 10 16
18 2 17 2
15 25 15 26
15 2 15 3
23 12 24 12
5 12 6 12
11 19 12 19
25 1 26 1
18 21 18 22
12 4 12 3
4 24 4 25
12 19 13 19
6 5 7 5
10 13 11 13
4 14 4 13
23 1 24 1
4 6 5 6
4 16 5 16
5 16 5 15
7 5 8 5
4 13 5 13
13 19 14 19
2 21 2 22
0 19 1 19
8 5 8 6
10 22 10 23
14 14 13 14
3 22 4 22
14 19 14 18
24 20 24 19
18 22 18 23
3 6 4 6
6 12 6 11
26 20 26 19
12 3 13 3
23 5 23 6
14 18 14 17
17 24 17 23
1 20 1 21
5 13 5 12
4 22 4 21
14 17 15 17
4 20 5 20
5 12 6 12
22 25 22 26
5 15 6 15
8 6 8 7
4 21 4 20
16 0 16 1
8 7 7 7
7 7 7 8
15 3 15 2
7 8 7 9
14 15 14 14
1 19 0 19
10 18 10 19
180
25 11 26 11
25 7 25 9
10 25 13 25
23 17 26 17
16 19 17 19
5 22 5 23
1 18 2 18
11 13 12 13
24 9 25 9
15 11 18 11
19 14 21 14
18 9 18 11
1 21 1 26
25 0 25 4
8 19 10 19
5 18 6 18
12 13 12 14
15 13 16 13
3 18 4 18
2 6 4 6
18 9 20 9
18 8 18 9
23 8 23 9
4 6 4 8
20 1 20 4
7 0 10 0
16 1 20 1
1 18 1 21
26 26 27 26
17 23 18 23
18 13 22 13
19 16 20 16
15 19 15 22
17 5 18 5
1 10 1 12
5 21 8 21
25 21 25 22
17 17 19 17
22 4 25 4
4 18 5 18
4 20 5 20
4 18 4 19
5 23 5 27
15 2 15 4
4 1 4 2
6 11 10 11
21 21 21 23
21 19 22 19
17 15 19 15
19 14 19 15
8 8 9 8
7 16 7 19
12 1 16 1
17 19 21 19
5 23 7 23
13 2 15 2
4 2 4 6
17 5 17 6
17 13 18 13
19 24 19 26
1 21 5 21
23 20 23 22
4 1 7 1
12 1 12 5
6 16 7 16
18 23 18 24
7 0 7 1
18 5 18 8
15 22 15 26
5 8 8 8
24 1 24 2
19 6 21 6
21 23 22 23
10 16 15 16
20 4 22 4
17 13 17 15
10 0 12 0
15 8 18 8
12 0 12 1
0 14 5 14
10 26 15 26
16 13 17 13
2 18 3 18
14 12 15 12
13 14 14 14
26 11 27 11
14 24 14 25
6 15 6 16
25 4 25 7
5 8 5 11
21 10 23 10
24 22 25 22
13 25 14 25
26 23 26 26
17 15 17 17
17 17 17 19
14 9 14 12
26 18 26 19
27 1 27 2
23 13 24 13
22 13 23 13
20 9 21 9
10 14 10 16
5 11 5 14
6 19 6 20
8 19 8 21
23 23 26 23
24 18 26 18
12 14 13 14
21 16 22 16
6 11 6 12
8 18 8 19
22 26 22 27
26 19 26 23
21 19 21 21
5 14 5 18
15 19 16 19
2 0 2 6
22 5 22 6
21 6 21 7
15 16 16 16
15 2 17 2
10 23 10 25
10 23 12 23
13 24 14 24
3 2 3 3
23 9 23 10
10 19 15 19
10 9 14 9
14 6 15 6
8 3 8 8
5 21 5 22
19 2 19 6
6 9 7 9
5 20 6 20
14 23 14 24
15 26 18 26
20 16 21 16
22 17 23 17
22 23 23 23
14 6 14 8
24 2 24 3
22 5 24 5
13 2 13 3
23 17 23 20
14 21 14 23
8 17 8 18
19 17 20 17
26 14 26 17
18 24 19 24
7 16 10 16
6 19 7 19
24 10 24 12
22 16 22 17
2 26 2 27
0 12 0 14
23 6 23 8
22 6 23 6
25 7 26 7
14 8 14 9
24 12 25 12
25 9 25 11
12 13 15 13
26 12 26 14
25 12 26 12
17 2 19 2
19 10 21 10
10 9 10 11
23 10 24 10
21 6 22 6
10 11 10 14
6 9 6 11
15 16 15 17
19 26 22 26
15 4 16 4
18 11 18 13
15 4 15 6
0 1 1 1
4 8 5 8
23 22 24 22
