314
31 30 31 31
46 33 46 32
9 37 9 38
24 25 24 26
42 3 42 4
20 32 21 32
15 19 16 19
14 23 15 23
27 1 27 0
43 22 43 23
43 2 43 3
21 32 21 31
41 11 42 11
44 39 43 39
6 28 6 27
37 34 38 34
13 24 13 23
27 0 26 0
36 12 37 12
46 32 45 32
34 4 33 4
26 33 26 32
37 31 37 32
24 11 24 10
10 6 10 7
36 10 35 10
4 29 4 28
19 9 20 9
33 15 32 15
20 9 21 9
0 8 0 7
46 18 45 18
43 5 44 5
2 41 2 42
21 35 21 34
4 23 5 23
15 25 14 25
6 35 6 34
43 23 43 24
36 41 36 42
7 44 8 44
15 23 16 23
36 42 37 42
42 4 42 5
32 6 31 6
37 42 38 42
7 7 7 6
39 36 39 37
45 16 46 16
12 10 12 9
46 16 46 15
28 34 28 33
43 24 42 24
43 46 44 46
2 3 2 4
39 37 40 37
42 24 41 24
7 41 7 42
26 44 27 44
35 16 35 15
15 20 16 20
40 37 41 37
12 11 13 11
19 18 18 18
43 10 43 11
38 34 38 33
13 6 12 6
41 24 41 25
16 23 17 23
41 25 41 26
45 23 44 23
41 26 41 27
24 1 24 0
8 18 9 18
18 33 19 33
24 32 23 32
41 27 41 28
8 2 8 3
41 28 41 29
5 29 6 29
37 32 37 33
3 5 3 6
17 23 17 22
4 28 5 28
37 22 37 23
41 29 41 30
27 44 27 43
17 10 18 10
42 5 42 6
7 25 8 25
3 6 3 7
41 30 41 31
12 6 12 7
8 1 9 1
40 4 40 5
7 42 7 43
25 17 24 17
7 12 6 12
35 24 34 24
14 25 13 25
36 40 36 41
39 7 38 7
7 43 8 43
18 0 19 0
8 25 9 25
9 22 10 22
20 8 19 8
41 31 41 32
6 29 6 28
3 35 4 35
36 24 37 24
11 41 10 41
41 32 41 33
32 39 31 39
41 33 41 34
37 5 38 5
25 32 25 33
35 25 35 24
34 11 35 11
8 3 8 4
16 37 15 37
33 4 33 5
4 22 4 23
46 21 46 20
45 32 44 32
38 9 38 8
17 22 18 22
9 25 9 26
41 34 40 34
6 28 7 28
40 10 40 11
46 15 46 14
46 14 46 13
28 27 27 27
36 41 36 42
18 22 19 22
38 29 38 28
18 5 18 4
7 6 8 6
16 20 17 20
27 27 27 26
6 19 6 18
46 13 45 13
46 8 45 8
1 6 1 7
19 22 20 22
1 7 1 8
20 22 21 22
38 42 39 42
10 35 10 34
14 38 14 37
46 42 46 41
18 4 18 3
40 5 40 6
38 14 38 15
9 3 9 2
21 22 22 22
22 5 23 5
9 26 9 27
9 33 8 33
24 26 24 27
31 12 32 12
8 32 7 32
6 34 7 34
7 13 7 14
40 6 40 7
27 12 27 11
42 6 41 6
39 42 40 42
39 32 38 32
21 34 21 33
13 35 14 35
30 14 31 14
21 9 21 10
23 5 23 6
6 9 6 10
34 24 33 24
46 41 46 40
45 13 44 13
10 7 10 8
17 20 18 20
21 33 22 33
33 24 32 24
18 27 17 27
22 33 22 32
40 42 41 42
13 25 13 24
22 22 23 22
24 24 24 25
10 41 10 40
4 35 5 35
44 37 44 36
22 32 22 31
25 3 26 3
23 22 24 22
5 2 5 3
40 23 41 23
32 44 32 43
43 3 43 4
24 22 25 22
44 32 43 32
11 35 10 35
43 4 42 4
44 13 43 13
0 41 1 41
6 37 6 36
25 22 26 22
44 16 43 16
5 16 6 16
10 35 9 35
26 32 26 31
46 40 45 40
27 11 26 11
7 28 8 28
37 33 37 34
8 4 8 5
5 28 6 28
28 33 28 32
7 14 7 15
6 28 7 28
6 10 7 10
9 1 9 0
35 24 34 24
6 16 6 15
0 2 0 3
8 28 8 29
2 42 2 43
25 24 26 24
6 36 7 36
42 4 42 5
25 27 26 27
21 10 22 10
19 0 20 0
22 10 22 11
24 42 23 42
43 6 43 5
15 37 15 38
8 29 9 29
44 36 43 36
10 40 10 39
26 27 26 26
20 17 20 18
9 27 10 27
42 46 41 46
7 36 8 36
26 22 27 22
8 6 8 7
32 20 33 20
10 39 10 38
22 11 23 11
41 6 40 6
23 32 22 32
7 34 8 34
23 42 23 43
10 38 10 37
13 9 13 8
43 5 43 4
40 7 40 8
9 29 9 30
9 30 9 31
40 8 40 9
8 5 8 6
43 13 42 13
12 41 11 41
23 11 24 11
23 6 24 6
24 11 25 11
35 11 35 12
8 7 8 8
5 33 4 33
38 28 38 29
8 46 9 46
8 36 9 36
24 6 25 6
37 34 36 34
7 28 8 28
42 5 42 6
28 28 27 28
36 34 35 34
45 40 44 40
28 26 29 26
1 41 2 41
15 38 14 38
8 28 9 28
7 32 7 33
42 23 43 23
8 34 9 34
9 28 9 27
17 27 16 27
6 18 6 17
44 40 43 40
22 32 21 32
9 34 9 33
9 27 9 26
8 6 8 7
25 11 25 10
25 10 26 10
9 31 10 31
9 36 10 36
9 26 10 26
41 9 42 9
25 6 25 7
11 13 12 13
29 26 29 27
42 9 43 9
44 0 45 0
26 10 27 10
35 34 34 34
8 7 9 7
12 13 12 12
25 7 26 7
9 7 9 8
26 7 27 7
9 33 10 33
186
18 17 21 17
32 23 37 23
44 20 46 20
6 8 8 8
18 3 26 3
11 40 13 40
11 40 11 41
31 9 31 11
4 15 6 15
40 34 40 39
3 7 12 7
14 31 15 31
9 24 10 24
34 34 40 34
40 6 42 6
10 37 14 37
31 31 31 36
43 32 43 36
3 30 4 30
32 12 32 15
21 38 32 38
10 36 16 36
20 38 21 38
43 30 43 32
21 11 21 12
5 23 5 24
21 31 22 31
42 11 42 13
6 15 6 17
24 25 26 25
40 6 40 9
41 23 41 37
31 11 33 11
42 6 44 6
5 24 5 27
24 12 24 17
16 19 16 21
40 9 40 11
20 38 20 41
5 27 6 27
32 24 32 26
9 18 18 18
21 11 26 11
26 3 26 8
12 2 20 2
37 23 37 24
21 38 21 39
18 18 18 20
21 32 28 32
40 11 42 11
44 20 44 23
28 4 28 10
4 23 5 23
19 7 19 8
12 12 21 12
14 38 14 41
22 26 26 26
22 19 22 26
27 10 28 10
39 20 44 20
12 7 12 9
9 2 12 2
30 10 30 15
35 15 38 15
37 23 39 23
15 31 21 31
40 39 43 39
26 0 26 3
10 34 10 36
26 0 31 0
32 26 32 38
24 0 26 0
4 23 4 30
43 39 43 40
12 2 12 7
12 9 17 9
5 3 11 3
31 6 31 9
26 26 27 26
12 12 12 14
10 24 13 24
37 29 38 29
10 9 12 9
8 43 8 44
32 12 35 12
41 23 43 23
21 27 21 31
0 7 3 7
37 24 37 29
0 3 5 3
12 9 12 12
1 8 6 8
14 38 20 38
19 33 19 37
24 17 24 25
21 17 24 17
30 15 32 15
43 36 43 39
16 27 21 27
27 6 27 7
32 43 34 43
37 9 40 9
10 26 10 27
27 22 29 22
43 9 43 11
24 27 29 27
27 7 27 10
11 41 14 41
6 17 6 20
44 11 44 20
9 8 10 8
34 24 37 24
31 0 33 0
8 35 9 35
0 7 0 13
14 37 19 37
10 36 10 37
22 31 26 31
10 31 14 31
9 38 14 38
43 11 44 11
10 31 10 33
9 0 9 2
32 15 35 15
18 17 18 18
9 18 9 24
26 8 26 11
5 24 9 24
2 43 8 43
30 5 30 10
26 25 26 26
20 0 20 2
9 35 9 38
31 0 31 6
41 40 41 41
41 37 42 37
40 39 40 40
6 8 6 12
34 34 34 43
38 5 38 7
36 5 38 5
4 34 5 34
29 22 29 27
5 34 5 35
38 5 44 5
31 9 37 9
35 10 35 12
21 27 24 27
6 27 7 27
2 41 2 43
19 8 26 8
33 5 36 5
23 43 27 43
9 24 9 35
44 23 44 46
43 23 43 26
8 8 9 8
44 5 46 5
16 21 16 27
41 42 41 46
10 33 10 34
4 33 7 33
38 29 38 32
14 31 14 35
21 32 21 38
27 10 27 22
46 5 46 20
31 11 31 14
41 46 44 46
32 38 32 43
21 12 21 17
41 41 41 42
27 43 32 43
4 30 4 33
36 42 41 42
12 14 13 14
43 23 44 23
28 10 30 10
26 31 31 31
39 23 41 23
6 12 6 15
10 27 16 27
32 15 32 19
6 15 7 15
32 19 32 23
2 41 11 41
