109
19 2 19 1
5 16 4 16
21 24 22 24
3 13 3 14
15 2 15 3
16 7 15 7
16 11 15 11
8 3 9 3
29 21 28 21
13 12 13 13
16 26 17 26
3 14 2 14
5 1 5 2
7 14 7 13
11 25 11 26
3 7 4 7
2 25 3 25
24 20 24 19
30 21 29 21
8 13 9 13
6 30 6 29
20 0 20 1
7 9 7 8
23 21 23 22
19 5 18 5
10 29 10 28
8 12 7 12
6 3 7 3
27 22 28 22
9 14 10 14
10 30 9 30
18 2 18 1
14 30 14 29
14 20 13 20
26 2 26 1
5 2 5 3
5 10 5 9
28 22 28 23
18 4 18 3
15 26 15 25
10 28 10 27
20 11 19 11
18 8 17 8
12 27 12 26
9 13 9 14
2 14 1 14
25 27 25 26
19 25 19 24
23 28 24 28
26 25 26 24
24 28 24 29
4 8 5 8
10 24 9 24
3 25 3 24
26 6 27 6
8 6 7 6
4 16 4 15
11 27 11 28
26 20 27 20
24 9 24 8
30 1 30 0
21 26 22 26
0 2 0 3
18 27 18 26
6 2 5 2
19 6 20 6
1 6 2 6
2 7 2 8
5 9 4 9
23 29 23 30
28 15 27 15
24 19 25 19
3 26 3 27
17 8 17 7
26 1 26 0
29 21 29 22
7 6 6 6
9 25 9 26
18 26 18 25
19 11 19 10
2 8 2 9
4 0 5 0
12 26 12 25
10 27 10 26
4 15 4 14
9 21 10 21
1 5 1 6
28 23 29 23
20 1 20 2
5 2 5 1
29 22 28 22
14 15 14 16
0 3 1 3
26 18 27 18
5 12 4 12
2 13 2 12
2 9 2 10
1 3 2 3
4 7 4 6
3 27 2 27
10 26 10 25
2 10 2 11
19 12 19 11
11 9 11 8
23 14 24 14
26 24 25 24
14 2 15 2
13 8 14 8
5 3 5 2
190
5 8 5 11
16 2 20 2
11 17 13 17
12 13 13 13
24 8 26 8
9 3 15 3
4 23 4 24
7 3 9 3
18 3 18 5
16 0 17 0
17 21 18 21
17 26 17 27
27 18 27 20
29 20 30 20
21 22 23 22
7 8 9 8
1 28 4 28
24 1 24 8
17 26 22 26
27 20 29 20
4 24 6 24
15 3 15 7
27 23 29 23
7 3 7 7
30 20 30 25
7 7 7 8
20 4 20 6
17 24 17 26
7 12 7 13
15 3 18 3
11 26 11 28
16 1 16 2
5 11 5 15
12 13 12 14
30 25 30 28
11 26 17 26
29 20 29 23
17 13 17 16
8 26 9 26
22 25 22 26
12 7 15 7
6 12 7 12
11 28 15 28
19 11 19 14
9 9 9 10
7 30 8 30
6 24 6 29
7 22 7 23
28 28 30 28
22 25 24 25
19 14 21 14
4 28 4 30
6 29 8 29
22 26 25 26
23 3 23 7
15 2 16 2
1 9 1 14
28 8 28 11
27 11 27 15
4 24 4 28
15 0 16 0
0 17 0 20
2 22 7 22
22 26 22 28
1 22 2 22
9 8 9 9
27 20 27 21
22 19 25 19
30 28 30 29
28 16 29 16
26 8 27 8
22 17 22 19
18 14 19 14
9 26 11 26
3 17 5 17
5 15 5 17
5 2 15 2
2 17 2 22
15 29 19 29
15 21 17 21
1 22 1 27
29 16 29 17
2 11 5 11
29 17 29 20
0 17 2 17
12 1 15 1
15 7 15 8
10 21 13 21
7 8 7 12
17 7 17 10
28 11 28 14
9 14 10 14
19 10 19 11
4 12 4 14
14 29 15 29
9 8 10 8
9 3 9 4
28 21 28 22
1 6 1 9
25 19 25 22
14 14 14 16
23 18 27 18
25 22 28 22
1 27 1 28
7 13 12 13
15 2 15 3
17 21 17 24
28 14 28 16
10 25 12 25
8 26 8 29
13 17 13 20
27 8 28 8
30 0 30 6
9 26 9 30
25 14 26 14
22 3 23 3
18 25 21 25
22 2 22 3
9 10 10 10
26 12 26 14
17 13 18 13
24 29 24 30
15 8 15 11
6 1 12 1
17 10 19 10
27 15 27 17
20 6 20 7
1 0 5 0
26 5 26 8
20 7 21 7
11 8 11 11
5 1 6 1
22 1 22 2
17 0 23 0
15 0 15 1
24 25 30 25
10 14 10 21
0 6 1 6
12 25 15 25
6 5 6 6
13 17 17 17
19 29 24 29
17 16 17 17
4 6 6 6
17 16 18 16
22 17 23 17
22 8 22 9
5 0 5 1
26 14 26 17
1 9 4 9
5 8 7 8
4 6 4 9
19 1 22 1
2 17 3 17
21 23 21 25
14 8 14 14
25 22 25 24
11 5 11 8
21 7 23 7
23 0 23 3
10 21 10 23
21 5 21 7
1 14 4 14
7 21 10 21
21 22 21 23
26 17 27 17
2 23 2 24
23 22 25 22
2 3 7 3
19 9 22 9
18 1 19 1
1 0 1 6
15 7 17 7
2 24 2 27
11 11 13 11
17 17 22 17
23 17 26 17
3 24 4 24
14 16 17 16
16 30 17 30
23 0 26 0
13 20 13 21
24 8 24 11
18 7 20 7
22 9 22 17
23 7 23 17
26 0 30 0
24 29 26 29
10 23 10 25
11 8 14 8
