115
12 30 12 29
10 16 11 16
16 8 16 9
0 27 1 27
29 1 29 2
32 5 32 4
25 14 25 15
8 7 8 8
34 26 34 27
1 35 2 35
34 14 35 14
12 29 12 28
1 4 0 4
28 24 27 24
34 7 35 7
33 15 33 14
26 28 27 28
17 9 17 10
9 28 9 29
15 22 15 21
35 32 35 33
18 19 18 20
12 21 12 22
15 21 15 20
4 8 5 8
35 33 34 33
19 0 19 1
34 35 33 35
11 31 10 31
30 12 30 11
18 34 18 35
23 10 23 9
4 7 4 8
26 20 26 21
35 11 34 11
21 7 21 6
10 29 10 28
29 5 29 6
11 25 11 24
30 10 30 9
0 0 0 1
26 7 27 7
33 14 34 14
34 33 34 34
31 15 31 16
19 21 19 20
3 29 3 30
22 23 23 23
29 2 29 3
3 1 3 2
19 1 20 1
3 4 3 3
27 3 27 4
0 18 0 17
23 15 23 14
27 17 27 16
1 29 1 28
15 1 16 1
32 2 32 1
24 15 23 15
30 22 30 23
2 3 2 4
27 5 27 6
10 30 11 30
4 16 5 16
17 26 17 25
27 4 26 4
0 17 0 16
2 29 2 30
23 14 22 14
13 10 14 10
25 35 25 34
21 6 22 6
32 16 32 17
25 23 25 24
4 17 4 16
18 20 18 21
3 2 2 2
20 25 21 25
15 8 16 8
18 17 18 16
2 35 2 34
22 6 23 6
22 14 22 15
11 14 11 13
26 17 25 17
33 35 33 34
18 30 18 31
16 1 16 2
5 8 5 7
4 12 3 12
10 34 10 35
22 10 22 9
23 28 23 29
27 13 27 14
7 14 7 15
29 3 29 4
24 34 24 35
11 16 11 15
3 33 3 32
29 4 29 5
29 20 29 21
7 15 8 15
34 2 35 2
12 17 13 17
11 17 11 16
10 23 11 23
5 28 6 28
30 19 29 19
18 35 18 34
4 31 4 32
16 13 17 13
6 13 7 13
34 5 34 6
1 34 1 35
185
32 4 32 6
26 4 26 6
34 11 34 14
8 8 9 8
26 21 27 21
27 1 30 1
30 11 34 11
28 16 31 16
7 13 11 13
24 6 26 6
26 4 32 4
22 11 22 15
16 19 16 22
32 1 32 4
33 28 33 34
34 6 34 11
7 24 11 24
4 4 4 5
2 30 3 30
0 16 4 16
19 23 19 25
21 17 21 19
11 23 19 23
5 24 7 24
32 4 35 4
10 28 10 31
9 8 14 8
6 28 6 34
11 11 11 13
12 22 16 22
14 8 16 8
1 28 1 33
22 7 22 9
20 15 22 15
22 4 26 4
21 25 21 28
20 19 21 19
27 14 27 16
17 25 19 25
11 23 11 24
15 27 15 28
32 15 32 17
15 28 21 28
27 29 32 29
2 30 2 34
7 13 7 16
20 15 20 19
19 34 25 34
8 15 11 15
11 1 14 1
0 1 0 4
2 2 2 4
4 8 8 8
20 13 20 15
16 22 19 22
21 19 21 20
17 10 17 13
4 8 4 16
17 13 17 14
25 15 25 17
19 22 19 23
23 23 26 23
4 16 5 16
11 11 12 11
22 9 22 11
0 26 0 28
30 1 32 1
10 7 13 7
2 34 4 34
32 28 33 28
20 23 23 23
4 34 6 34
27 28 27 29
13 19 13 20
27 14 34 14
12 28 15 28
0 26 11 26
17 13 20 13
32 28 32 29
13 20 15 20
4 28 4 32
32 18 32 23
25 25 25 28
33 34 34 34
27 24 27 28
7 3 7 6
23 15 23 16
23 9 27 9
10 35 14 35
16 2 16 8
3 32 4 32
32 15 35 15
5 3 5 7
9 4 14 4
35 24 35 27
35 14 35 15
14 8 14 10
3 8 4 8
27 21 27 24
9 35 10 35
32 27 34 27
25 34 33 34
18 31 18 34
15 13 15 16
20 2 31 2
10 28 12 28
0 4 0 13
28 21 29 21
25 31 29 31
6 28 10 28
34 27 35 27
5 7 9 7
7 1 7 3
23 16 23 21
2 4 4 4
13 17 13 19
11 29 11 30
5 16 7 16
22 4 22 7
27 16 28 16
4 32 4 33
14 4 14 8
18 34 19 34
24 14 27 14
27 6 27 7
26 21 26 22
11 16 15 16
5 16 5 24
5 3 7 3
4 6 4 8
23 6 23 9
11 29 21 29
20 2 20 4
15 16 18 16
13 25 17 25
34 27 34 32
30 23 32 23
23 25 25 25
27 7 27 9
15 16 15 20
20 1 20 2
7 1 11 1
11 24 11 26
32 6 32 7
11 15 11 16
3 3 5 3
1 28 4 28
19 25 21 25
1 33 1 35
18 21 23 21
20 9 20 13
23 25 23 29
18 1 20 1
4 5 4 6
14 10 17 10
25 7 27 7
27 9 30 9
35 7 35 14
29 5 29 6
3 12 3 13
0 1 7 1
23 21 23 23
15 11 15 13
23 15 25 15
23 23 23 25
18 16 18 21
25 28 25 31
0 13 3 13
32 17 32 18
23 9 23 15
27 6 29 6
28 21 28 26
27 19 29 19
9 29 9 35
25 19 27 19
29 19 29 21
9 7 10 7
35 15 35 24
25 17 25 19
32 6 34 6
21 29 23 29
9 19 13 19
14 1 18 1
25 17 32 17
10 31 18 31
