312
21 10 20 10
22 21 23 21
26 7 25 7
47 29 46 29
5 13 6 13
5 14 6 14
33 33 32 33
27 18 27 19
37 33 38 33
25 14 24 14
46 36 46 35
19 21 19 20
22 42 22 41
35 26 36 26
40 14 39 14
37 16 37 17
22 2 22 3
39 33 39 32
46 0 46 1
27 11 27 12
41 15 41 16
45 20 44 20
18 37 17 37
20 24 21 24
35 44 34 44
26 39 26 38
27 2 28 2
10 5 10 6
26 34 27 34
46 35 46 34
28 30 29 30
39 39 39 38
29 40 29 39
47 5 46 5
19 20 19 19
36 34 35 34
4 5 5 5
46 5 46 6
18 13 17 13
26 18 25 18
23 24 23 25
34 44 34 43
36 44 36 43
5 20 5 21
6 2 6 3
37 0 38 0
28 2 28 3
45 5 44 5
26 6 27 6
18 36 18 37
9 21 9 20
29 35 30 35
8 43 9 43
19 5 18 5
25 4 25 3
30 35 30 34
12 44 11 44
29 37 29 38
28 35 28 34
12 45 12 46
30 7 29 7
29 7 29 6
29 28 29 27
11 44 11 45
45 23 46 23
32 6 31 6
13 1 13 2
22 36 21 36
17 28 17 29
35 24 36 24
37 38 38 38
36 35 36 34
46 23 46 22
37 17 37 18
46 6 47 6
39 32 38 32
36 24 36 25
7 6 6 6
27 27 27 26
47 7 47 8
40 20 40 19
4 27 4 26
20 18 20 19
3 25 3 24
44 9 45 9
10 7 11 7
11 7 12 7
27 40 26 40
17 37 17 36
1 22 1 23
37 24 38 24
21 3 21 2
40 37 40 36
3 24 2 24
17 29 17 30
47 8 46 8
35 37 36 37
33 1 33 2
23 23 23 22
7 39 7 40
20 11 20 12
0 9 1 9
1 7 2 7
26 40 26 39
6 43 6 42
33 37 33 36
46 34 47 34
29 9 29 10
41 16 41 17
36 25 37 25
24 31 24 30
38 32 37 32
25 37 25 36
14 44 14 45
24 46 23 46
23 25 24 25
39 38 39 37
34 19 34 18
10 6 10 7
36 43 36 42
19 19 18 19
11 25 11 26
11 0 11 1
46 1 45 1
29 27 29 26
41 12 42 12
45 1 45 2
13 23 12 23
21 36 20 36
20 10 20 11
41 32 42 32
46 22 47 22
17 16 18 16
22 27 21 27
10 7 10 8
17 30 17 31
25 36 24 36
22 41 22 40
43 35 42 35
26 38 27 38
29 26 29 25
33 2 33 3
38 19 39 19
19 27 18 27
36 18 36 19
29 10 30 10
34 11 34 12
32 33 32 34
45 21 45 22
36 34 36 33
35 15 35 14
10 8 10 9
19 18 19 19
16 21 16 20
31 6 30 6
30 6 30 7
23 30 23 31
20 36 19 36
20 12 20 13
34 23 33 23
20 17 20 18
20 27 19 27
29 25 29 24
38 41 37 41
39 43 39 42
27 6 27 7
36 29 37 29
4 39 4 38
46 29 45 29
39 37 38 37
27 7 27 8
39 14 39 15
6 3 6 4
46 8 46 9
18 19 18 18
12 23 12 24
6 20 5 20
38 0 38 1
12 1 12 0
46 9 46 10
27 26 28 26
6 44 6 43
20 11 20 12
22 40 21 40
1 13 1 12
29 24 29 23
36 26 36 25
45 8 44 8
46 10 46 11
2 7 2 8
25 7 25 6
30 34 30 33
40 36 40 35
17 31 17 32
20 19 21 19
11 1 11 2
21 19 21 20
8 16 8 15
9 12 8 12
45 22 46 22
2 44 3 44
29 23 29 22
12 27 11 27
23 33 22 33
46 11 46 12
24 36 23 36
4 34 3 34
37 25 38 25
38 42 37 42
27 8 28 8
3 34 2 34
28 8 28 9
7 40 7 41
28 9 28 10
41 17 41 18
41 18 41 19
29 22 29 21
42 35 42 34
26 39 25 39
17 36 17 35
46 12 46 13
20 13 19 13
8 15 8 14
8 24 8 25
19 36 18 36
29 21 29 20
46 13 46 14
29 20 29 19
16 41 16 42
33 36 33 35
46 14 46 15
47 9 46 9
13 12 13 13
6 4 6 5
46 15 46 16
2 8 3 8
40 35 39 35
13 13 14 13
20 12 20 13
33 12 33 11
33 35 33 34
47 34 47 33
33 34 34 34
39 35 38 35
23 36 22 36
8 14 8 13
38 37 37 37
6 5 7 5
46 16 46 17
38 35 37 35
39 19 39 20
2 24 2 23
3 44 4 44
3 8 3 9
42 12 43 12
13 8 13 7
24 30 23 30
38 1 38 2
4 44 5 44
28 20 27 20
34 34 34 33
25 39 25 38
38 2 38 3
29 19 28 19
38 3 39 3
0 18 1 18
42 32 43 32
11 45 10 45
35 43 35 44
2 22 3 22
28 10 27 10
25 3 25 2
25 38 25 37
16 20 16 19
39 12 40 12
46 17 46 18
22 36 21 36
39 3 40 3
25 37 25 36
46 22 46 23
25 36 24 36
46 18 46 19
28 34 28 33
28 19 28 18
28 18 28 17
27 19 28 19
46 19 45 19
12 24 11 24
45 40 45 39
40 3 41 3
23 46 23 47
38 24 39 24
47 33 47 32
43 12 44 12
43 32 44 32
46 23 45 23
14 13 15 13
3 9 4 9
37 29 38 29
4 9 5 9
29 39 28 39
9 0 9 1
27 38 26 38
5 9 6 9
21 20 21 21
18 36 17 36
45 23 46 23
5 44 5 43
44 32 45 32
17 36 16 36
7 5 7 6
40 12 41 12
187
38 29 45 29
6 9 10 9
36 25 38 25
27 28 27 34
30 10 30 12
45 29 45 32
17 32 17 35
34 12 41 12
30 7 30 10
2 23 2 25
41 12 41 19
27 34 29 34
37 41 37 42
26 38 29 38
9 45 10 45
18 16 18 18
13 2 21 2
4 0 12 0
34 17 39 17
44 12 44 15
25 10 25 15
30 12 34 12
11 26 15 26
29 41 29 42
36 22 37 22
9 43 9 45
37 18 37 22
5 43 6 43
9 45 9 47
42 34 42 43
25 43 26 43
23 41 23 47
27 10 27 12
21 21 23 21
19 19 19 27
5 5 5 8
9 5 18 5
25 15 25 18
38 34 42 34
9 5 9 7
28 19 31 19
29 38 29 41
20 13 20 18
21 2 25 2
38 29 38 33
39 20 44 20
28 33 30 33
21 36 21 40
1 23 2 23
6 6 7 6
24 29 24 36
19 47 23 47
34 18 35 18
15 13 15 19
19 27 19 32
36 22 36 25
28 17 34 17
41 19 45 19
5 5 9 5
26 37 26 38
6 43 9 43
26 8 26 15
34 18 34 26
29 6 29 8
5 8 5 12
38 25 38 29
29 42 29 43
6 13 8 13
26 43 29 43
33 3 41 3
4 25 4 26
45 39 45 43
5 20 9 20
37 37 37 41
34 33 36 33
12 7 12 8
0 3 0 13
19 13 20 13
16 19 19 19
42 6 42 9
16 26 16 36
37 32 37 35
3 20 4 20
36 37 37 37
18 12 18 16
9 7 12 7
41 3 41 12
21 24 21 27
8 12 8 13
45 32 47 32
21 23 21 24
24 25 28 25
10 45 14 45
29 34 29 38
42 6 45 6
11 2 13 2
6 9 6 13
3 20 3 22
27 12 30 12
11 24 11 26
39 17 39 20
10 9 14 9
23 41 29 41
4 26 11 26
28 26 28 33
7 41 23 41
38 34 38 38
5 2 5 3
39 20 39 24
25 6 29 6
38 33 38 34
35 18 37 18
15 19 16 19
28 11 29 11
6 6 6 9
4 25 8 25
8 13 15 13
29 6 34 6
5 3 12 3
26 8 29 8
29 34 32 34
16 22 16 26
45 6 45 9
45 2 45 6
15 0 22 0
28 17 28 19
40 19 41 19
2 26 2 34
18 11 18 12
17 32 19 32
2 26 4 26
4 20 5 20
4 20 4 25
15 26 16 26
29 43 34 43
45 19 45 29
9 47 19 47
30 33 34 33
25 2 25 6
28 25 28 26
4 38 16 38
5 15 5 20
37 35 37 37
25 18 25 19
41 12 44 12
7 27 11 27
12 0 15 0
28 22 28 25
23 22 28 22
24 25 24 29
47 11 47 22
28 19 28 22
11 26 11 27
22 11 22 12
16 36 16 38
19 32 23 32
20 18 25 18
36 33 36 37
18 12 22 12
25 2 45 2
1 9 1 12
1 18 1 23
39 15 39 17
44 8 44 12
18 5 18 11
39 13 39 15
37 15 39 15
34 28 34 33
23 21 23 22
34 43 42 43
31 19 31 23
5 12 5 15
29 8 29 11
16 36 21 36
19 13 19 19
19 27 21 27
23 32 23 41
47 6 47 11
26 15 37 15
6 13 6 14
1 12 5 12
10 42 10 45
5 3 5 5
12 7 13 7
45 6 47 6
5 2 11 2
36 42 37 42
