259
0 2 1 2
9 1 9 0
18 21 18 22
2 6 3 6
21 9 21 8
24 4 24 3
2 19 2 18
10 20 10 19
3 22 2 22
8 1 8 0
0 24 1 24
4 14 4 13
4 18 3 18
2 10 1 10
2 4 2 5
4 8 5 8
23 14 24 14
23 2 23 1
19 7 19 6
3 2 2 2
23 4 24 4
23 9 24 9
22 2 22 1
21 2 22 2
19 8 19 7
1 13 1 14
23 7 24 7
17 2 17 3
5 21 5 22
15 18 15 17
6 17 6 18
12 3 13 3
12 2 12 1
4 21 4 22
25 14 25 13
19 12 18 12
23 6 23 7
4 1 3 1
21 15 21 14
2 7 2 6
24 15 23 15
23 15 22 15
13 10 13 9
18 2 17 2
0 21 0 22
22 4 23 4
9 3 9 2
23 7 22 7
3 5 3 4
15 11 14 11
11 19 11 20
3 16 3 15
20 2 21 2
8 2 8 1
17 11 17 10
24 14 25 14
3 23 3 22
1 1 2 1
3 7 2 7
5 5 6 5
24 13 24 14
23 13 23 14
22 3 22 4
8 1 9 1
0 1 0 2
4 5 5 5
9 2 8 2
1 21 0 21
22 2 22 3
13 1 13 0
12 25 13 25
18 18 18 19
18 19 19 19
6 16 6 17
20 8 19 8
1 2 1 1
19 7 18 7
2 21 1 21
16 2 15 2
4 16 3 16
23 14 23 15
6 17 7 17
21 23 22 23
17 22 16 22
6 11 6 10
2 11 1 11
19 19 19 20
3 19 2 19
7 17 8 17
19 20 19 21
19 21 18 21
2 24 3 24
11 25 12 25
12 25 11 25
20 23 21 23
8 0 8 1
21 8 20 8
13 21 14 21
10 19 11 19
23 22 22 22
19 0 19 1
5 6 5 7
23 24 23 25
23 3 23 2
17 1 18 1
17 2 17 1
22 8 21 8
23 8 23 7
11 25 10 25
3 6 3 5
23 23 23 24
8 24 8 25
5 5 5 6
23 24 23 23
18 25 18 24
11 8 12 8
11 19 11 18
23 12 22 12
19 23 20 23
22 17 23 17
14 11 13 11
2 20 2 21
12 12 13 12
13 25 12 25
16 21 17 21
17 21 17 22
5 16 6 16
23 25 23 24
3 1 3 2
13 20 13 21
19 2 18 2
5 11 6 11
2 1 3 1
0 2 1 2
17 19 18 19
0 0 0 1
23 10 23 9
3 17 4 17
19 11 20 11
3 10 2 10
15 19 15 18
2 2 2 1
1 5 1 6
8 18 9 18
2 3 2 2
1 0 0 0
23 5 23 6
22 19 21 19
8 19 8 18
1 24 2 24
23 9 23 8
2 0 1 0
19 24 19 23
10 0 10 1
23 24 23 25
3 11 2 11
20 24 19 24
24 3 23 3
17 25 18 25
2 1 2 0
9 0 8 0
1 23 1 24
12 25 11 25
24 16 24 15
6 14 7 14
8 23 8 24
24 4 24 3
21 24 20 24
18 2 17 2
10 25 10 24
11 25 10 25
21 25 21 24
1 3 2 3
24 15 25 15
23 8 22 8
7 23 8 23
17 18 18 18
21 13 21 12
20 13 19 13
22 24 23 24
18 1 18 2
21 24 22 24
2 15 1 15
22 22 23 22
23 2 22 2
24 14 23 14
4 12 4 11
9 24 9 25
22 25 21 25
17 24 17 25
23 4 24 4
16 19 17 19
18 11 19 11
1 4 1 5
3 15 2 15
0 15 0 14
14 9 14 10
14 8 15 8
3 8 3 7
1 15 0 15
3 12 4 12
20 14 20 13
2 15 1 15
3 14 3 15
24 2 23 2
10 18 10 19
14 10 14 11
8 17 8 16
19 3 19 2
8 16 9 16
8 18 8 17
18 7 17 7
13 11 13 10
17 20 17 21
17 23 18 23
3 24 3 25
3 21 4 21
8 3 9 3
1 2 1 3
8 17 7 17
20 3 19 3
2 14 3 14
10 24 11 24
24 3 24 2
21 22 22 22
14 1 14 0
22 4 23 4
21 3 20 3
13 8 14 8
7 17 6 17
2 12 2 13
8 24 9 24
11 18 12 18
2 24 3 24
3 9 3 8
0 13 1 13
1 14 2 14
18 8 18 7
9 14 9 13
10 23 10 24
19 8 18 8
18 10 18 11
20 22 21 22
20 8 19 8
14 20 13 20
9 23 10 23
8 23 8 24
3 8 4 8
12 8 12 7
23 3 24 3
0 1 0 2
1 12 2 12
9 1 9 0
2 2 2 1
6 13 6 14
5 12 5 11
5 13 5 12
18 24 17 24
22 3 23 3
142
18 8 19 8
20 3 23 3
19 6 19 8
23 11 23 14
22 14 22 15
15 17 17 17
10 8 14 8
1 10 1 11
14 11 18 11
18 2 18 3
20 15 22 15
17 1 19 1
18 22 21 22
22 18 22 20
23 14 25 14
11 0 12 0
22 14 23 14
21 12 21 14
12 0 12 1
19 5 19 6
9 0 11 0
22 20 22 21
12 17 15 17
21 20 21 21
9 18 12 18
25 14 25 15
14 19 14 21
23 3 23 4
18 11 18 12
14 19 17 19
16 1 17 1
18 21 18 22
1 20 3 20
19 1 20 1
16 1 16 3
22 15 22 18
17 12 18 12
10 14 11 14
2 18 3 18
12 11 12 14
0 23 2 23
23 6 25 6
17 17 17 19
21 20 22 20
9 0 9 3
1 15 3 15
18 8 18 11
11 4 12 4
12 16 12 17
12 1 12 4
12 1 16 1
17 19 17 21
22 7 22 8
23 6 23 7
17 21 18 21
12 15 12 16
12 11 14 11
21 23 21 25
8 13 9 13
17 14 17 15
10 2 10 3
14 8 14 11
13 6 13 7
12 14 13 14
12 14 12 15
3 13 4 13
3 22 4 22
2 13 3 13
5 22 6 22
7 16 9 16
22 8 22 9
21 21 21 22
9 16 9 18
8 12 8 13
20 1 20 3
12 17 12 18
19 15 20 15
9 15 11 15
21 22 21 23
21 2 22 2
22 1 22 2
3 18 3 20
15 3 16 3
3 20 3 22
24 17 25 17
13 9 13 10
9 13 10 13
24 17 24 18
13 7 14 7
2 16 3 16
18 22 18 23
17 3 17 4
6 22 6 23
23 17 24 17
1 11 1 13
6 23 10 23
3 16 3 18
22 0 22 1
4 22 5 22
6 15 6 16
3 5 6 5
18 18 20 18
17 3 18 3
3 22 3 24
22 6 22 7
23 4 23 6
4 13 7 13
23 7 23 11
3 24 4 24
6 16 6 17
12 10 13 10
20 18 21 18
1 13 1 15
21 6 22 6
3 4 3 5
7 0 8 0
7 13 8 13
25 12 25 13
22 2 23 2
20 11 20 12
3 16 6 16
13 16 15 16
6 15 9 15
17 14 19 14
3 5 3 7
20 12 21 12
10 6 13 6
2 23 2 25
10 23 10 24
9 13 9 15
3 7 3 13
19 14 21 14
0 2 3 2
0 4 3 4
0 23 0 25
3 2 3 4
2 12 2 13
10 24 10 25
22 22 22 23
11 14 12 14
9 24 10 24
18 23 18 25
