117
33 25 34 25
24 24 24 23
22 31 21 31
35 30 35 29
28 36 28 35
30 36 31 36
35 0 35 1
17 12 17 13
16 2 16 1
8 29 9 29
31 16 30 16
16 22 16 23
18 4 18 5
15 28 14 28
22 36 22 35
20 1 20 2
0 2 1 2
24 7 23 7
26 8 26 7
8 35 8 34
17 13 17 14
34 21 33 21
20 17 20 18
34 20 34 21
6 0 6 1
29 31 30 31
30 20 29 20
7 29 8 29
20 18 21 18
24 27 24 28
35 1 36 1
13 21 13 22
29 18 30 18
29 34 30 34
9 27 10 27
32 6 33 6
27 14 27 13
36 23 36 22
24 35 23 35
8 11 8 10
30 7 30 6
7 17 7 18
17 34 18 34
1 10 2 10
26 36 27 36
29 23 30 23
10 35 10 34
20 28 21 28
23 31 23 30
17 14 16 14
29 3 30 3
2 12 3 12
26 4 26 5
25 13 25 12
4 17 4 18
19 2 19 1
21 8 21 9
13 9 13 10
16 28 16 29
33 18 32 18
16 1 16 0
30 34 30 35
6 26 7 26
13 30 13 29
34 25 34 26
8 34 7 34
18 1 17 1
33 23 32 23
6 1 7 1
23 7 23 8
8 23 7 23
13 29 13 28
19 15 18 15
22 1 23 1
25 7 25 6
34 26 33 26
7 26 8 26
17 1 16 1
30 10 30 11
36 0 35 0
1 0 0 0
1 2 2 2
4 16 5 16
7 21 7 20
31 32 31 31
7 5 6 5
9 16 9 17
26 7 26 6
8 8 7 8
4 15 5 15
28 26 29 26
30 3 30 2
25 12 25 11
35 10 35 9
20 15 19 15
35 0 35 1
13 34 12 34
36 1 36 0
24 9 23 9
18 9 19 9
20 25 20 26
34 9 33 9
18 29 18 28
6 14 6 15
10 9 10 8
7 33 8 33
36 5 36 4
25 11 26 11
14 18 13 18
12 17 12 16
13 26 13 25
18 28 18 27
30 35 30 36
15 21 16 21
35 14 36 14
35 32 35 31
16 29 16 30
183
33 21 33 22
23 12 24 12
35 28 35 29
13 24 13 25
3 23 4 23
35 29 35 31
2 18 4 18
18 13 18 15
27 11 27 13
33 22 36 22
33 21 34 21
27 11 30 11
12 33 12 34
31 29 31 31
14 28 14 29
9 2 11 2
33 11 33 21
30 31 31 31
23 2 24 2
33 9 35 9
26 2 26 3
35 9 35 18
13 10 13 13
7 1 7 2
12 34 14 34
33 6 33 9
18 5 18 10
14 32 14 34
2 2 2 10
26 3 31 3
5 8 7 8
14 28 21 28
25 4 36 4
30 31 30 36
7 18 13 18
33 9 33 11
18 15 18 17
13 22 13 24
20 2 20 8
13 18 13 22
18 22 21 22
14 12 15 12
7 34 10 34
20 2 21 2
2 10 2 18
14 29 14 32
10 27 10 28
13 13 18 13
7 20 9 20
2 18 2 23
4 2 7 2
7 23 7 34
26 6 30 6
4 22 4 23
20 8 23 8
13 3 13 10
35 29 36 29
24 20 24 23
29 26 30 26
30 26 33 26
2 2 4 2
31 3 35 3
29 20 29 21
21 13 21 18
21 9 21 13
7 6 7 8
15 5 18 5
7 20 7 23
10 19 10 20
8 29 8 33
6 19 10 19
15 12 18 12
10 34 12 34
21 28 24 28
21 36 27 36
9 20 10 20
17 15 18 15
8 26 18 26
6 3 6 5
13 22 14 22
27 36 30 36
30 19 30 22
29 21 29 26
3 20 3 23
23 30 25 30
7 8 10 8
10 27 18 27
11 2 20 2
24 13 24 20
31 31 35 31
2 23 3 23
7 2 9 2
19 9 19 10
11 29 14 29
24 2 26 2
14 22 18 22
28 16 28 21
11 28 13 28
10 10 13 10
27 23 27 36
7 2 7 6
25 23 25 27
28 21 28 25
3 20 7 20
21 2 23 2
30 18 32 18
13 10 18 10
14 14 16 14
5 15 6 15
25 27 25 30
16 0 16 1
30 18 30 19
5 16 12 16
30 26 30 31
10 34 10 36
24 3 24 6
4 18 7 18
26 6 26 11
21 13 24 13
32 15 32 18
24 6 25 6
23 1 27 1
18 26 20 26
18 12 18 13
30 6 33 6
3 5 3 8
35 20 36 20
10 8 10 10
6 15 11 15
7 1 12 1
26 0 36 0
12 16 16 16
23 0 23 1
32 9 32 15
3 8 3 10
16 16 16 18
5 10 8 10
3 10 5 10
18 27 25 27
23 0 26 0
23 30 23 35
4 0 8 0
34 19 34 21
32 18 32 20
24 12 24 13
21 31 21 36
16 18 21 18
18 26 18 27
16 1 19 1
32 32 32 33
19 9 21 9
22 6 23 6
3 5 4 5
16 0 23 0
30 16 30 18
23 5 23 6
25 4 25 6
4 3 4 5
16 14 16 16
21 28 21 31
19 10 19 15
24 13 27 13
8 26 8 29
5 15 5 16
25 30 25 32
4 3 6 3
36 0 36 4
16 18 16 21
30 11 30 16
27 13 27 19
29 9 32 9
8 0 16 0
24 6 24 12
28 16 30 16
25 30 26 30
23 6 24 6
10 28 11 28
8 29 9 29
32 32 34 32
33 22 33 24
5 10 5 15
24 23 25 23
33 24 33 26
