223
3 8 2 8
5 7 4 7
8 16 9 16
5 17 5 16
16 8 17 8
17 5 16 5
1 17 1 16
21 23 20 23
18 17 18 16
12 23 13 23
8 17 8 16
22 15 21 15
4 22 4 23
22 0 22 1
6 0 6 1
9 1 9 2
2 4 2 5
14 15 14 14
2 24 1 24
6 1 5 1
15 8 16 8
22 1 22 2
2 14 3 14
3 24 2 24
5 13 5 14
6 18 5 18
4 2 4 1
23 15 22 15
18 7 17 7
20 12 20 11
1 9 1 8
7 4 7 5
24 2 23 2
0 14 0 15
22 4 21 4
18 12 18 13
3 15 4 15
3 4 2 4
11 24 11 23
9 19 9 18
11 14 12 14
18 16 18 15
7 13 7 14
5 22 4 22
8 19 9 19
3 5 3 4
11 18 10 18
5 8 5 7
18 20 19 20
9 5 10 5
23 9 23 8
23 14 22 14
2 13 2 14
8 5 9 5
23 10 24 10
20 11 20 10
23 22 22 22
12 21 12 22
14 20 14 21
19 22 20 22
4 22 4 21
13 17 14 17
15 15 16 15
22 22 22 21
4 1 4 0
16 12 17 12
17 7 16 7
4 12 4 13
2 1 3 1
7 2 6 2
11 4 11 3
1 22 1 21
22 10 23 10
9 21 10 21
2 7 1 7
15 14 15 15
23 12 23 13
0 0 1 0
17 23 18 23
1 1 2 1
1 16 2 16
23 21 24 21
6 4 7 4
9 18 8 18
5 20 6 20
2 5 3 5
17 4 17 5
23 23 22 23
7 22 7 21
20 20 20 19
16 14 16 13
2 19 1 19
16 16 17 16
21 20 21 21
3 3 3 2
21 19 21 20
16 10 16 11
15 3 16 3
14 17 14 16
1 2 0 2
4 7 4 8
14 16 14 15
21 11 21 10
8 13 9 13
19 16 18 16
3 9 3 8
17 9 16 9
0 1 1 1
15 12 16 12
10 10 9 10
6 2 7 2
12 7 13 7
21 1 22 1
21 20 21 19
3 2 4 2
19 1 20 1
9 16 10 16
21 8 20 8
22 19 23 19
0 2 0 1
1 10 1 9
17 14 16 14
4 18 4 19
23 10 23 9
7 12 7 13
1 11 0 11
21 12 20 12
22 18 22 19
9 11 9 12
24 3 24 2
18 23 18 24
9 24 8 24
8 8 8 7
2 16 3 16
19 10 19 9
9 7 10 7
18 21 18 20
1 23 1 22
23 4 22 4
9 10 9 11
23 8 24 8
4 20 5 20
0 23 1 23
4 2 3 2
23 1 23 0
9 22 10 22
8 16 9 16
19 11 19 10
0 3 0 2
7 21 7 22
9 9 9 10
7 16 8 16
11 17 11 16
12 24 12 23
3 1 4 1
19 8 19 7
20 23 19 23
19 7 18 7
1 23 2 23
11 3 10 3
19 2 19 1
20 2 19 2
10 16 10 15
19 0 20 0
2 4 2 5
23 18 22 18
15 5 14 5
14 22 13 22
4 4 5 4
21 13 21 12
4 21 4 20
9 20 9 21
21 0 21 1
22 3 21 3
1 0 0 0
8 12 7 12
9 8 9 7
23 17 24 17
1 4 2 4
13 22 13 21
11 21 11 20
10 8 9 8
4 8 4 9
17 12 18 12
16 23 16 24
18 12 17 12
20 0 19 0
20 17 19 17
4 9 5 9
23 24 23 23
12 13 12 12
23 23 23 22
3 12 4 12
3 0 3 1
8 16 8 17
3 2 4 2
15 23 15 22
4 20 3 20
18 13 17 13
18 15 19 15
19 6 19 7
2 17 2 16
20 16 20 17
15 24 15 23
12 8 12 7
6 5 6 4
4 19 4 20
12 9 12 8
10 9 10 8
13 2 13 3
23 5 23 4
16 11 17 11
15 22 14 22
1 3 0 3
18 11 18 12
7 0 6 0
14 11 13 11
11 9 10 9
2 14 2 15
15 23 15 22
22 5 21 5
2 16 1 16
3 13 2 13
176
8 20 11 20
13 23 13 24
2 3 2 4
9 11 9 12
13 23 19 23
17 21 19 21
2 8 2 9
19 0 19 1
2 9 2 10
22 14 22 15
19 17 19 18
7 9 7 11
19 18 19 19
19 13 19 14
21 4 21 5
22 2 22 4
7 12 7 13
14 19 14 21
7 12 9 12
22 13 23 13
1 12 4 12
5 18 8 18
0 6 0 7
4 17 4 20
6 0 8 0
12 14 13 14
19 20 19 21
7 17 8 17
19 21 21 21
16 5 16 7
4 16 4 17
19 0 23 0
10 9 13 9
8 9 10 9
6 21 8 21
4 13 6 13
12 17 16 17
2 13 2 15
19 21 19 23
4 23 4 24
7 4 8 4
2 3 4 3
11 16 11 19
19 19 19 20
12 16 13 16
16 7 18 7
11 15 11 16
17 21 17 22
4 12 4 13
19 9 23 9
6 13 7 13
8 17 8 18
20 12 20 13
4 15 4 16
23 19 24 19
14 21 14 22
16 3 16 5
10 2 10 3
8 4 8 7
16 0 16 2
0 15 2 15
15 7 16 7
14 14 16 14
2 21 2 23
22 19 22 21
12 22 14 22
6 4 7 4
0 6 1 6
2 10 2 11
23 11 23 13
13 14 14 14
5 11 5 12
4 17 6 17
4 3 4 5
9 16 9 17
8 23 9 23
6 17 7 17
22 4 23 4
19 7 19 9
8 4 10 4
16 15 16 17
7 3 8 3
4 20 4 23
12 17 12 18
11 16 12 16
2 5 2 8
4 14 5 14
2 15 2 20
15 15 15 16
21 16 21 17
20 22 20 24
9 16 11 16
10 13 11 13
16 17 19 17
6 23 6 24
20 13 20 15
3 16 3 17
10 9 10 11
18 7 19 7
19 24 20 24
21 22 23 22
2 23 2 24
16 13 16 14
2 24 4 24
8 18 8 20
5 16 6 16
2 10 3 10
19 1 19 2
8 21 8 22
7 20 8 20
23 13 23 16
10 19 11 19
20 19 21 19
2 13 4 13
14 21 16 21
1 5 2 5
23 4 23 9
21 16 22 16
5 9 7 9
8 22 8 23
1 9 1 12
1 5 1 6
8 24 13 24
6 0 6 4
23 16 23 19
21 21 22 21
8 3 9 3
4 5 4 6
20 7 20 8
16 14 16 15
2 20 2 21
13 16 15 16
11 19 12 19
10 22 12 22
23 9 23 11
19 15 20 15
8 7 8 9
3 19 3 20
11 13 11 15
2 9 5 9
1 8 1 9
1 1 1 5
1 7 1 8
6 16 9 16
16 12 16 13
12 22 12 23
17 13 19 13
8 11 9 11
16 3 17 3
7 9 8 9
22 16 23 16
8 23 8 24
11 13 15 13
8 20 8 21
5 11 7 11
23 19 23 22
4 0 6 0
14 22 15 22
12 19 12 22
3 14 3 16
3 14 4 14
5 14 5 16
21 18 21 19
20 13 22 13
9 3 10 3
22 2 23 2
16 8 17 8
10 4 10 5
20 22 21 22
21 17 21 18
10 11 10 13
16 13 17 13
3 17 3 19
19 2 19 5
15 7 15 9
13 9 15 9
