215
17 21 17 20
6 4 6 3
1 11 1 10
17 22 17 21
16 25 17 25
16 22 15 22
25 11 25 12
13 6 14 6
12 9 11 9
21 25 22 25
19 18 20 18
1 14 2 14
18 3 17 3
14 12 14 11
8 4 7 4
17 14 17 13
10 23 11 23
19 4 18 4
15 22 15 23
6 12 6 11
1 4 0 4
13 0 14 0
19 27 19 28
18 10 17 10
21 26 21 27
5 11 5 10
15 12 15 13
13 24 14 24
17 13 18 13
7 8 7 9
24 14 25 14
7 4 6 4
4 11 5 11
22 26 21 26
25 23 25 24
2 3 3 3
23 22 24 22
3 3 3 4
18 14 17 14
8 5 8 6
24 1 24 2
6 23 7 23
25 18 26 18
27 22 26 22
27 5 28 5
5 28 4 28
0 23 0 24
17 27 17 28
12 12 11 12
22 0 22 1
16 27 16 26
11 26 11 25
28 5 27 5
26 1 26 2
2 9 2 8
5 27 5 28
26 22 26 21
27 18 27 17
20 27 20 26
1 26 2 26
20 23 20 22
16 12 15 12
16 28 16 27
5 23 6 23
6 22 5 22
24 15 24 14
4 16 5 16
22 27 22 26
10 26 10 25
12 11 12 12
6 4 6 5
18 2 18 3
25 17 25 18
16 26 17 26
23 21 22 21
12 26 12 25
10 17 11 17
1 10 2 10
14 3 15 3
7 17 7 16
21 20 20 20
10 20 10 21
16 21 16 22
19 1 19 2
3 18 2 18
0 2 0 1
20 16 19 16
17 16 16 16
5 1 6 1
18 1 18 2
23 24 23 23
19 20 19 21
22 1 21 1
24 0 24 1
14 27 14 26
10 19 10 20
27 7 28 7
1 20 1 21
17 24 16 24
16 7 17 7
22 11 22 10
9 12 9 13
12 23 12 24
19 16 19 17
25 1 26 1
9 28 8 28
25 16 25 17
9 16 9 15
26 12 26 11
3 19 3 20
26 18 27 18
8 14 8 15
14 15 14 16
9 5 8 5
27 23 27 22
7 27 7 28
23 15 23 16
28 17 28 16
12 15 13 15
4 25 4 26
3 28 2 28
19 19 19 20
7 20 7 21
8 18 8 19
18 18 18 19
4 1 5 1
18 15 19 15
7 26 7 25
5 25 4 25
26 11 25 11
19 15 19 14
11 17 11 16
2 26 2 25
25 12 26 12
25 0 25 1
18 27 17 27
26 4 25 4
23 3 24 3
8 10 9 10
21 22 21 23
26 0 25 0
25 10 26 10
8 24 7 24
1 15 2 15
12 7 12 8
10 22 10 23
16 16 17 16
0 3 0 2
15 20 14 20
25 0 24 0
24 27 24 28
18 23 18 24
17 21 18 21
26 12 26 11
23 4 23 5
20 26 20 25
13 17 12 17
7 18 7 17
25 19 25 20
5 14 5 15
4 2 4 1
28 7 27 7
26 8 26 7
6 15 6 16
20 13 21 13
17 18 18 18
26 2 26 3
8 6 9 6
28 26 28 25
11 7 12 7
21 19 21 20
5 18 5 17
20 18 21 18
6 26 6 27
7 25 7 26
9 1 8 1
17 12 17 11
13 3 13 4
11 18 12 18
9 10 9 11
13 20 12 20
25 18 25 19
1 22 1 23
12 20 12 21
4 4 5 4
3 9 3 10
0 17 0 18
16 15 16 16
1 13 1 12
2 11 3 11
0 14 0 13
22 19 22 18
0 24 0 25
7 16 8 16
16 11 16 12
18 3 19 3
24 2 23 2
7 1 7 0
5 10 5 9
15 18 15 17
2 22 2 21
14 28 13 28
0 4 0 3
15 7 15 6
10 28 10 27
18 2 18 3
21 4 21 5
10 1 11 1
11 15 12 15
15 21 16 21
21 8 22 8
21 5 21 4
10 20 9 20
8 23 8 24
24 20 24 19
184
22 17 23 17
1 7 1 8
26 15 26 16
8 1 8 2
6 9 6 11
24 11 25 11
14 8 15 8
19 17 19 20
8 5 11 5
4 8 4 12
15 28 17 28
13 23 13 25
11 3 12 3
1 6 1 7
14 14 14 16
15 27 15 28
8 26 13 26
13 25 13 26
1 12 1 16
14 1 17 1
5 16 5 17
11 19 11 23
4 3 6 3
19 13 21 13
26 16 26 21
15 8 15 12
19 6 22 6
17 3 17 4
14 20 17 20
18 13 19 13
0 25 2 25
22 6 23 6
17 25 18 25
13 16 14 16
25 5 27 5
4 24 4 25
16 22 18 22
21 3 21 4
27 16 28 16
26 21 28 21
19 13 19 14
11 3 11 5
28 18 28 20
1 5 1 6
8 2 8 3
21 26 21 27
8 16 11 16
0 20 3 20
17 1 21 1
26 23 26 24
26 21 26 23
23 18 23 23
17 11 17 14
22 4 25 4
20 20 20 22
0 12 0 13
14 5 14 6
0 20 0 25
21 1 24 1
16 27 17 27
7 14 10 14
14 1 14 5
22 6 22 7
12 27 15 27
4 0 4 1
16 3 17 3
26 15 27 15
17 10 17 11
21 23 21 24
2 25 4 25
25 14 28 14
23 17 24 17
10 7 10 8
19 17 22 17
21 27 25 27
28 16 28 18
9 6 9 7
14 0 14 1
21 24 21 26
2 8 4 8
13 25 14 25
1 3 4 3
17 4 17 7
21 23 22 23
6 5 8 5
25 4 28 4
18 22 18 24
6 27 8 27
8 15 9 15
19 6 19 7
9 7 9 9
4 5 4 8
3 5 4 5
12 15 13 15
28 11 28 13
14 16 14 20
14 11 14 14
7 11 7 13
6 16 8 16
19 7 19 13
11 16 11 19
3 20 5 20
14 14 17 14
14 6 15 6
2 12 2 13
19 3 21 3
8 2 10 2
24 0 24 1
18 24 18 25
11 11 14 11
25 11 25 14
8 7 9 7
1 16 3 16
13 14 13 15
10 14 13 14
5 11 6 11
17 7 17 10
1 1 1 3
11 5 14 5
6 11 7 11
0 1 1 1
25 2 25 4
17 27 21 27
8 26 8 27
5 20 9 20
14 24 16 24
22 15 22 17
28 14 28 15
5 16 6 16
11 27 12 27
19 3 19 6
25 9 25 11
25 1 25 2
9 13 11 13
25 5 25 7
6 3 6 5
1 8 1 9
7 9 9 9
19 20 20 20
4 12 5 12
24 17 24 18
9 11 11 11
4 1 4 3
11 23 13 23
5 15 5 16
24 17 25 17
5 12 5 15
7 13 9 13
9 9 9 11
3 27 6 27
23 5 25 5
11 16 13 16
7 23 7 24
24 16 26 16
23 23 26 23
2 12 4 12
5 15 8 15
25 7 25 9
27 15 28 15
19 14 19 17
18 22 20 22
25 4 25 5
6 21 6 23
9 7 10 7
10 8 12 8
22 2 22 4
16 24 16 27
22 15 25 15
4 8 5 8
21 1 21 3
6 25 6 27
7 13 7 14
14 24 14 25
22 23 23 23
24 18 24 19
26 24 26 25
14 22 16 22
6 23 6 25
22 22 22 23
1 9 1 12
3 16 3 20
14 6 14 8
1 3 1 5
6 5 6 9
