354
19 19 18 19
11 12 11 11
20 19 19 19
11 15 11 16
15 17 14 17
5 8 6 8
14 2 14 3
6 5 6 4
8 8 7 8
12 3 12 2
10 19 11 19
22 18 22 19
14 14 15 14
16 22 16 23
6 11 5 11
9 9 8 9
5 21 5 22
20 9 19 9
10 0 9 0
3 10 4 10
15 16 15 17
2 9 1 9
9 17 10 17
11 14 11 15
3 1 3 2
10 12 11 12
9 14 9 13
5 10 5 9
0 17 0 18
9 10 9 9
23 13 22 13
8 7 8 8
16 1 16 0
17 1 16 1
5 7 5 8
18 1 17 1
4 15 4 16
13 23 14 23
20 18 20 19
8 16 8 17
6 8 6 9
14 10 15 10
0 18 0 19
5 1 5 0
4 14 4 15
3 11 3 10
23 20 23 19
10 5 9 5
4 11 3 11
22 2 22 1
11 7 10 7
9 19 10 19
16 2 16 3
8 15 8 16
7 7 8 7
13 2 14 2
7 6 6 6
23 21 23 20
15 19 16 19
17 2 17 3
1 16 2 16
4 22 4 21
0 11 1 11
10 20 10 21
4 1 3 1
11 16 12 16
0 14 0 15
19 16 19 17
13 3 12 3
21 18 20 18
3 9 2 9
23 12 23 13
7 5 7 6
4 7 5 7
4 0 4 1
12 23 11 23
21 17 21 18
5 11 4 11
13 10 14 10
7 11 6 11
5 20 5 21
16 16 15 16
11 13 11 14
5 19 5 20
8 5 7 5
9 20 10 20
6 10 5 10
4 1 5 1
10 1 10 0
7 23 7 22
16 14 16 13
7 8 7 7
14 13 14 14
11 1 11 0
0 12 0 11
3 8 3 9
22 12 23 12
17 1 17 2
1 18 0 18
7 15 8 15
6 9 6 10
20 16 19 16
20 17 20 16
14 19 15 19
15 2 15 3
12 2 13 2
22 21 23 21
19 10 19 11
11 2 12 2
7 2 7 1
19 17 20 17
8 8 7 8
7 14 7 15
3 14 4 14
8 9 7 9
10 10 9 10
13 13 14 13
11 17 11 16
19 18 19 17
17 11 17 10
3 3 3 4
7 12 7 11
13 12 13 13
23 18 22 18
11 18 11 17
12 18 11 18
20 23 19 23
6 14 7 14
5 13 5 12
6 12 7 12
1 15 1 16
9 16 9 17
20 17 21 17
17 22 16 22
20 18 19 18
9 8 8 8
0 13 0 14
12 4 13 4
10 13 10 12
12 7 11 7
6 23 7 23
13 11 13 12
5 14 6 14
8 15 9 15
16 15 16 14
12 8 12 7
20 19 20 18
8 2 7 2
8 18 7 18
17 16 16 16
22 10 21 10
4 8 3 8
7 15 8 15
6 15 7 15
11 8 12 8
1 17 1 18
6 20 6 21
10 4 10 5
1 13 0 13
17 12 17 11
2 13 1 13
10 11 10 10
6 6 6 5
23 19 23 18
18 0 18 1
16 10 16 11
11 9 11 8
10 9 11 9
4 14 5 14
4 13 4 14
19 17 20 17
0 18 0 17
9 21 9 20
0 15 1 15
5 15 6 15
9 15 9 14
13 22 13 23
22 20 22 21
3 15 3 14
17 0 17 1
1 18 0 18
0 17 1 17
12 19 12 18
12 20 12 19
18 22 17 22
0 16 0 15
15 10 16 10
2 18 1 18
10 8 9 8
3 7 4 7
6 11 6 12
21 23 20 23
2 19 2 18
7 18 8 18
17 15 17 16
7 19 6 19
7 11 6 11
5 6 6 6
2 14 2 13
16 10 15 10
19 9 19 10
10 2 11 2
22 19 22 20
15 5 14 5
16 0 17 0
2 20 2 19
13 8 13 9
9 20 9 19
13 20 12 20
5 14 5 15
9 2 10 2
4 3 3 3
18 12 17 12
16 19 16 18
9 19 9 18
3 6 3 7
8 20 9 20
11 4 10 4
3 22 4 22
16 5 15 5
19 22 18 22
21 22 21 23
4 4 4 3
9 3 9 2
19 16 19 17
7 10 7 11
7 9 6 9
19 15 19 16
8 3 9 3
12 6 12 5
8 4 8 3
15 19 16 19
3 14 3 15
2 15 2 14
17 12 18 12
22 22 21 22
13 23 12 23
9 2 8 2
15 10 16 10
22 3 22 2
15 18 15 19
1 12 0 12
3 15 2 15
7 4 8 4
6 11 5 11
8 8 8 9
8 4 8 5
22 9 22 10
7 20 6 20
8 9 8 8
23 20 23 19
8 19 7 19
9 14 9 15
12 23 13 23
3 4 4 4
21 19 22 19
3 16 3 15
1 16 0 16
4 6 3 6
8 8 8 9
4 5 4 6
5 15 5 14
19 14 19 15
14 18 15 18
9 4 8 4
19 21 19 22
5 7 5 6
4 7 4 8
4 8 4 7
2 16 1 16
5 5 4 5
9 1 9 2
3 0 4 0
19 20 19 21
10 19 9 19
11 6 12 6
9 3 9 4
6 22 6 23
0 16 0 17
11 19 10 19
0 15 0 16
10 3 9 3
9 8 8 8
8 1 9 1
4 16 3 16
15 15 16 15
4 9 4 8
22 11 22 12
18 20 19 20
3 5 3 4
18 14 19 14
22 20 23 20
0 14 0 15
4 17 4 16
4 16 4 17
1 14 0 14
11 7 11 6
2 5 3 5
13 18 14 18
22 4 22 3
3 21 3 22
7 17 7 18
3 1 3 0
10 4 10 3
11 23 12 23
7 18 7 17
5 6 5 5
10 3 10 4
21 9 22 9
7 19 8 19
1 15 1 14
15 11 15 10
1 5 2 5
9 20 8 20
7 11 6 11
11 22 11 23
22 5 22 4
21 8 21 9
16 6 16 5
7 12 7 11
9 9 9 8
1 11 1 12
23 5 22 5
8 19 7 19
18 19 18 20
3 20 2 20
13 9 13 10
17 0 16 0
9 10 9 9
3 0 3 1
9 11 9 10
2 14 3 14
10 2 10 3
3 16 2 16
3 14 2 14
7 11 7 12
17 14 17 15
15 10 15 11
5 5 5 6
17 19 18 19
1 6 1 5
9 15 9 14
20 0 19 0
5 6 5 7
3 19 3 20
6 20 7 20
2 0 3 0
8 20 9 20
16 14 17 14
22 12 22 11
7 12 7 11
17 6 16 6
7 1 8 1
13 17 13 18
142
1 20 2 20
18 21 19 21
15 0 15 1
7 16 7 17
12 16 13 16
5 1 6 1
8 6 9 6
0 3 1 3
0 17 0 18
22 11 22 13
11 2 11 3
15 16 16 16
4 14 4 15
12 12 12 13
12 6 12 7
7 8 8 8
9 3 9 4
5 11 5 12
18 18 19 18
5 16 6 16
9 1 12 1
14 0 14 1
6 0 6 1
11 3 12 3
19 16 19 17
19 17 19 18
12 0 12 1
12 3 12 5
3 7 3 8
9 13 12 13
21 13 22 13
14 14 15 14
1 18 2 18
0 22 1 22
14 1 15 1
12 1 12 2
9 13 9 14
16 3 17 3
1 2 1 3
15 20 16 20
16 4 17 4
5 10 5 11
9 5 10 5
4 20 4 21
15 0 16 0
9 2 9 3
1 18 1 19
17 4 18 4
19 18 19 19
10 7 10 10
13 7 13 10
18 9 21 9
12 12 13 12
10 10 11 10
5 1 5 2
1 1 1 2
8 5 8 6
8 18 9 18
1 13 1 14
1 21 2 21
6 18 8 18
20 6 20 7
20 21 20 22
15 3 16 3
4 19 4 20
1 3 1 5
17 16 18 16
9 14 9 17
15 19 15 20
6 17 6 18
1 22 1 23
22 13 22 14
12 23 13 23
0 20 0 21
5 12 5 14
1 14 1 16
8 6 8 7
22 4 23 4
21 7 21 9
16 0 19 0
19 19 19 20
4 10 5 10
5 7 5 8
12 5 12 6
7 13 8 13
0 19 0 20
16 12 18 12
8 1 9 1
19 19 22 19
0 18 0 19
13 18 13 19
17 15 17 16
12 5 13 5
19 20 19 21
17 2 17 3
3 10 4 10
5 4 5 7
22 19 23 19
18 22 18 23
18 21 18 22
1 19 1 20
12 16 12 17
7 11 7 13
6 18 6 19
5 14 5 16
9 17 9 18
9 4 9 5
1 14 2 14
4 19 6 19
18 23 19 23
17 1 17 2
9 1 9 2
2 21 4 21
10 7 12 7
5 8 7 8
22 10 22 11
5 4 6 4
4 15 4 17
10 6 10 7
3 9 3 10
13 10 13 12
9 6 10 6
13 19 15 19
2 14 4 14
12 7 13 7
3 8 3 9
18 16 19 16
10 3 11 3
5 8 5 9
15 14 15 16
6 16 6 17
12 3 14 3
1 8 1 9
13 19 13 21
14 3 15 3
4 8 5 8
7 8 7 11
4 4 5 4
21 9 22 9
0 21 1 21
16 4 16 5
13 21 13 23
