317
22 16 23 16
5 20 5 19
22 12 23 12
7 20 8 20
34 12 34 13
20 32 20 33
29 20 30 20
19 37 19 38
13 23 14 23
6 8 6 9
3 13 4 13
38 13 38 14
9 7 9 8
23 18 22 18
43 14 44 14
3 18 4 18
40 3 41 3
40 14 40 13
28 18 28 19
4 36 3 36
9 3 9 2
22 43 22 42
16 18 16 19
28 28 28 27
31 35 31 36
42 41 41 41
12 28 13 28
9 8 9 9
11 4 11 5
20 19 19 19
36 14 36 13
30 7 31 7
13 27 14 27
42 44 42 43
39 8 39 7
9 4 10 4
1 6 2 6
18 19 18 18
43 10 42 10
31 13 31 12
3 9 3 10
16 1 16 2
31 12 30 12
35 5 36 5
19 36 19 37
22 29 21 29
28 6 28 7
19 22 20 22
11 5 10 5
12 5 12 4
3 38 3 39
12 0 12 1
44 4 43 4
1 8 1 9
14 8 14 9
38 18 37 18
18 27 19 27
27 19 27 18
29 16 30 16
3 15 3 16
14 27 14 28
15 37 14 37
10 8 11 8
41 24 42 24
14 3 14 4
38 7 38 6
23 19 23 18
1 7 2 7
42 35 42 36
4 15 3 15
23 4 23 5
15 9 15 8
22 2 21 2
8 9 8 8
8 8 7 8
39 3 40 3
17 14 18 14
20 24 19 24
22 8 22 9
41 40 41 39
40 28 41 28
24 29 24 28
42 13 41 13
23 42 23 43
2 36 2 37
3 11 4 11
37 18 37 19
0 37 0 36
43 34 43 33
4 3 4 4
19 19 19 20
21 29 21 30
20 25 21 25
12 36 13 36
9 15 10 15
23 36 23 35
33 12 33 13
33 37 32 37
7 37 7 36
37 27 36 27
18 32 18 33
26 29 26 30
3 30 3 31
21 12 21 11
2 40 3 40
42 40 41 40
30 12 29 12
40 13 39 13
27 16 26 16
19 7 19 8
16 10 17 10
11 18 11 19
29 28 29 29
39 14 39 15
9 19 8 19
21 11 22 11
28 37 28 36
40 32 40 31
13 4 13 5
7 0 6 0
0 3 1 3
26 6 26 7
22 11 22 10
11 36 12 36
43 11 44 11
33 29 32 29
8 0 7 0
19 3 19 4
29 23 28 23
31 28 30 28
22 4 22 3
13 36 13 37
40 34 40 35
37 22 36 22
16 19 15 19
42 21 42 20
26 12 26 13
13 28 13 27
40 33 41 33
18 31 17 31
27 37 27 36
33 28 33 29
6 13 5 13
38 30 37 30
23 18 23 17
9 42 9 41
34 36 34 35
13 8 13 9
41 44 42 44
35 36 35 37
27 26 26 26
10 36 10 37
12 1 12 2
39 9 38 9
30 18 30 19
16 2 17 2
41 41 41 42
13 5 12 5
24 33 24 34
27 38 27 39
19 37 20 37
15 19 14 19
10 37 9 37
38 9 38 10
14 9 14 10
28 19 29 19
29 27 30 27
24 1 23 1
25 0 24 0
39 19 40 19
0 5 0 6
44 3 43 3
35 25 35 26
30 19 31 19
18 38 18 39
30 16 30 15
16 36 16 35
40 3 40 4
28 7 28 8
16 30 16 31
20 12 19 12
27 28 26 28
18 17 18 16
8 2 8 1
26 28 26 27
20 1 20 2
18 36 19 36
33 18 33 19
43 42 44 42
21 2 21 1
27 27 27 26
32 41 33 41
42 27 43 27
26 40 26 39
20 33 20 34
21 8 21 9
26 39 26 38
11 11 11 10
40 4 41 4
34 19 34 18
8 18 7 18
30 28 30 29
8 28 8 29
11 29 12 29
26 43 25 43
44 1 44 0
23 35 24 35
9 30 9 31
3 16 4 16
9 16 9 15
9 37 8 37
2 18 2 19
16 28 16 27
20 43 19 43
36 17 36 16
17 43 16 43
26 7 27 7
9 18 9 17
8 37 8 38
38 39 39 39
37 14 36 14
41 21 41 22
23 1 22 1
18 33 19 33
26 10 27 10
42 0 43 0
38 15 38 16
15 29 15 28
38 6 39 6
0 18 0 17
18 16 18 15
7 40 6 40
42 1 42 2
40 25 40 26
13 9 14 9
15 31 15 30
10 20 10 21
3 27 3 26
30 5 31 5
29 33 30 33
44 39 43 39
9 17 9 16
20 27 21 27
2 42 2 43
27 21 26 21
0 10 1 10
29 22 29 21
24 35 23 35
41 3 41 2
23 43 22 43
2 35 2 34
21 37 21 36
44 11 44 10
24 28 25 28
23 2 24 2
39 39 40 39
1 19 0 19
25 43 25 44
16 3 16 4
5 12 5 11
30 20 31 20
0 35 0 34
17 25 17 26
0 26 1 26
35 40 36 40
9 15 9 14
30 9 30 10
23 6 22 6
35 21 35 22
33 11 34 11
41 9 41 8
37 43 37 44
40 19 40 18
24 19 25 19
35 10 34 10
33 32 33 33
33 33 33 34
8 38 8 39
1 13 1 12
4 27 5 27
0 34 0 35
13 40 12 40
16 9 15 9
12 30 11 30
32 27 31 27
35 12 36 12
4 34 4 35
15 24 15 23
12 33 13 33
27 14 27 13
32 36 33 36
27 29 26 29
16 27 17 27
40 9 40 10
32 4 32 5
33 34 33 33
16 43 15 43
25 6 24 6
8 27 7 27
9 35 10 35
34 8 34 7
10 39 10 38
3 8 2 8
17 10 18 10
5 11 6 11
6 3 5 3
18 18 17 18
28 0 29 0
42 34 41 34
11 10 12 10
31 33 31 32
16 31 16 32
31 36 30 36
8 14 8 15
34 13 35 13
5 3 6 3
16 24 16 25
182
33 29 33 31
3 39 8 39
14 28 14 32
43 1 43 3
1 0 1 1
35 13 36 13
1 1 1 3
33 29 35 29
17 27 17 30
20 37 20 42
26 36 27 36
1 20 3 20
32 29 32 35
14 10 14 19
18 3 22 3
19 25 19 26
17 34 20 34
41 33 43 33
19 20 28 20
15 30 17 30
0 36 3 36
5 18 5 19
39 11 39 13
12 36 12 40
41 42 41 43
12 5 17 5
5 18 7 18
21 25 29 25
14 37 20 37
10 5 12 5
14 10 18 10
31 6 31 7
19 26 19 27
41 4 43 4
4 28 11 28
9 2 9 9
19 28 19 30
26 30 26 36
39 20 41 20
7 0 7 6
41 43 42 43
18 0 18 2
17 27 19 27
17 31 21 31
3 31 3 36
12 5 12 8
10 5 10 13
44 34 44 35
0 1 1 1
25 44 37 44
40 26 40 31
25 28 32 28
32 28 32 29
38 3 43 3
17 2 18 2
19 8 24 8
37 15 39 15
4 18 5 18
20 34 20 37
28 8 31 8
25 19 29 19
3 39 3 40
22 10 22 15
19 10 22 10
11 21 14 21
22 6 24 6
37 19 37 23
28 8 28 10
3 20 8 20
4 28 4 31
21 30 21 31
7 0 18 0
21 22 21 25
19 8 19 10
22 1 43 1
5 13 5 18
8 20 8 24
6 9 9 9
3 36 3 39
41 28 41 33
14 32 14 37
13 27 17 27
7 36 12 36
19 21 19 24
8 15 8 19
36 19 37 19
36 13 39 13
17 2 17 5
13 22 13 27
24 6 24 8
27 7 31 7
33 17 33 19
8 39 8 44
9 2 12 2
22 42 41 42
35 35 40 35
27 3 27 7
29 35 32 35
16 25 19 25
17 32 17 34
11 19 14 19
34 35 34 38
3 10 3 14
21 30 26 30
14 19 25 19
41 22 41 27
3 20 3 26
26 36 26 38
33 19 33 29
26 38 34 38
31 19 33 19
41 40 41 42
11 28 14 28
18 10 18 14
19 28 25 28
15 8 19 8
31 8 31 19
34 35 35 35
14 21 19 21
39 13 41 13
10 42 20 42
41 4 41 8
10 13 10 15
1 3 6 3
1 10 3 10
20 34 24 34
19 26 26 26
40 35 44 35
29 21 29 25
15 30 15 33
3 31 4 31
18 14 19 14
3 15 3 20
4 8 7 8
32 13 33 13
33 13 35 13
31 6 36 6
1 3 1 9
41 20 41 22
33 31 40 31
1 26 3 26
37 23 37 30
41 27 41 28
24 21 26 21
29 12 29 19
36 5 36 6
43 4 43 20
20 42 22 42
29 19 29 21
38 3 38 10
38 2 38 3
39 15 39 20
22 1 22 3
19 20 19 21
40 31 40 35
41 8 41 13
0 1 0 6
33 13 33 17
18 14 18 15
24 8 28 8
19 21 24 21
17 31 17 32
37 15 37 19
22 15 22 18
27 3 38 3
1 9 1 10
6 36 7 36
3 14 3 15
27 36 28 36
8 19 11 19
8 19 8 20
19 25 21 25
26 30 30 30
14 25 16 25
7 6 7 8
5 13 10 13
43 20 43 22
11 21 11 28
19 27 19 28
1 9 6 9
12 8 15 8
4 4 4 8
