124
21 14 21 13
9 20 9 19
10 14 10 13
12 16 11 16
9 1 9 0
12 8 12 9
14 15 14 16
18 21 19 21
9 15 9 16
12 18 12 17
13 20 14 20
8 4 8 3
12 19 11 19
20 11 20 10
12 21 13 21
16 16 15 16
11 14 11 13
11 1 11 0
9 4 9 3
11 6 10 6
8 5 8 6
16 1 15 1
11 8 12 8
10 15 9 15
1 18 1 19
17 16 16 16
17 15 17 16
20 14 20 15
19 3 19 4
15 13 15 12
15 14 15 13
10 16 10 15
0 6 1 6
19 11 20 11
16 16 16 15
13 21 14 21
12 13 12 12
9 14 10 14
11 7 11 6
18 12 19 12
15 15 14 15
1 12 2 12
0 17 0 18
21 12 20 12
12 12 13 12
19 1 18 1
19 12 19 11
0 12 1 12
9 5 8 5
8 6 8 7
3 17 3 16
9 21 9 20
7 13 8 13
7 3 6 3
7 12 6 12
10 2 10 3
10 17 11 17
18 13 18 12
10 11 11 11
11 10 12 10
21 5 21 4
20 13 20 14
16 4 17 4
1 15 2 15
18 20 18 21
17 4 17 3
4 1 5 1
19 20 18 20
5 4 4 4
11 17 11 18
10 7 11 7
17 3 17 2
15 12 15 11
4 12 3 12
12 10 13 10
6 14 5 14
10 6 10 7
2 17 1 17
15 0 16 0
16 19 15 19
8 1 9 1
21 6 20 6
18 1 18 2
13 2 13 1
4 11 4 12
6 13 7 13
18 21 17 21
20 1 19 1
6 19 5 19
1 5 1 4
6 3 6 2
2 16 2 17
1 6 1 5
1 17 0 17
6 4 5 4
1 4 0 4
20 2 20 1
9 12 8 12
2 17 3 17
14 3 15 3
11 9 11 8
5 11 4 11
21 2 20 2
9 11 10 11
10 12 9 12
6 21 6 20
5 9 5 8
1 21 1 20
12 5 11 5
8 11 9 11
6 11 6 10
3 16 2 16
9 10 10 10
3 4 2 4
9 13 9 14
2 2 3 2
18 18 18 19
3 6 2 6
21 1 21 2
1 3 1 4
13 3 12 3
10 11 10 12
15 7 15 8
3 0 2 0
175
0 13 0 15
14 9 14 12
8 12 8 13
6 17 7 17
15 16 17 16
1 11 2 11
7 13 7 14
17 2 17 6
2 19 2 21
3 14 4 14
8 7 8 9
20 19 21 19
3 11 4 11
2 11 3 11
5 6 5 7
19 19 19 21
14 20 14 21
18 11 19 11
17 17 17 18
16 2 17 2
10 12 10 13
0 10 0 11
6 12 6 16
4 13 4 14
1 8 2 8
17 6 17 9
13 8 13 10
2 21 4 21
16 18 16 20
8 5 8 7
14 2 16 2
5 21 8 21
3 2 4 2
12 3 15 3
14 20 16 20
14 19 14 20
5 7 6 7
11 16 14 16
20 3 20 4
8 21 10 21
2 12 3 12
9 17 9 18
18 14 19 14
4 12 4 13
0 18 2 18
4 11 4 12
5 3 8 3
10 7 10 8
15 13 15 16
18 2 18 3
6 12 8 12
16 21 17 21
15 17 16 17
1 8 1 9
9 6 11 6
11 13 11 16
6 17 6 18
15 3 15 4
9 17 12 17
1 12 2 12
11 18 11 19
5 20 6 20
8 9 9 9
21 2 21 4
11 21 14 21
19 19 20 19
18 10 20 10
14 8 14 9
15 9 15 11
15 13 16 13
5 0 7 0
4 12 6 12
11 6 12 6
1 14 1 16
11 19 11 21
16 10 17 10
19 13 21 13
11 7 11 8
21 10 21 13
17 10 18 10
18 3 20 3
14 13 15 13
17 17 18 17
5 1 5 3
9 9 9 11
14 8 15 8
1 12 1 13
18 17 20 17
3 12 3 13
9 14 9 15
11 0 11 2
1 2 3 2
12 3 12 6
8 9 8 12
17 18 19 18
8 16 9 16
9 7 10 7
20 6 20 9
20 0 21 0
20 4 21 4
9 6 9 7
13 14 14 14
14 17 15 17
3 10 4 10
15 5 16 5
5 19 7 19
16 18 17 18
11 11 11 12
16 5 16 8
4 14 4 21
19 18 19 19
14 12 14 13
2 5 3 5
2 18 2 19
4 2 4 4
16 0 16 2
9 3 10 3
11 3 11 4
10 13 11 13
19 2 20 2
18 9 18 10
10 0 11 0
20 9 20 10
1 5 1 8
11 12 13 12
9 16 11 16
15 11 17 11
0 11 1 11
4 0 4 2
9 0 10 0
20 10 21 10
17 11 18 11
17 13 19 13
11 8 11 11
7 18 7 19
18 8 18 9
8 19 9 19
5 1 9 1
5 4 5 6
1 13 1 14
8 13 8 14
6 16 6 17
5 19 5 20
13 8 14 8
4 0 5 0
16 13 17 13
1 2 1 4
18 14 18 15
1 4 1 5
9 18 9 19
6 7 8 7
17 2 18 2
12 17 14 17
8 19 8 21
8 3 9 3
17 19 17 21
15 4 15 5
0 11 0 13
14 16 15 16
9 11 11 11
13 12 13 14
4 4 5 4
9 3 9 6
17 16 17 17
12 17 12 20
11 2 14 2
11 7 13 7
8 14 9 14
15 9 17 9
15 5 15 8
11 2 11 3
4 21 5 21
7 0 9 0
1 16 2 16
10 19 11 19
