47
22 1 22 2
4 9 3 9
5 3 5 2
12 7 13 7
6 26 6 27
21 22 20 22
22 24 22 25
14 4 14 5
3 11 4 11
4 26 4 27
7 10 6 10
6 27 7 27
26 27 25 27
3 25 3 26
9 1 10 1
3 16 3 15
5 18 4 18
19 16 20 16
6 13 6 14
19 25 19 26
16 8 17 8
17 2 17 1
12 20 12 19
12 23 12 22
24 5 25 5
23 10 22 10
15 6 15 5
0 3 1 3
9 2 8 2
18 20 18 21
25 5 25 6
17 14 16 14
10 11 9 11
24 13 24 14
13 5 13 6
2 17 3 17
1 9 2 9
20 23 20 24
4 16 3 16
5 4 5 3
21 12 21 11
19 12 20 12
25 11 24 11
4 7 3 7
8 2 8 3
26 5 25 5
23 13 23 12
153
1 11 2 11
3 5 8 5
5 3 8 3
14 16 17 16
16 2 16 3
8 3 8 5
20 11 20 12
8 5 14 5
5 14 6 14
17 10 17 11
17 11 20 11
2 2 4 2
2 4 3 4
3 0 6 0
24 11 24 14
8 3 9 3
13 15 16 15
27 8 27 11
24 11 26 11
10 19 12 19
3 6 5 6
22 16 24 16
18 22 20 22
2 15 3 15
22 2 22 8
20 12 23 12
5 6 10 6
9 11 9 15
15 9 15 12
18 14 18 18
5 14 5 26
17 11 17 16
26 9 26 11
3 27 4 27
1 11 1 12
6 10 10 10
5 6 5 14
3 14 3 15
6 12 7 12
20 24 27 24
23 5 25 5
2 2 2 4
12 9 12 10
5 27 7 27
1 3 1 5
10 0 10 1
6 8 6 10
12 17 13 17
13 15 13 17
18 21 18 22
11 2 14 2
11 2 11 4
13 18 18 18
23 6 25 6
26 11 27 11
10 10 10 14
21 3 21 6
19 24 20 24
19 3 21 3
7 22 8 22
11 4 18 4
3 3 5 3
25 9 26 9
16 2 20 2
21 27 25 27
2 27 3 27
17 9 17 10
3 26 5 26
6 0 7 0
19 24 19 26
27 3 27 8
14 6 17 6
10 1 11 1
14 5 15 5
1 5 3 5
1 5 1 11
16 3 19 3
22 2 25 2
11 1 17 1
14 21 18 21
17 8 18 8
17 10 22 10
25 2 27 2
14 9 15 9
4 14 4 18
2 0 2 2
21 11 24 11
3 17 3 26
13 17 13 18
20 20 20 22
3 8 3 9
20 16 20 20
4 27 5 27
24 14 24 16
11 7 11 8
22 8 22 9
12 19 12 22
23 6 23 7
12 22 13 22
16 14 16 15
10 10 12 10
13 6 14 6
12 19 17 19
1 15 2 15
9 15 9 17
2 9 3 9
10 19 10 22
3 5 3 6
13 6 13 7
20 22 20 24
4 18 4 21
12 17 12 19
18 8 19 8
10 6 10 10
9 15 10 15
19 3 19 7
8 22 10 22
13 3 14 3
25 6 25 9
18 18 18 21
14 6 14 9
3 14 4 14
11 6 11 7
18 4 18 8
6 14 6 18
19 26 22 26
16 10 16 14
22 26 25 26
25 26 25 27
3 6 3 7
3 16 3 17
14 2 14 3
25 2 25 5
2 0 3 0
5 2 11 2
18 1 24 1
14 9 14 13
19 8 19 9
7 22 7 27
10 18 10 19
3 9 3 14
4 2 5 2
20 2 22 2
22 9 22 10
11 1 11 2
7 12 7 22
10 15 13 15
17 1 18 1
17 6 17 8
10 6 11 6
18 14 24 14
13 7 13 15
2 15 2 27
