311
18 2 18 3
22 7 23 7
6 34 7 34
41 15 41 16
1 2 2 2
20 37 20 36
43 36 42 36
41 23 41 24
22 17 23 17
25 21 24 21
23 4 22 4
13 17 14 17
11 25 10 25
12 19 11 19
42 13 41 13
30 3 30 4
27 34 26 34
7 12 8 12
45 34 45 35
28 44 29 44
24 18 23 18
26 32 26 31
45 45 45 44
19 5 19 4
18 3 17 3
23 25 22 25
1 24 2 24
15 27 16 27
29 13 30 13
16 17 16 18
28 2 28 1
24 12 24 11
45 42 44 42
11 10 12 10
24 6 25 6
24 44 24 43
3 39 4 39
2 38 3 38
20 45 20 44
20 4 20 5
9 26 8 26
45 20 45 21
44 31 43 31
34 1 35 1
22 4 22 5
33 13 33 12
42 28 43 28
5 6 4 6
9 20 9 21
41 20 40 20
23 24 23 25
8 14 9 14
5 19 6 19
43 31 43 32
4 15 3 15
35 31 35 30
5 12 6 12
17 18 17 17
23 25 23 26
24 8 23 8
39 29 40 29
35 19 36 19
39 37 39 38
23 0 23 1
7 34 7 35
23 20 23 21
29 33 29 32
24 35 24 36
24 4 24 5
9 9 9 8
28 27 29 27
30 13 30 14
35 5 35 4
19 4 20 4
41 24 42 24
35 4 34 4
3 35 4 35
14 34 15 34
41 27 41 28
42 6 43 6
2 1 3 1
42 19 42 20
2 6 2 7
44 43 43 43
18 41 18 40
39 22 38 22
8 41 9 41
14 38 14 37
34 4 34 3
38 14 38 13
7 6 6 6
43 23 42 23
5 2 5 3
16 7 16 6
38 16 37 16
17 32 17 31
2 23 3 23
14 17 14 18
29 38 29 37
28 41 29 41
45 43 44 43
43 27 43 26
1 3 0 3
42 36 42 35
42 23 41 23
24 28 24 27
21 14 21 13
39 36 39 35
11 21 10 21
17 31 16 31
38 43 37 43
28 20 28 21
20 29 20 28
28 45 28 44
44 19 45 19
19 10 18 10
29 42 30 42
38 34 38 33
23 39 23 38
16 11 16 12
12 17 11 17
23 22 23 23
29 7 29 6
25 30 24 30
20 5 21 5
26 19 26 20
39 14 38 14
27 26 27 27
39 20 39 21
37 19 38 19
35 30 35 29
1 36 0 36
20 4 20 5
40 23 40 22
39 38 38 38
20 44 21 44
43 28 43 27
28 8 29 8
5 44 5 43
32 1 32 2
32 26 32 27
11 35 10 35
9 41 9 40
14 0 13 0
42 20 43 20
17 0 16 0
35 14 36 14
16 22 16 21
8 17 7 17
1 1 1 2
24 45 23 45
3 38 3 37
38 9 37 9
8 38 7 38
5 33 6 33
16 6 17 6
24 30 24 29
8 25 7 25
37 31 36 31
36 0 37 0
38 19 38 20
36 27 36 28
30 4 29 4
41 4 41 5
38 42 38 41
25 3 24 3
38 36 37 36
10 27 9 27
16 27 16 28
41 28 42 28
43 26 42 26
20 18 21 18
20 17 19 17
27 19 26 19
21 10 21 11
2 0 1 0
36 42 35 42
12 2 12 1
14 11 14 10
23 30 22 30
23 45 23 44
20 36 21 36
11 22 12 22
28 17 29 17
9 30 10 30
23 44 23 43
10 6 10 7
41 6 41 7
13 34 14 34
1 40 2 40
31 34 31 35
16 28 17 28
5 15 4 15
10 44 10 45
26 30 25 30
2 12 2 11
34 0 34 1
13 0 13 1
39 17 39 18
11 37 11 36
19 45 18 45
10 2 9 2
31 1 32 1
24 36 23 36
7 9 6 9
33 24 34 24
42 10 41 10
23 21 22 21
33 42 32 42
2 11 3 11
15 30 15 31
1 18 0 18
9 23 9 24
33 12 34 12
30 16 29 16
2 2 2 1
20 15 21 15
17 3 17 4
3 23 3 24
1 16 1 17
25 4 24 4
10 0 9 0
14 34 14 35
14 37 13 37
10 28 10 27
11 17 10 17
12 14 12 15
21 40 21 39
20 28 21 28
12 10 13 10
37 26 38 26
28 32 28 33
14 4 14 3
14 15 15 15
26 7 25 7
2 19 1 19
10 25 10 24
28 1 29 1
32 35 32 34
11 36 10 36
16 26 17 26
12 33 12 34
12 22 11 22
22 25 23 25
31 44 32 44
39 7 38 7
42 4 41 4
19 35 19 36
0 39 0 38
27 27 28 27
44 27 45 27
36 4 35 4
13 45 13 44
5 0 6 0
23 7 23 6
31 17 31 18
3 22 2 22
18 22 18 21
21 37 22 37
20 20 19 20
21 7 21 6
38 41 37 41
37 28 37 27
23 26 24 26
19 20 18 20
19 42 18 42
30 26 31 26
35 2 35 3
1 19 1 20
44 8 44 7
9 28 10 28
9 2 9 3
43 2 42 2
22 3 23 3
1 8 1 7
36 21 37 21
15 28 15 29
37 0 37 1
3 15 3 14
42 2 41 2
12 35 11 35
7 35 8 35
14 24 13 24
32 30 31 30
17 11 18 11
44 34 44 33
27 6 27 5
36 30 37 30
40 4 40 3
29 41 29 40
38 26 38 27
20 43 20 42
19 22 20 22
16 9 15 9
2 24 2 23
33 25 32 25
27 36 26 36
32 21 32 20
5 30 5 31
27 5 28 5
22 0 22 1
15 39 15 40
37 43 37 44
31 26 32 26
12 28 11 28
40 33 40 34
45 35 44 35
41 5 42 5
25 38 24 38
10 35 9 35
37 9 36 9
186
17 28 17 35
5 35 8 35
41 23 41 26
21 18 21 26
17 4 17 5
17 41 21 41
21 41 21 43
38 14 38 20
17 28 21 28
4 15 4 20
25 2 31 2
9 35 9 37
27 13 27 20
35 16 35 17
8 15 8 26
27 13 38 13
21 32 21 36
11 3 14 3
35 8 39 8
17 5 17 6
40 27 43 27
37 23 37 27
28 39 28 44
40 27 40 29
1 12 3 12
35 4 35 8
14 35 17 35
36 38 38 38
3 37 3 43
35 23 37 23
24 29 27 29
27 21 28 21
8 3 9 3
16 18 21 18
38 33 38 38
29 27 32 27
17 5 20 5
1 44 13 44
4 6 4 15
1 15 4 15
21 36 23 36
9 3 11 3
38 38 38 44
24 29 24 31
15 41 15 44
8 26 10 26
37 6 39 6
21 43 23 43
21 29 21 32
1 20 4 20
44 14 44 20
8 40 9 40
1 2 11 2
21 28 21 29
8 0 9 0
8 9 8 12
15 6 17 6
8 12 8 15
29 17 35 17
18 44 21 44
43 6 43 20
24 38 30 38
15 37 18 37
21 44 28 44
5 26 8 26
38 20 40 20
14 3 14 10
27 29 27 35
9 37 13 37
10 26 10 27
29 17 29 21
39 8 39 9
30 38 30 42
42 44 45 44
37 23 41 23
5 31 5 35
11 2 11 3
41 16 41 23
27 35 31 35
4 5 4 6
35 4 41 4
39 6 43 6
5 26 5 31
10 21 10 24
24 4 29 4
3 24 3 37
23 36 23 38
13 24 13 27
38 32 43 32
23 36 26 36
3 37 9 37
38 10 39 10
29 27 29 32
32 25 32 26
1 31 1 44
11 2 16 2
22 21 24 21
40 16 41 16
8 35 9 35
14 10 14 18
43 32 43 42
24 21 27 21
33 27 37 27
38 20 38 22
16 0 16 2
18 37 18 40
36 14 38 14
36 29 40 29
41 13 41 16
31 3 34 3
45 8 45 9
9 37 9 40
35 20 35 23
41 41 41 44
32 26 32 27
10 17 10 21
35 23 35 25
43 20 44 20
43 27 45 27
35 29 36 29
15 41 17 41
41 44 42 44
31 33 38 33
16 0 24 0
45 9 45 17
14 10 17 10
22 8 22 21
45 27 45 36
9 8 9 14
11 28 17 28
1 2 1 7
24 11 31 11
1 20 1 31
23 38 24 38
24 11 24 21
10 21 16 21
12 0 16 0
14 18 16 18
45 36 45 44
22 5 22 8
29 8 35 8
13 27 24 27
18 42 18 44
34 2 34 3
13 37 15 37
24 27 24 29
5 18 5 26
35 17 35 20
29 4 35 4
39 6 39 8
17 4 24 4
26 20 27 20
16 2 25 2
30 38 36 38
38 13 38 14
24 21 24 26
9 21 10 21
24 26 24 27
29 32 38 32
9 14 9 21
6 8 9 8
20 5 20 11
21 26 24 26
38 44 41 44
17 10 18 10
11 3 11 19
43 20 43 24
4 6 6 6
1 12 1 15
23 38 23 43
8 26 8 28
13 44 15 44
21 15 21 18
38 10 38 13
43 24 43 27
24 5 24 10
39 9 39 10
28 21 29 21
24 4 24 5
6 6 6 8
31 2 31 3
10 27 13 27
10 12 10 17
41 40 41 41
32 27 33 27
5 7 5 18
