318
8 1 9 1
17 31 17 32
23 7 22 7
35 24 36 24
37 14 36 14
9 23 10 23
21 38 21 37
27 22 26 22
6 2 6 3
18 32 19 32
30 33 31 33
5 23 6 23
30 11 30 12
13 21 13 22
27 24 28 24
18 29 17 29
12 34 13 34
5 27 6 27
15 6 14 6
19 26 18 26
17 33 17 34
19 19 19 18
19 31 19 30
6 18 5 18
28 19 28 20
28 26 28 25
6 8 6 9
13 25 12 25
15 23 15 22
29 7 29 6
8 19 9 19
21 25 20 25
27 20 27 19
31 35 30 35
1 34 0 34
27 38 27 37
36 6 35 6
21 8 20 8
6 38 6 37
15 20 14 20
6 3 6 4
18 27 19 27
27 15 26 15
14 14 13 14
27 28 27 29
26 14 26 13
26 28 27 28
16 1 16 0
29 35 28 35
12 33 12 34
15 22 16 22
29 0 28 0
30 1 30 2
12 34 11 34
15 34 15 33
24 12 24 13
5 22 4 22
27 29 28 29
18 21 17 21
6 22 5 22
36 8 37 8
5 26 4 26
15 27 15 28
2 12 1 12
19 24 19 23
13 34 13 33
17 32 17 33
27 14 26 14
17 20 18 20
27 37 27 36
20 1 20 2
17 36 16 36
35 27 35 26
20 0 20 1
31 31 31 32
6 26 5 26
24 32 24 33
7 19 6 19
11 37 12 37
33 11 32 11
35 28 35 27
19 30 18 30
22 16 23 16
26 26 27 26
9 25 8 25
16 22 16 21
36 4 37 4
16 25 16 24
20 25 19 25
9 28 8 28
24 13 23 13
31 10 31 11
23 8 24 8
22 36 21 36
13 14 13 15
32 25 31 25
9 12 8 12
23 9 22 9
17 8 17 7
37 34 38 34
32 31 31 31
13 33 12 33
29 20 30 20
9 1 10 1
27 7 27 8
14 9 14 8
24 29 24 28
32 16 31 16
27 8 28 8
31 11 31 12
22 35 22 36
20 1 19 1
2 14 2 15
30 27 30 26
27 9 28 9
33 32 32 32
2 6 2 5
37 20 38 20
12 25 11 25
35 27 34 27
27 36 26 36
19 17 19 16
36 14 36 15
5 3 5 2
15 38 15 37
4 31 4 30
32 24 33 24
11 34 10 34
21 10 20 10
25 26 25 25
24 33 23 33
36 32 36 33
4 10 4 11
13 15 13 16
19 0 20 0
17 35 17 36
2 15 1 15
24 3 24 4
22 2 23 2
3 1 4 1
1 30 2 30
15 28 15 29
10 7 10 6
6 27 7 27
22 38 22 37
0 4 0 3
1 14 2 14
4 6 3 6
28 35 28 34
3 4 3 5
1 15 1 14
23 38 22 38
19 25 19 24
34 28 35 28
2 11 3 11
37 35 37 34
30 17 29 17
15 19 15 18
16 21 16 20
31 31 30 31
17 36 18 36
24 21 23 21
2 20 2 19
6 28 7 28
4 13 4 14
7 8 7 7
32 23 32 24
34 2 34 3
22 27 21 27
15 35 15 36
24 14 24 13
1 33 1 34
0 18 0 19
26 17 26 16
4 20 5 20
1 5 0 5
32 6 32 5
23 30 22 30
8 25 8 26
7 33 6 33
26 10 26 11
16 36 16 35
16 35 17 35
19 20 20 20
4 36 4 37
12 9 11 9
15 18 16 18
6 4 6 5
2 28 1 28
34 27 34 26
8 12 8 11
28 8 29 8
35 8 35 9
11 17 12 17
9 2 8 2
9 36 9 37
36 15 36 16
14 31 14 30
23 35 22 35
35 2 34 2
9 4 9 5
31 33 32 33
37 34 37 35
1 34 2 34
31 9 30 9
33 22 34 22
30 31 30 30
22 21 22 20
9 5 10 5
22 6 22 5
21 5 21 4
24 13 24 12
13 11 13 10
25 20 26 20
35 29 35 30
2 26 3 26
27 33 27 32
33 25 33 26
26 33 26 34
7 9 7 8
10 33 9 33
9 34 9 35
6 24 6 25
33 4 33 3
22 7 22 8
15 14 16 14
14 30 14 29
4 9 5 9
19 11 19 12
33 14 34 14
38 22 37 22
11 11 12 11
8 3 9 3
1 36 1 35
21 7 22 7
8 7 8 6
23 16 23 17
11 19 11 18
10 0 11 0
27 28 27 27
38 6 37 6
23 3 22 3
14 6 14 7
25 29 24 29
6 5 6 6
15 33 16 33
21 12 22 12
6 37 6 36
2 9 2 8
29 13 28 13
16 17 15 17
1 10 2 10
1 6 0 6
19 2 19 3
19 36 19 37
10 4 10 3
9 37 8 37
8 31 7 31
5 17 6 17
23 13 23 14
3 38 2 38
18 14 18 15
31 20 31 21
4 22 3 22
8 8 9 8
33 7 34 7
2 22 2 21
26 16 26 17
31 25 31 24
38 23 37 23
32 24 32 23
3 36 3 37
31 24 31 23
21 9 21 8
22 30 22 29
32 23 32 24
0 10 0 11
18 17 17 17
34 36 34 35
24 4 24 5
19 16 18 16
17 4 17 5
4 16 3 16
20 31 20 30
38 8 38 9
0 28 0 27
22 17 22 16
34 2 34 1
3 22 3 21
32 38 31 38
34 14 34 13
33 29 33 28
5 36 4 36
33 21 33 20
18 6 17 6
4 8 3 8
22 5 21 5
6 23 7 23
34 18 33 18
38 24 38 25
7 31 7 30
16 5 15 5
23 14 23 13
38 3 37 3
18 13 17 13
24 23 25 23
2 14 2 13
24 12 24 11
34 35 34 36
16 11 15 11
21 5 21 6
15 26 14 26
20 10 19 10
21 16 21 15
14 3 14 4
16 24 15 24
16 0 15 0
31 13 31 14
182
6 9 9 9
2 34 5 34
32 29 32 30
20 28 24 28
29 6 30 6
19 32 21 32
22 38 31 38
36 10 36 16
31 36 31 38
20 0 20 2
24 26 27 26
22 36 22 37
30 36 31 36
6 25 6 33
26 35 30 35
9 18 9 19
32 30 32 32
30 26 30 30
12 3 19 3
9 9 9 10
13 22 14 22
31 16 36 16
35 23 35 26
36 24 37 24
21 32 27 32
19 8 20 8
37 10 37 12
6 6 6 9
27 11 29 11
16 19 16 20
1 31 2 31
2 10 2 13
24 24 26 24
17 35 17 38
4 3 9 3
7 7 7 8
28 15 28 16
10 3 10 5
10 1 19 1
29 11 32 11
1 28 1 31
24 8 25 8
36 3 37 3
10 1 10 3
27 11 27 19
12 33 12 37
19 33 19 35
25 23 27 23
28 16 31 16
27 19 27 23
9 10 11 10
14 20 16 20
8 38 10 38
16 20 18 20
19 27 19 32
33 26 34 26
28 20 28 23
23 24 24 24
7 34 10 34
31 32 31 36
30 26 33 26
3 5 10 5
18 20 18 25
35 26 35 28
14 8 19 8
5 38 8 38
36 28 36 29
23 2 23 10
6 9 6 17
27 34 28 34
13 35 17 35
2 36 4 36
5 9 6 9
10 16 13 16
17 35 19 35
16 33 17 33
30 6 35 6
31 32 32 32
10 35 10 38
28 23 31 23
32 33 35 33
36 3 36 10
27 10 36 10
19 1 19 3
35 37 35 38
1 31 1 35
29 6 29 8
5 20 5 22
12 33 16 33
9 27 9 33
34 22 34 26
27 23 27 26
37 24 37 26
9 10 9 17
19 24 23 24
9 19 10 19
35 33 35 37
1 14 1 20
6 33 9 33
2 31 2 34
20 2 20 8
14 8 14 17
9 26 9 27
25 35 26 35
35 33 36 33
30 6 30 9
23 10 27 10
19 24 19 27
5 18 5 20
10 38 16 38
2 17 3 17
7 7 14 7
3 6 6 6
18 0 20 0
4 1 4 3
23 23 23 24
22 36 26 36
31 16 31 21
30 30 30 35
9 19 9 26
0 13 0 14
10 19 16 19
17 27 19 27
10 34 10 35
9 17 9 18
34 22 35 22
19 32 19 33
27 27 27 32
5 26 5 34
28 9 30 9
2 36 2 38
14 7 14 8
20 19 23 19
1 20 5 20
20 2 23 2
32 11 32 13
32 30 35 30
2 17 2 19
10 5 15 5
36 16 36 24
23 10 23 13
27 0 28 0
5 22 5 26
35 1 35 6
17 38 22 38
0 38 2 38
0 6 3 6
33 24 33 26
0 14 1 14
5 34 7 34
21 21 23 21
26 35 26 36
14 17 15 17
31 21 31 23
27 32 27 34
16 19 20 19
27 19 29 19
0 3 4 3
3 17 6 17
35 28 35 30
23 17 23 19
27 26 30 26
10 16 10 19
0 3 0 5
27 4 27 10
3 5 3 6
2 13 2 17
35 26 37 26
14 20 14 22
7 34 7 36
15 17 17 17
11 25 11 27
26 34 26 35
24 26 24 28
16 38 17 38
27 0 27 4
9 33 12 33
32 32 32 33
23 21 23 23
17 29 17 33
11 27 17 27
23 19 27 19
