315
29 3 28 3
5 17 5 18
3 18 3 17
19 15 19 14
5 7 6 7
20 2 19 2
29 22 29 21
19 6 20 6
16 29 17 29
24 6 23 6
12 9 12 8
25 23 24 23
11 13 11 12
25 15 25 16
16 20 16 19
25 3 25 2
26 7 27 7
19 1 19 0
2 26 2 25
28 22 28 23
8 16 8 17
25 13 25 12
9 20 9 19
21 3 21 4
21 22 21 23
29 29 29 28
21 27 21 26
26 9 26 8
14 11 15 11
29 5 28 5
17 22 17 23
22 4 22 3
11 24 12 24
4 16 4 15
12 21 13 21
26 22 26 21
22 27 23 27
13 17 12 17
24 3 24 2
6 22 6 23
12 20 11 20
28 7 28 8
21 19 21 20
16 22 17 22
24 26 23 26
9 21 9 20
16 4 15 4
23 22 22 22
10 4 9 4
15 22 16 22
10 27 11 27
26 4 27 4
29 28 28 28
15 25 15 24
2 29 1 29
20 4 20 3
25 16 25 17
24 29 24 28
25 5 24 5
27 7 27 8
17 29 17 28
29 23 29 22
23 26 23 25
17 27 16 27
6 6 6 5
24 2 24 1
14 17 13 17
22 3 23 3
13 29 13 28
0 24 1 24
6 23 5 23
22 22 22 23
28 2 29 2
14 10 14 11
8 20 8 21
20 26 20 27
14 1 13 1
19 8 20 8
23 3 24 3
25 6 25 5
25 7 26 7
27 25 27 26
24 15 25 15
12 24 12 23
20 9 21 9
11 23 11 24
24 5 24 6
2 25 3 25
13 24 13 25
27 11 26 11
6 17 6 18
3 19 4 19
14 11 14 12
28 17 27 17
7 20 8 20
7 17 7 18
7 15 7 14
26 3 26 2
8 5 8 6
26 8 25 8
5 14 6 14
6 15 6 16
9 13 10 13
26 17 26 16
2 15 2 14
15 1 14 1
5 11 5 12
29 2 29 1
22 26 22 27
25 20 24 20
10 24 10 25
7 16 7 15
23 8 22 8
28 28 27 28
19 17 19 16
28 10 27 10
8 26 9 26
19 26 20 26
12 10 12 9
1 8 1 7
25 0 25 1
5 8 5 7
21 17 22 17
2 24 2 25
3 25 4 25
1 15 2 15
24 17 23 17
26 27 27 27
2 0 2 1
12 9 11 9
24 7 25 7
9 26 10 26
9 20 10 20
20 3 21 3
16 26 17 26
2 15 3 15
20 18 19 18
10 23 10 24
6 28 6 29
21 18 21 17
0 0 0 1
26 28 26 27
14 29 14 28
11 4 12 4
5 9 5 8
24 11 25 11
7 23 6 23
2 25 2 26
6 11 6 12
27 2 27 3
28 13 29 13
1 10 0 10
22 14 21 14
8 21 9 21
17 12 17 11
3 17 4 17
20 20 20 21
15 11 15 10
26 12 27 12
7 22 6 22
28 5 28 4
8 25 8 26
2 22 1 22
6 1 7 1
4 8 4 7
16 27 16 26
12 4 13 4
2 7 3 7
27 8 27 9
3 3 4 3
3 13 3 14
24 18 24 17
27 23 27 22
5 12 4 12
16 17 15 17
1 11 1 10
13 1 12 1
2 1 3 1
16 13 17 13
10 22 10 23
21 20 20 20
29 17 28 17
18 27 18 28
14 21 14 20
24 16 25 16
0 19 1 19
18 3 19 3
16 9 15 9
14 24 14 25
20 17 20 18
26 14 27 14
17 2 16 2
3 10 3 9
20 27 21 27
25 18 24 18
1 7 0 7
3 5 4 5
15 9 16 9
9 15 9 14
9 28 9 29
15 12 16 12
12 13 11 13
28 8 27 8
16 23 15 23
23 17 23 18
8 7 7 7
8 23 8 22
6 14 6 15
1 10 2 10
8 0 8 1
22 17 22 18
20 24 21 24
29 7 28 7
18 8 17 8
26 2 27 2
13 0 12 0
29 16 29 17
12 19 12 20
15 5 14 5
28 14 28 13
14 25 14 26
29 21 29 20
11 19 12 19
21 14 20 14
13 9 14 9
22 2 21 2
25 14 26 14
15 24 14 24
28 21 29 21
29 8 28 8
28 16 29 16
13 14 13 13
11 20 11 19
17 21 17 20
2 5 1 5
28 25 27 25
7 25 6 25
7 6 6 6
27 2 26 2
21 2 22 2
18 15 17 15
12 1 12 2
17 6 17 7
17 23 18 23
14 26 13 26
5 3 5 4
21 15 21 16
10 10 10 11
3 8 4 8
8 26 9 26
7 18 7 19
23 5 23 4
1 16 1 17
7 28 6 28
9 12 8 12
22 28 23 28
15 4 15 5
9 0 9 1
19 23 19 22
1 24 0 24
21 9 22 9
11 5 10 5
22 23 23 23
3 0 2 0
15 3 14 3
23 4 22 4
10 2 10 1
27 16 28 16
7 27 7 28
28 23 29 23
17 20 17 19
18 5 18 4
26 23 27 23
20 5 20 4
4 28 5 28
11 13 12 13
8 12 7 12
19 19 18 19
2 8 2 9
17 15 18 15
17 3 17 4
18 4 18 3
14 12 15 12
22 16 23 16
27 22 28 22
10 7 10 6
9 27 10 27
4 3 4 2
0 15 1 15
28 3 28 2
5 7 5 6
8 11 7 11
17 16 16 16
1 20 0 20
20 19 21 19
23 25 24 25
28 7 27 7
5 28 5 29
0 24 1 24
11 0 10 0
29 6 29 5
14 18 14 17
4 27 4 26
2 2 1 2
6 22 5 22
27 25 27 24
25 1 26 1
5 22 6 22
24 25 23 25
29 21 28 21
29 11 29 12
3 11 3 12
11 22 10 22
0 4 1 4
20 18 20 19
184
10 0 12 0
28 11 28 12
27 18 27 19
6 0 6 5
4 15 5 15
13 15 13 17
9 8 12 8
12 7 12 8
20 26 20 29
17 26 18 26
27 26 27 27
3 15 4 15
7 28 8 28
12 0 14 0
12 20 12 22
20 21 20 22
10 14 10 15
8 22 8 27
26 11 28 11
24 3 27 3
17 17 18 17
5 10 5 15
16 21 18 21
21 10 23 10
24 28 27 28
23 7 23 10
24 17 25 17
18 20 18 21
5 1 5 2
6 27 8 27
26 6 26 7
14 1 20 1
16 15 18 15
2 13 4 13
1 24 4 24
13 2 13 4
24 6 26 6
26 7 27 7
10 13 12 13
6 8 9 8
27 27 27 28
25 22 25 24
3 1 3 7
20 6 23 6
10 16 10 17
10 18 10 20
9 4 13 4
1 23 1 24
12 20 14 20
20 22 25 22
0 14 1 14
26 7 26 11
15 17 17 17
17 11 17 13
2 10 2 13
23 12 24 12
13 15 16 15
10 17 12 17
3 1 5 1
18 15 20 15
20 14 24 14
10 20 12 20
10 15 10 16
1 27 1 29
16 21 16 22
15 17 15 18
24 6 24 8
16 26 17 26
16 2 16 6
12 19 12 20
4 15 4 17
12 12 15 12
18 21 20 21
28 9 28 11
29 14 29 15
20 20 20 21
14 22 16 22
18 17 21 17
18 25 18 26
24 12 24 13
20 4 20 6
9 4 9 5
25 17 25 22
5 8 5 10
8 13 10 13
13 13 13 15
9 16 10 16
20 1 20 4
11 24 11 27
2 0 6 0
7 21 7 24
6 26 6 27
20 1 24 1
28 20 29 20
13 10 13 11
6 25 6 26
23 13 24 13
11 12 12 12
4 24 4 25
5 10 7 10
2 10 5 10
24 14 24 17
23 10 23 11
12 23 14 23
8 20 8 22
16 22 16 26
13 11 17 11
5 8 6 8
6 16 9 16
26 18 26 19
6 20 8 20
15 20 18 20
3 21 7 21
13 22 14 22
25 22 28 22
27 14 29 14
24 3 24 6
11 24 14 24
27 15 27 17
29 4 29 5
27 4 28 4
2 27 5 27
26 19 26 21
18 6 20 6
13 2 16 2
10 17 10 18
4 5 6 5
6 5 6 6
15 12 15 13
20 26 21 26
6 6 6 7
29 15 29 16
10 12 10 13
6 5 9 5
10 13 10 14
14 17 14 20
26 11 26 13
28 22 29 22
4 25 6 25
25 17 27 17
21 3 24 3
23 6 23 7
27 17 27 18
14 22 14 23
20 8 20 10
23 11 25 11
26 1 29 1
29 16 29 17
24 13 24 14
15 6 16 6
17 8 20 8
7 28 7 29
8 20 10 20
0 7 3 7
11 15 13 15
11 29 12 29
10 27 11 27
3 15 3 21
24 13 26 13
3 7 3 9
14 0 14 1
21 16 21 17
6 7 6 8
11 27 11 29
4 17 8 17
12 29 20 29
10 23 12 23
8 27 10 27
29 5 29 9
12 8 12 12
13 13 15 13
1 24 1 27
29 1 29 4
25 11 25 12
20 14 20 15
13 8 15 8
27 3 27 4
0 1 3 1
20 10 20 14
24 1 26 1
14 17 15 17
13 8 13 10
8 17 8 19
21 26 27 26
