42
29 36 29 37
13 10 14 10
20 35 20 36
34 31 34 30
3 4 2 4
3 13 3 14
37 18 37 17
6 7 5 7
30 23 30 24
11 29 12 29
34 26 33 26
24 16 25 16
32 31 33 31
26 4 26 3
7 33 7 34
2 0 1 0
30 31 29 31
3 37 4 37
1 12 2 12
14 7 14 8
19 27 19 26
20 29 21 29
4 23 4 22
26 3 26 2
20 36 20 37
36 8 36 9
19 26 20 26
26 24 26 25
35 17 36 17
4 9 4 10
33 10 34 10
5 8 5 9
10 29 9 29
8 20 9 20
12 28 11 28
30 22 29 22
3 29 2 29
31 31 31 30
26 12 26 11
10 4 9 4
31 10 31 9
25 14 25 13
158
27 10 27 13
35 1 37 1
3 14 3 22
21 30 26 30
7 11 7 16
18 8 18 9
6 35 13 35
9 3 9 4
25 31 26 31
23 27 30 27
27 29 31 29
5 35 5 37
29 4 30 4
36 17 36 22
30 4 30 5
21 30 21 36
22 2 26 2
5 15 5 20
7 11 16 11
31 9 33 9
1 26 9 26
8 2 18 2
31 30 34 30
36 9 36 17
16 9 18 9
30 11 30 19
20 26 33 26
25 13 27 13
30 19 30 24
10 5 17 5
14 32 14 36
8 3 9 3
1 15 1 26
9 4 27 4
9 1 35 1
33 31 37 31
29 31 33 31
3 22 4 22
6 9 6 11
17 26 20 26
20 11 20 13
36 17 37 17
5 9 5 12
5 34 7 34
2 37 4 37
4 32 4 37
2 29 9 29
18 9 19 9
16 9 16 11
21 29 21 30
17 17 17 19
21 13 21 15
33 31 33 37
33 9 33 19
26 30 26 31
29 31 29 35
20 22 20 26
25 37 29 37
27 4 27 5
34 16 34 18
17 19 17 26
9 13 9 15
25 16 27 16
18 2 22 2
37 15 37 17
29 13 29 15
16 33 16 36
20 11 26 11
29 9 31 9
6 11 7 11
22 20 22 22
11 28 11 31
7 6 7 11
9 3 22 3
16 33 17 33
2 12 2 14
21 16 21 20
7 31 7 32
25 33 27 33
3 9 5 9
2 4 2 7
31 3 34 3
11 36 14 36
2 7 5 7
7 32 7 34
0 25 0 29
14 8 14 10
17 26 17 33
36 5 36 9
2 7 2 12
1 2 1 15
30 19 33 19
17 5 27 5
14 6 14 8
21 28 21 29
9 20 9 26
9 4 9 7
11 19 11 28
21 36 23 36
7 32 14 32
27 5 30 5
30 5 30 8
35 1 35 8
9 13 20 13
1 2 8 2
29 15 29 16
20 37 25 37
30 8 35 8
8 0 26 0
27 5 27 10
34 10 34 16
5 12 5 15
4 10 4 22
25 33 25 37
26 30 31 30
2 29 2 37
12 8 14 8
22 22 29 22
25 16 25 17
29 16 29 22
26 6 26 11
30 27 30 28
26 0 29 0
31 29 31 30
22 22 22 24
2 14 3 14
5 9 6 9
2 4 9 4
5 5 5 7
20 30 20 37
9 15 9 20
20 13 21 13
20 26 20 30
7 31 11 31
14 36 16 36
27 13 29 13
33 9 36 9
23 24 30 24
4 32 7 32
21 16 25 16
37 31 37 35
8 0 8 2
1 0 1 2
21 15 21 16
9 26 9 29
16 11 20 11
29 35 29 37
25 29 27 29
0 29 2 29
21 28 30 28
34 18 34 30
5 35 6 35
37 9 37 10
22 3 31 3
6 5 6 9
14 6 26 6
33 19 33 26
36 9 37 9
