117
22 22 22 23
19 29 18 29
9 3 8 3
32 8 31 8
24 14 24 15
13 31 13 32
11 20 10 20
20 1 19 1
29 2 29 3
16 19 16 18
29 20 28 20
13 2 12 2
26 16 26 15
12 28 12 29
10 8 11 8
26 27 27 27
18 15 18 16
32 12 31 12
14 15 14 14
0 2 1 2
30 23 31 23
14 18 14 17
32 5 32 6
23 26 23 27
11 30 11 29
8 20 8 19
27 21 26 21
23 15 23 16
16 28 16 29
10 22 10 21
20 14 19 14
31 18 32 18
15 6 15 7
26 6 27 6
4 11 4 10
26 18 26 19
6 0 6 1
13 7 13 6
4 20 3 20
24 27 24 26
1 0 1 1
7 8 7 7
27 20 27 19
16 27 16 26
11 3 12 3
3 11 4 11
10 14 11 14
10 11 9 11
7 6 6 6
25 18 25 19
21 28 21 29
22 2 22 3
19 15 20 15
2 30 1 30
32 25 31 25
19 1 19 2
13 16 14 16
26 11 27 11
4 6 4 7
5 16 5 15
21 19 22 19
25 25 25 26
20 10 20 11
24 15 23 15
12 2 11 2
28 7 28 8
28 17 28 18
23 5 23 6
0 8 1 8
1 1 2 1
3 1 3 2
8 25 8 24
31 27 31 28
2 1 3 1
12 29 12 30
0 28 1 28
13 5 13 4
20 7 21 7
32 4 32 5
7 13 8 13
4 15 4 16
18 14 18 15
31 17 31 18
13 26 14 26
13 27 13 26
15 7 14 7
26 23 25 23
26 17 27 17
0 20 0 19
15 12 15 11
12 3 12 2
0 10 1 10
1 15 1 14
10 28 10 29
10 13 10 14
10 19 9 19
32 3 31 3
30 7 31 7
10 24 10 23
32 32 31 32
3 10 3 9
1 10 1 11
18 32 18 31
16 18 16 17
21 7 21 8
14 30 13 30
22 10 22 11
30 4 30 3
4 16 4 15
22 7 21 7
5 14 4 14
23 7 24 7
1 20 0 20
17 22 18 22
15 3 16 3
3 9 4 9
7 26 6 26
183
27 19 28 19
19 28 19 30
6 15 9 15
31 5 31 7
1 21 4 21
0 7 4 7
16 29 17 29
18 29 18 31
14 24 15 24
31 28 31 32
3 30 9 30
11 2 11 8
14 24 14 26
9 23 10 23
27 6 27 7
2 10 4 10
8 6 9 6
31 12 31 15
1 11 4 11
5 13 5 15
8 12 8 13
10 20 10 21
32 18 32 26
24 28 28 28
19 28 24 28
18 31 19 31
20 15 23 15
6 6 8 6
4 11 5 11
12 27 14 27
6 5 6 6
20 11 20 12
27 23 27 27
0 30 0 31
3 0 8 0
15 19 22 19
2 13 5 13
17 5 31 5
21 8 21 10
3 27 3 30
8 1 8 3
10 10 18 10
14 17 14 20
9 17 14 17
9 17 9 19
24 7 27 7
14 7 16 7
5 13 8 13
15 15 18 15
22 19 22 20
24 28 24 32
28 18 28 19
13 28 17 28
14 4 14 7
18 15 20 15
3 2 6 2
25 19 25 23
9 2 11 2
0 30 1 30
31 2 31 3
14 17 16 17
23 9 23 15
12 7 14 7
4 10 4 11
9 23 9 24
2 13 2 15
10 10 10 14
4 8 8 8
23 15 26 15
14 20 15 20
14 16 14 17
31 8 31 9
17 8 21 8
30 3 31 3
28 18 31 18
17 29 18 29
11 12 18 12
27 10 27 11
19 2 19 4
10 16 14 16
4 5 4 7
22 20 22 23
0 15 2 15
4 10 10 10
14 4 19 4
21 27 23 27
5 4 5 7
32 6 32 7
10 14 10 16
0 0 3 0
3 1 3 2
8 24 9 24
6 4 6 5
10 21 10 23
14 14 15 14
2 8 2 10
11 8 17 8
4 19 4 21
17 30 17 31
9 24 14 24
31 5 32 5
8 14 10 14
3 27 4 27
0 16 0 19
4 8 4 9
8 22 8 24
28 20 28 28
9 2 9 6
0 19 4 19
19 2 24 2
9 6 9 7
8 0 8 1
0 7 0 13
1 28 1 30
31 9 31 10
24 2 31 2
14 0 14 4
17 5 17 8
6 2 6 4
31 18 32 18
14 27 21 27
14 26 16 26
27 11 27 13
18 10 18 12
16 17 18 17
8 1 13 1
27 19 27 23
1 30 3 30
13 28 13 30
15 15 15 16
23 27 27 27
8 19 9 19
0 0 0 7
13 30 13 32
26 15 26 19
31 7 31 8
9 30 12 30
28 28 31 28
13 1 13 4
25 23 25 26
0 13 0 15
30 12 31 12
10 23 22 23
18 16 18 17
18 10 21 10
23 1 24 1
31 10 31 12
4 7 5 7
20 12 20 15
5 15 6 15
17 31 18 31
16 25 16 26
27 7 31 7
8 8 9 8
13 4 14 4
17 28 19 28
22 19 25 19
3 24 8 24
4 19 7 19
15 14 19 14
4 21 10 21
10 21 12 21
31 23 31 25
10 27 12 27
23 9 26 9
1 5 4 5
4 7 4 8
31 25 31 28
11 28 13 28
27 10 31 10
3 8 4 8
3 32 13 32
1 11 1 14
3 23 3 24
14 14 14 16
18 16 19 16
8 24 8 28
25 26 26 26
8 28 11 28
0 15 0 16
31 15 31 18
25 19 26 19
23 22 23 27
