320
21 28 21 27
8 8 8 7
9 34 9 33
8 36 7 36
9 35 8 35
12 5 12 6
19 23 19 22
18 3 19 3
5 6 5 5
6 30 7 30
8 6 9 6
23 32 23 31
20 0 20 1
3 30 4 30
8 21 7 21
29 6 29 7
17 27 17 28
29 29 28 29
25 2 25 3
22 14 22 15
27 1 27 2
16 8 15 8
17 13 17 12
10 10 10 9
36 28 35 28
11 11 11 10
7 12 7 11
11 7 11 6
23 9 23 10
6 29 5 29
8 32 7 32
25 25 24 25
24 9 23 9
33 6 33 5
28 5 29 5
7 2 8 2
0 30 1 30
15 23 15 24
2 35 2 36
5 28 5 27
37 23 36 23
18 2 19 2
20 14 21 14
18 14 18 15
22 22 22 21
28 24 28 25
8 28 8 27
5 30 6 30
29 12 30 12
11 33 11 34
13 0 12 0
8 33 8 32
10 8 10 7
33 31 33 32
21 14 22 14
10 11 9 11
30 20 31 20
12 36 12 37
28 6 28 5
29 11 29 12
36 25 36 26
22 25 22 26
11 9 12 9
33 12 34 12
33 36 33 35
9 36 8 36
26 2 25 2
23 23 23 22
21 34 20 34
35 30 35 31
18 34 17 34
17 28 18 28
12 23 12 22
6 10 6 11
22 5 22 4
35 6 35 5
34 18 34 17
11 10 10 10
29 26 30 26
23 13 24 13
28 31 29 31
26 24 26 25
11 32 11 31
8 7 8 6
21 32 21 33
28 16 27 16
34 7 34 6
22 4 22 3
18 33 18 34
14 7 14 6
17 18 18 18
5 29 5 28
14 4 15 4
12 4 12 5
7 32 7 33
26 13 26 12
14 11 14 10
23 27 23 28
17 25 17 24
36 17 37 17
28 25 28 26
18 26 19 26
9 4 9 5
12 32 12 31
30 3 30 4
28 37 29 37
29 21 29 22
33 13 33 14
12 2 12 1
29 28 30 28
19 32 20 32
4 36 4 35
31 25 32 25
30 22 30 23
6 36 6 37
24 23 23 23
15 8 15 9
22 15 21 15
16 10 15 10
10 36 11 36
11 34 10 34
22 24 22 25
6 24 7 24
18 23 17 23
9 12 10 12
11 35 10 35
7 27 7 28
37 12 36 12
32 14 32 13
32 9 33 9
0 8 1 8
4 9 4 8
7 24 7 25
33 0 33 1
33 32 32 32
25 24 25 25
29 36 30 36
7 34 6 34
3 24 3 23
37 30 36 30
35 5 34 5
28 27 29 27
29 10 29 11
37 9 36 9
25 14 25 13
8 14 8 13
23 28 24 28
7 26 6 26
26 25 26 26
35 26 35 27
4 15 5 15
3 13 3 12
11 36 11 35
18 13 19 13
27 31 27 32
30 23 30 24
30 36 31 36
32 18 33 18
12 1 11 1
4 8 5 8
32 22 31 22
5 17 6 17
16 15 16 14
25 11 25 10
1 30 1 31
7 16 6 16
21 15 21 16
20 32 21 32
32 19 32 20
8 23 9 23
1 28 0 28
17 36 18 36
10 35 10 36
15 9 14 9
34 26 34 27
16 17 16 16
22 3 23 3
33 2 33 3
7 36 6 36
5 5 4 5
6 18 5 18
9 37 9 36
19 27 20 27
16 36 15 36
24 5 24 6
8 6 8 5
3 14 3 15
22 26 23 26
30 19 31 19
12 29 11 29
26 28 25 28
3 12 2 12
26 23 26 22
22 33 23 33
37 8 36 8
31 23 32 23
4 2 3 2
6 30 6 31
4 19 4 20
21 3 22 3
35 7 35 8
30 24 29 24
22 25 22 26
32 32 31 32
31 3 31 4
15 36 15 37
33 10 32 10
4 34 5 34
14 6 14 5
32 13 33 13
18 32 19 32
13 2 14 2
37 31 36 31
12 17 13 17
27 36 27 35
22 27 23 27
36 10 36 11
5 21 5 22
34 25 35 25
37 36 36 36
12 9 12 10
13 29 12 29
33 18 33 17
9 36 9 35
30 21 30 20
24 37 23 37
7 3 7 2
35 16 35 15
3 10 2 10
19 32 20 32
36 4 36 5
31 10 30 10
35 15 36 15
1 8 1 9
25 28 25 29
24 8 24 7
4 33 3 33
30 17 30 18
10 12 10 11
4 17 4 16
35 24 34 24
7 13 7 12
13 37 14 37
34 6 35 6
1 6 1 7
12 31 13 31
23 29 23 30
2 6 2 7
0 13 0 14
3 23 3 24
29 18 28 18
3 6 3 5
35 1 35 2
0 19 0 20
35 2 34 2
36 23 35 23
2 4 3 4
6 26 5 26
10 20 9 20
17 35 17 36
17 8 16 8
32 8 32 9
13 28 14 28
6 3 7 3
30 18 31 18
26 12 27 12
10 16 10 15
29 11 28 11
33 35 33 34
8 13 7 13
18 34 19 34
29 27 29 28
1 15 2 15
19 8 19 9
26 37 26 36
30 20 30 19
27 25 28 25
36 15 37 15
36 9 35 9
33 30 34 30
27 8 26 8
8 2 8 3
17 34 17 35
21 29 21 30
25 25 26 25
8 1 8 0
1 11 2 11
30 34 30 33
19 17 19 18
36 33 36 34
23 12 22 12
19 14 20 14
25 31 26 31
14 30 14 31
18 6 18 7
16 26 17 26
28 5 27 5
34 2 34 1
33 14 32 14
29 31 29 30
1 33 2 33
4 30 4 31
36 22 35 22
0 20 0 21
17 6 17 5
3 9 2 9
9 14 9 13
25 29 25 28
34 10 34 11
7 29 8 29
35 3 35 2
6 13 6 12
3 33 4 33
7 18 7 19
14 2 13 2
13 8 12 8
27 16 26 16
16 34 16 35
35 29 35 30
35 4 36 4
180
28 14 28 18
28 22 29 22
2 36 6 36
18 22 19 22
23 3 25 3
34 17 37 17
31 20 32 20
5 12 6 12
9 7 9 8
33 9 33 11
4 10 4 16
26 3 27 3
33 13 35 13
9 24 9 25
24 28 24 32
20 22 23 22
29 22 29 24
14 10 14 13
33 11 33 13
12 5 14 5
3 21 7 21
7 33 9 33
20 1 26 1
13 33 21 33
14 23 17 23
7 19 7 21
36 30 36 31
5 28 5 34
6 31 8 31
21 33 21 37
26 1 31 1
29 16 32 16
4 10 10 10
6 19 7 19
22 12 24 12
27 32 31 32
9 13 9 17
19 37 21 37
22 14 24 14
8 30 8 31
8 5 9 5
0 28 0 33
26 26 26 29
14 13 14 15
33 9 35 9
32 16 32 20
26 1 26 3
27 26 27 32
11 15 13 15
22 14 22 19
25 6 35 6
18 1 20 1
24 24 29 24
37 22 37 24
1 25 2 25
33 15 37 15
14 32 20 32
23 26 26 26
24 12 24 13
21 32 21 33
5 8 9 8
24 14 24 24
8 31 8 32
4 5 4 10
13 15 14 15
19 3 19 9
37 15 37 17
6 31 6 34
31 27 31 32
13 15 13 17
27 26 28 26
28 4 30 4
28 20 31 20
13 4 15 4
22 11 22 12
0 36 2 36
19 3 22 3
36 6 37 6
11 8 11 15
11 6 11 8
22 3 22 11
23 3 23 7
10 23 14 23
1 3 7 3
7 21 7 25
6 36 8 36
14 10 15 10
7 11 9 11
1 7 2 7
29 15 29 16
13 17 17 17
19 22 20 22
37 6 37 15
24 13 24 14
0 3 1 3
9 11 9 13
31 32 31 36
31 20 31 22
9 17 13 17
1 7 1 9
23 7 23 9
35 8 35 9
26 26 27 26
31 36 36 36
29 12 29 15
36 26 36 30
14 5 14 9
15 4 15 10
0 28 3 28
19 2 19 3
24 32 27 32
29 15 33 15
11 6 12 6
6 12 6 16
20 30 20 32
18 28 24 28
9 25 10 25
9 33 13 33
5 28 7 28
32 26 32 28
10 34 10 36
19 16 21 16
7 25 9 25
6 34 6 36
21 32 24 32
32 26 36 26
7 3 8 3
35 6 36 6
4 16 6 16
25 3 26 3
37 17 37 22
26 3 26 4
17 17 17 23
8 32 14 32
3 28 5 28
6 16 6 17
19 16 19 18
32 9 33 9
14 36 17 36
22 19 22 21
4 5 8 5
18 22 18 28
9 33 9 35
30 4 30 5
7 21 15 21
24 24 24 25
21 24 24 24
25 3 25 6
19 18 19 22
8 36 10 36
15 19 15 21
29 28 29 30
22 11 28 11
6 17 6 19
8 3 8 5
2 33 2 36
14 28 18 28
36 18 36 21
12 0 12 5
9 5 12 5
36 21 36 26
13 14 13 15
31 22 31 27
29 24 29 28
28 18 28 20
2 19 6 19
3 27 3 28
21 12 21 16
19 9 19 13
14 13 19 13
17 16 17 17
10 36 14 36
28 11 33 11
7 28 14 28
2 10 4 10
9 8 11 8
15 18 15 19
7 25 7 28
14 15 18 15
27 12 29 12
