236
15 3 14 3
8 3 9 3
14 4 15 4
2 9 3 9
14 10 15 10
3 12 4 12
14 3 14 4
16 19 16 20
0 9 0 8
19 16 20 16
19 0 20 0
5 6 4 6
14 1 15 1
8 9 7 9
7 3 8 3
17 1 17 0
9 19 9 18
12 9 12 8
13 10 14 10
8 6 9 6
0 17 0 16
16 3 15 3
14 2 14 1
11 14 11 13
6 7 6 8
2 8 2 9
9 9 8 9
18 3 19 3
13 19 13 20
7 6 8 6
6 3 7 3
12 8 12 7
6 4 6 3
3 11 3 12
17 19 16 19
16 1 17 1
18 0 19 0
15 0 14 0
18 19 17 19
13 3 14 3
13 8 12 8
5 7 5 6
1 9 0 9
1 17 0 17
6 2 5 2
11 6 11 7
18 20 18 19
18 13 18 12
13 13 13 12
1 8 1 9
16 4 16 3
4 18 4 19
4 17 4 18
17 13 18 13
7 7 6 7
14 13 13 13
13 2 14 2
10 6 11 6
17 20 18 20
16 5 16 4
13 7 13 8
1 16 1 17
4 11 3 11
18 1 18 0
9 8 9 9
16 2 16 1
16 6 16 5
2 7 2 8
11 9 12 9
6 6 7 6
9 20 9 19
13 1 13 2
2 16 1 16
6 5 6 6
15 6 16 6
7 2 6 2
16 8 16 7
13 11 13 10
15 5 15 6
16 3 16 2
5 5 6 5
1 7 1 8
16 4 16 3
8 20 9 20
5 8 5 7
14 9 13 9
4 16 4 17
8 2 7 2
12 7 13 7
17 1 18 1
2 17 2 16
10 5 10 6
18 16 19 16
7 6 7 7
16 13 17 13
13 20 12 20
2 6 2 7
15 4 15 5
9 7 9 8
15 3 15 4
4 5 5 5
17 16 18 16
8 19 8 20
6 6 7 6
17 2 17 1
14 14 14 13
8 7 9 7
7 19 8 19
6 5 6 4
10 14 11 14
13 14 14 14
4 6 4 5
4 8 5 8
13 4 13 3
12 19 13 19
16 16 17 16
13 5 13 4
14 3 15 3
17 19 17 20
13 15 13 14
0 7 1 7
8 6 8 7
12 1 13 1
5 5 6 5
5 4 5 5
1 6 2 6
0 8 0 7
13 19 13 20
12 2 12 1
6 4 5 4
12 18 12 19
16 15 16 16
2 18 2 17
15 4 16 4
2 19 2 18
15 15 16 15
14 15 15 15
9 10 8 10
8 5 8 6
13 16 13 15
1 8 0 8
4 15 4 16
15 3 15 4
14 4 14 3
3 15 4 15
11 10 11 9
8 3 8 2
14 5 13 5
6 5 6 6
8 11 9 11
4 12 4 11
10 15 10 14
9 15 10 15
14 16 13 16
8 4 8 3
7 18 7 19
2 20 2 19
7 4 6 4
7 5 8 5
9 4 8 4
4 3 4 2
4 9 4 8
8 4 7 4
9 16 9 15
8 3 8 4
8 16 9 16
9 3 8 3
14 14 14 15
8 17 8 16
14 13 14 14
7 17 7 18
12 1 12 2
6 17 7 17
11 18 12 18
15 2 15 3
18 19 17 19
10 18 11 18
5 5 6 5
3 6 4 6
3 3 4 3
18 18 18 19
17 18 18 18
7 17 8 17
3 5 3 6
12 2 12 1
4 13 4 12
20 4 20 3
4 15 3 15
5 6 5 5
6 5 7 5
15 13 16 13
6 16 6 17
20 6 20 5
9 11 9 10
17 3 17 2
7 18 7 17
0 9 0 10
14 15 14 16
8 18 7 18
2 6 1 6
9 5 9 4
14 14 14 13
3 2 3 3
18 18 17 18
16 9 16 8
3 20 2 20
8 12 8 11
15 4 14 4
18 4 18 3
1 9 1 8
4 20 3 20
14 0 15 0
13 0 14 0
14 11 13 11
4 6 5 6
20 3 20 4
10 11 9 11
15 9 16 9
8 17 8 18
3 12 3 13
15 5 15 4
3 13 3 12
14 13 14 14
3 6 3 5
17 18 18 18
13 13 14 13
6 17 6 16
3 5 3 6
4 2 3 2
8 16 8 17
4 3 4 2
4 4 4 3
4 5 4 4
15 14 15 13
3 12 3 13
16 5 15 5
161
9 0 9 1
16 15 16 16
9 12 10 12
7 15 7 16
1 8 1 10
18 3 18 6
0 5 0 6
16 3 18 3
12 8 13 8
4 18 5 18
1 7 1 8
3 11 3 13
0 19 0 20
16 12 16 13
5 8 5 9
5 9 6 9
12 4 12 5
12 6 12 8
11 6 12 6
3 9 3 10
1 2 2 2
1 15 2 15
9 17 9 18
9 8 9 9
20 15 20 16
13 4 14 4
13 8 14 8
10 9 11 9
9 16 9 17
10 12 11 12
13 14 14 14
14 13 14 14
8 6 8 7
11 4 11 5
9 10 10 10
6 1 6 2
16 16 16 17
1 17 2 17
2 10 2 11
6 11 7 11
6 7 7 7
14 6 15 6
8 5 11 5
1 7 2 7
15 6 16 6
9 18 9 19
9 15 9 16
0 14 0 15
9 14 9 15
6 16 7 16
14 2 14 3
6 10 6 11
0 6 1 6
2 15 2 16
7 20 8 20
16 19 17 19
10 17 10 19
16 15 17 15
0 12 0 13
16 18 16 19
3 10 3 11
7 14 8 14
7 0 8 0
18 2 20 2
4 11 5 11
3 17 3 18
17 12 18 12
6 9 7 9
7 12 9 12
18 2 18 3
3 15 5 15
13 18 14 18
5 15 6 15
8 0 9 0
17 7 18 7
9 13 9 14
14 1 15 1
15 1 16 1
11 5 11 6
12 8 12 9
11 3 11 4
2 7 3 7
16 12 17 12
2 1 2 2
2 2 3 2
12 10 12 11
1 6 3 6
20 2 20 4
12 11 13 11
19 9 20 9
0 12 1 12
4 17 4 18
16 7 17 7
13 16 13 17
2 10 3 10
13 17 13 18
16 17 16 18
17 13 17 14
1 10 2 10
15 10 15 11
13 12 13 14
14 4 14 6
10 19 10 20
3 14 3 15
7 5 8 5
3 17 4 17
5 7 5 8
13 2 14 2
9 19 9 20
10 16 10 17
6 18 7 18
16 2 16 3
2 19 3 19
5 18 6 18
1 1 1 2
8 14 9 14
7 7 8 7
14 14 16 14
3 9 5 9
17 16 18 16
18 6 18 7
10 15 10 16
9 9 9 10
3 18 3 19
5 7 6 7
6 6 6 7
9 9 10 9
10 10 10 12
13 18 13 20
3 4 4 4
3 19 3 20
14 12 14 13
3 13 3 14
6 9 6 10
7 11 7 12
16 13 16 14
3 6 5 6
12 4 13 4
11 2 11 3
16 14 16 15
2 17 3 17
14 10 15 10
14 8 14 10
3 4 3 6
5 5 7 5
5 5 5 6
10 10 12 10
11 2 13 2
14 2 16 2
9 12 9 13
4 18 4 19
13 11 13 12
2 15 3 15
0 15 1 15
13 20 14 20
8 18 9 18
6 16 6 18
8 4 8 5
20 12 20 13
20 1 20 2
13 16 14 16
