213
32 2 31 2
4 4 4 3
20 27 21 27
19 19 18 19
6 15 5 15
5 13 4 13
24 17 23 17
14 16 14 17
15 21 15 22
21 2 20 2
23 17 23 16
10 7 10 6
25 6 25 7
22 2 22 3
4 22 4 21
13 27 13 28
6 6 5 6
8 23 8 22
31 15 31 16
32 32 31 32
25 33 25 32
31 9 30 9
0 5 0 6
5 29 6 29
31 2 30 2
11 25 10 25
32 28 31 28
35 23 34 23
17 22 17 21
8 6 8 5
5 24 6 24
1 32 0 32
31 19 31 18
32 34 32 35
19 26 18 26
2 17 3 17
4 33 5 33
6 19 6 18
2 21 3 21
34 14 35 14
11 24 11 23
20 19 19 19
22 16 22 17
34 34 34 35
2 22 3 22
27 19 27 18
5 21 5 22
25 10 26 10
3 21 3 20
17 37 17 36
4 15 4 16
4 2 4 1
24 7 23 7
3 33 4 33
1 0 1 1
26 35 26 34
18 23 18 22
0 26 1 26
25 7 24 7
2 16 1 16
31 16 32 16
18 7 19 7
17 30 18 30
2 18 2 17
28 11 27 11
11 15 11 14
20 2 19 2
30 3 29 3
13 11 12 11
18 10 19 10
4 24 4 23
4 17 5 17
1 1 1 2
20 28 20 29
14 27 15 27
4 37 4 36
33 10 34 10
37 25 37 26
34 24 33 24
3 14 2 14
19 0 19 1
10 10 10 9
6 18 6 17
6 24 6 25
4 16 3 16
17 11 18 11
9 27 10 27
9 11 10 11
18 30 18 29
34 7 33 7
20 37 20 36
19 19 19 18
22 17 23 17
32 33 32 32
27 25 27 26
17 9 18 9
0 3 1 3
35 16 36 16
30 16 31 16
10 11 10 12
26 14 27 14
21 18 22 18
34 27 34 26
6 35 5 35
16 17 15 17
5 2 6 2
9 22 9 23
33 3 32 3
10 15 10 14
3 9 4 9
1 29 2 29
26 4 26 3
32 11 33 11
32 14 32 15
26 19 25 19
35 2 34 2
11 8 11 7
15 2 15 1
29 11 30 11
29 10 29 11
4 1 4 0
26 3 26 2
19 25 18 25
1 26 2 26
1 2 0 2
37 1 37 2
8 9 8 10
10 27 11 27
26 12 26 11
37 35 37 36
34 2 33 2
4 5 3 5
35 18 34 18
23 7 23 6
27 18 26 18
8 8 8 7
1 35 0 35
14 19 15 19
23 17 24 17
20 23 19 23
28 4 27 4
14 35 14 34
25 32 26 32
37 10 37 9
37 36 37 37
26 32 26 31
4 3 5 3
20 30 20 31
17 18 18 18
26 21 27 21
20 12 21 12
1 16 0 16
32 21 32 22
23 18 23 17
37 31 37 30
27 26 27 27
7 2 7 1
11 33 11 34
32 6 32 5
28 19 27 19
28 13 28 14
8 1 8 0
21 3 20 3
7 1 8 1
2 36 2 35
35 8 35 9
2 29 2 28
24 33 23 33
18 3 18 2
20 10 20 11
36 20 37 20
10 33 10 32
3 5 4 5
15 1 14 1
26 34 27 34
37 30 37 29
8 24 7 24
32 12 32 11
5 37 6 37
4 14 3 14
23 22 23 23
15 14 16 14
25 28 25 29
15 25 16 25
28 29 28 28
36 11 37 11
27 23 28 23
10 25 10 26
2 35 1 35
27 37 27 36
13 31 12 31
31 1 31 0
34 1 35 1
1 9 2 9
37 23 37 24
35 29 34 29
30 33 29 33
21 20 20 20
7 16 7 15
17 28 18 28
8 36 7 36
25 35 25 36
28 36 28 35
20 11 21 11
27 21 26 21
15 22 14 22
2 0 2 1
37 24 37 23
31 34 32 34
37 2 36 2
6 11 5 11
32 32 33 32
33 28 33 27
187
3 20 12 20
21 23 23 23
29 22 29 26
11 23 11 27
2 15 2 17
35 1 36 1
0 31 1 31
0 17 2 17
2 14 2 15
23 26 29 26
1 31 1 33
17 29 17 36
4 21 8 21
10 9 10 12
35 4 37 4
14 28 18 28
5 23 9 23
35 1 35 4
4 21 4 23
31 12 31 14
30 18 31 18
20 20 20 22
12 20 18 20
13 2 13 12
14 36 17 36
22 1 23 1
5 6 10 6
33 0 33 1
18 4 18 9
18 2 18 4
5 33 6 33
30 1 30 2
19 12 19 18
18 27 18 28
4 34 4 36
3 16 3 17
33 2 33 4
32 22 32 26
15 26 15 27
17 36 20 36
28 32 31 32
31 14 35 14
18 9 18 11
27 31 27 34
11 21 12 21
19 10 19 12
13 28 14 28
2 11 2 13
5 23 5 25
37 3 37 4
11 27 15 27
35 9 35 14
1 34 4 34
32 34 35 34
35 0 35 1
29 18 30 18
34 23 34 26
5 11 5 15
19 28 26 28
31 28 31 32
5 17 6 17
31 16 32 16
13 0 13 2
1 23 1 27
11 17 14 17
33 0 35 0
24 7 24 10
16 9 16 12
33 7 33 11
12 0 13 0
5 25 5 33
6 17 11 17
26 18 29 18
25 31 25 36
21 24 21 27
18 18 19 18
26 18 26 20
4 36 6 36
29 14 29 18
4 33 4 34
2 17 2 23
19 2 25 2
7 25 7 32
31 18 31 28
27 11 29 11
23 29 25 29
28 14 29 14
0 13 0 15
9 23 11 23
37 33 37 34
0 17 0 28
30 14 31 14
3 17 3 20
26 11 27 11
20 17 23 17
2 23 4 23
13 0 18 0
1 15 2 15
12 20 12 21
10 12 13 12
25 2 25 11
32 26 32 34
6 36 7 36
10 14 11 14
16 12 19 12
20 22 21 22
1 36 4 36
11 14 16 14
35 34 37 34
18 22 18 25
5 3 5 6
27 34 32 34
23 17 23 23
35 14 35 24
31 5 31 12
13 2 18 2
21 22 21 23
14 17 14 18
7 32 8 32
1 27 1 31
18 28 18 29
10 29 17 29
26 13 26 18
18 0 22 0
21 23 21 24
29 14 30 14
18 26 18 27
9 12 10 12
18 29 20 29
27 27 27 31
26 11 26 13
6 2 13 2
22 0 22 1
7 24 7 25
12 18 12 20
10 29 10 32
18 20 20 20
34 26 34 29
25 29 25 31
5 22 5 23
19 2 19 7
10 8 10 9
11 21 11 23
26 2 30 2
0 2 6 2
0 6 5 6
30 2 33 2
18 25 18 26
35 4 35 9
26 31 27 31
21 27 27 27
14 18 18 18
6 2 6 4
2 15 5 15
23 17 24 17
26 28 26 31
20 29 23 29
33 4 33 7
17 29 18 29
31 0 33 0
5 6 5 11
5 15 5 17
0 13 2 13
23 23 23 26
6 36 6 37
25 11 26 11
27 4 27 11
10 26 10 29
10 12 10 14
9 29 10 29
32 16 32 22
35 24 35 25
14 22 18 22
34 26 37 26
24 10 24 17
8 32 10 32
30 2 30 9
19 7 19 10
4 23 4 33
7 32 7 34
32 26 34 26
18 20 18 21
0 2 0 4
23 1 30 1
7 9 10 9
30 12 31 12
7 34 7 36
