324
11 3 10 3
6 10 5 10
12 7 12 8
27 11 26 11
5 1 4 1
20 13 19 13
24 13 24 12
29 29 30 29
27 3 27 2
22 9 22 8
18 23 19 23
9 12 10 12
4 14 5 14
16 1 17 1
15 29 15 30
7 1 7 0
24 9 24 10
4 17 4 16
25 17 26 17
19 11 19 10
8 27 8 28
30 11 30 10
23 15 22 15
5 6 5 7
10 23 10 22
14 1 15 1
26 21 27 21
14 12 14 11
17 22 17 21
27 19 27 18
17 1 17 0
26 14 26 13
21 22 21 21
24 2 24 1
5 30 4 30
26 17 27 17
3 25 2 25
12 8 13 8
10 26 11 26
1 18 0 18
17 11 16 11
8 1 8 0
11 2 11 3
27 10 28 10
13 6 12 6
6 1 5 1
21 9 22 9
3 26 4 26
21 10 21 9
2 30 2 31
4 30 3 30
14 18 14 19
13 26 13 27
12 9 11 9
26 13 25 13
5 24 5 23
12 1 12 0
21 0 22 0
27 24 28 24
22 4 22 3
10 13 9 13
10 19 10 20
17 0 18 0
13 25 13 26
20 17 20 18
26 25 26 24
6 26 6 25
30 3 30 4
21 25 21 26
13 8 14 8
25 20 25 19
27 5 26 5
16 8 15 8
2 3 1 3
11 10 10 10
20 11 19 11
27 18 26 18
11 1 11 2
26 22 26 23
3 30 3 29
17 13 17 12
25 14 25 15
13 12 14 12
13 22 13 23
16 11 16 10
3 14 4 14
16 25 16 24
26 15 26 14
25 13 24 13
23 25 23 24
20 14 20 13
7 4 7 3
29 9 30 9
18 25 18 26
21 17 20 17
5 13 6 13
12 18 12 19
12 19 11 19
15 15 15 14
27 15 26 15
8 17 8 16
23 2 22 2
22 2 22 1
3 3 2 3
22 10 23 10
19 19 19 18
31 12 31 11
28 3 27 3
14 17 15 17
4 24 5 24
0 17 1 17
22 8 22 7
6 6 5 6
10 9 9 9
14 11 13 11
15 2 15 3
18 1 17 1
5 28 4 28
24 8 24 9
13 7 13 8
25 31 24 31
28 25 27 25
0 14 0 13
24 10 25 10
9 13 9 12
29 26 29 25
20 2 20 1
2 14 3 14
21 8 21 7
17 20 16 20
21 9 21 8
4 28 4 27
6 9 6 10
17 12 18 12
28 31 28 30
20 20 19 20
21 6 21 5
4 13 4 12
18 26 17 26
13 13 13 12
7 2 7 1
9 14 10 14
5 22 4 22
29 11 28 11
24 15 23 15
4 23 4 24
27 12 27 11
5 9 4 9
28 24 28 23
16 20 15 20
31 27 31 28
29 10 29 11
17 24 18 24
30 20 31 20
0 3 0 4
8 26 8 27
21 7 20 7
31 14 31 13
31 4 31 5
26 29 26 30
18 0 18 1
25 8 24 8
10 25 11 25
1 23 2 23
12 12 12 13
18 20 17 20
2 11 2 10
27 6 27 7
21 2 21 1
15 20 16 20
20 3 20 2
30 12 29 12
0 11 0 12
20 6 19 6
28 17 28 16
21 20 21 19
11 7 10 7
30 29 30 28
28 18 27 18
18 21 19 21
20 22 21 22
27 11 27 10
18 8 17 8
15 13 16 13
15 10 15 11
31 26 31 27
11 28 10 28
26 27 26 26
16 26 16 27
20 5 19 5
20 21 20 22
29 20 29 21
2 26 2 27
0 28 1 28
15 9 15 10
17 16 17 15
24 18 25 18
21 26 22 26
24 16 24 15
13 9 13 10
0 7 1 7
17 29 16 29
3 18 2 18
4 18 4 17
29 1 28 1
31 28 31 29
13 20 12 20
20 4 20 3
17 20 17 19
4 25 3 25
0 2 1 2
27 7 27 8
29 30 29 31
16 12 15 12
4 22 4 23
30 10 31 10
7 26 7 27
28 1 27 1
24 9 23 9
5 10 5 9
18 27 19 27
14 28 15 28
30 30 30 31
6 25 6 24
29 11 30 11
8 14 8 15
18 2 19 2
29 18 28 18
12 28 12 29
25 22 25 21
24 31 25 31
5 21 4 21
15 6 16 6
0 15 0 16
0 13 1 13
17 8 17 7
24 5 24 6
25 2 24 2
19 29 19 28
26 12 26 13
19 3 19 4
5 17 6 17
19 15 19 16
11 14 11 15
4 9 4 8
18 12 17 12
31 27 31 26
1 28 0 28
27 1 28 1
18 24 18 23
4 8 4 9
4 3 4 4
4 4 4 3
22 28 23 28
30 16 30 15
29 12 29 11
23 3 23 4
11 23 12 23
7 10 7 11
7 8 7 7
13 23 14 23
14 13 13 13
5 7 6 7
10 3 10 4
17 7 18 7
13 3 14 3
20 2 21 2
4 14 4 15
26 3 26 4
11 5 10 5
3 25 3 26
24 27 24 26
17 2 18 2
10 14 10 13
8 16 9 16
14 3 13 3
26 10 26 9
1 10 0 10
0 1 0 2
2 7 2 8
2 3 2 2
22 7 23 7
4 9 4 10
14 25 13 25
31 2 30 2
9 19 8 19
17 31 16 31
29 0 29 1
12 0 13 0
0 18 0 19
28 19 27 19
13 31 13 30
1 16 1 15
30 17 30 16
25 3 25 4
8 15 9 15
22 5 22 4
5 3 5 4
16 24 17 24
28 20 29 20
12 6 12 5
25 6 25 5
21 28 22 28
6 10 6 11
4 19 4 18
25 28 26 28
28 9 29 9
17 26 18 26
2 5 3 5
17 23 16 23
19 26 20 26
30 16 29 16
1 4 2 4
0 25 0 24
11 0 10 0
7 29 7 28
16 29 16 30
30 26 30 25
5 16 6 16
2 18 1 18
2 15 2 16
29 19 29 18
23 4 23 3
9 9 9 10
174
18 19 20 19
18 1 19 1
17 15 17 19
16 27 16 30
21 3 22 3
22 28 23 28
13 12 14 12
27 17 31 17
27 8 27 10
24 2 27 2
1 21 2 21
9 5 9 10
25 18 25 19
15 12 17 12
15 1 17 1
24 12 24 13
30 25 30 27
15 3 15 8
27 25 27 29
6 24 7 24
8 25 11 25
22 15 22 16
19 25 20 25
5 9 5 14
24 29 24 30
19 1 19 2
24 29 27 29
0 16 0 19
0 12 0 16
27 16 27 17
20 25 25 25
16 13 19 13
1 21 1 22
21 8 21 15
23 21 23 22
0 19 0 20
29 5 29 7
15 1 15 3
13 13 13 15
15 11 19 11
25 25 27 25
22 16 25 16
13 26 13 27
22 9 22 14
0 29 0 30
24 8 24 12
12 13 13 13
1 18 1 20
20 22 20 24
15 8 20 8
5 6 5 9
23 21 25 21
0 12 4 12
23 27 23 28
26 14 26 15
13 15 17 15
19 2 21 2
2 24 3 24
11 3 12 3
22 21 23 21
21 21 22 21
24 8 27 8
15 27 16 27
27 25 29 25
8 3 8 5
3 4 5 4
6 16 9 16
1 24 2 24
5 19 6 19
5 6 7 6
4 12 4 15
5 1 7 1
27 18 28 18
20 18 20 19
20 8 21 8
0 20 1 20
11 2 11 3
25 19 27 19
8 5 9 5
25 16 25 18
8 30 9 30
29 25 29 31
6 3 7 3
18 22 19 22
17 19 18 19
9 30 13 30
7 12 9 12
11 26 13 26
19 23 19 25
4 24 4 26
21 8 24 8
27 4 27 8
27 4 30 4
27 10 28 10
5 0 5 1
4 15 4 16
7 1 7 3
24 2 24 6
26 13 26 14
7 1 10 1
15 3 20 3
2 21 4 21
21 15 21 16
3 1 3 2
8 20 10 20
25 21 27 21
3 24 4 24
4 26 4 27
22 3 22 4
15 25 19 25
22 9 23 9
21 2 21 3
5 4 5 6
14 8 14 12
22 14 26 14
9 10 9 12
4 16 6 16
5 9 8 9
7 6 8 6
1 24 1 25
11 25 11 26
27 21 27 25
23 12 24 12
11 15 11 19
10 22 18 22
13 27 13 30
10 1 15 1
9 15 11 15
6 19 8 19
12 25 13 25
19 22 20 22
8 20 8 25
15 30 16 30
19 13 19 16
7 3 8 3
12 4 12 5
15 25 15 27
28 23 29 23
8 19 11 19
0 30 8 30
9 15 9 16
23 30 24 30
10 20 10 22
19 16 20 16
13 13 16 13
28 18 28 23
21 2 24 2
11 19 14 19
27 17 27 18
2 9 5 9
4 26 11 26
28 10 31 10
12 5 12 13
27 14 27 16
27 10 27 14
3 2 3 4
22 14 22 15
9 12 9 15
31 10 31 11
20 18 25 18
25 19 25 21
17 14 17 15
14 12 15 12
14 8 15 8
12 3 12 4
0 22 1 22
13 25 15 25
4 11 4 12
2 16 2 21
4 23 4 24
9 16 9 18
29 7 29 8
8 19 8 20
19 11 19 13
