133
1 1 1 0
12 0 11 0
11 5 10 5
2 5 3 5
9 5 9 4
12 5 11 5
16 10 16 11
8 5 9 5
5 8 5 7
3 1 3 0
2 9 3 9
5 0 4 0
15 10 16 10
13 10 13 9
13 1 13 0
13 11 13 10
9 4 10 4
3 2 3 1
6 0 5 0
4 2 3 2
15 16 15 15
4 14 5 14
5 11 5 12
12 2 11 2
6 1 6 0
12 11 13 11
14 10 15 10
6 11 5 11
6 8 5 8
13 5 12 5
13 0 12 0
11 14 11 13
12 1 13 1
2 10 2 9
14 11 14 10
9 3 9 4
6 6 5 6
7 5 8 5
5 1 6 1
8 3 9 3
3 12 4 12
0 12 1 12
6 7 6 6
6 9 6 8
4 1 5 1
7 11 6 11
11 15 11 14
10 15 11 15
14 0 13 0
5 7 6 7
5 8 5 7
12 0 12 1
3 10 2 10
8 4 8 3
13 6 13 5
11 11 12 11
7 9 6 9
8 9 7 9
11 10 11 11
2 12 3 12
13 11 14 11
6 5 7 5
7 4 8 4
13 12 13 11
7 5 7 4
13 7 13 6
6 6 6 5
9 9 8 9
10 9 9 9
10 16 10 15
6 8 5 8
2 13 2 12
6 7 6 8
12 7 13 7
15 2 15 1
5 2 4 2
5 7 6 7
11 16 10 16
11 9 10 9
13 0 12 0
5 6 6 6
15 3 15 2
1 2 1 1
11 2 11 1
4 10 3 10
14 12 13 12
4 0 4 1
2 14 2 13
12 8 12 7
12 3 12 2
12 9 12 8
8 5 7 5
12 10 11 10
12 4 12 3
1 14 2 14
12 16 11 16
13 9 12 9
16 3 15 3
16 2 16 3
12 15 12 16
5 8 5 7
0 14 1 14
4 8 5 8
15 15 15 14
6 2 5 2
12 14 12 15
4 9 4 10
3 8 4 8
15 2 16 2
4 15 4 14
14 1 14 0
8 11 7 11
14 16 15 16
5 15 4 15
14 2 14 1
4 8 4 9
3 9 3 8
16 15 15 15
0 15 0 14
6 15 5 15
6 14 6 15
5 14 6 14
12 11 12 10
17 15 16 15
17 16 17 15
5 15 5 14
1 5 2 5
3 0 4 0
0 13 0 12
16 16 17 16
16 17 16 16
8 6 8 5
0 12 0 13
167
1 8 1 9
3 16 3 17
2 4 2 5
8 10 8 12
11 1 11 3
3 4 4 4
5 5 5 7
13 17 14 17
4 15 4 16
1 6 2 6
3 3 3 4
10 13 10 14
12 9 12 10
3 16 4 16
10 16 11 16
14 14 14 15
3 6 4 6
10 16 10 17
13 2 13 3
4 13 4 14
10 6 11 6
10 8 10 9
7 8 8 8
9 14 9 15
9 17 10 17
17 0 17 1
11 17 12 17
11 3 12 3
13 11 14 11
0 1 1 1
9 13 10 13
13 15 14 15
15 5 15 6
4 14 5 14
9 2 9 3
12 16 13 16
12 13 13 13
6 7 7 7
15 10 15 11
16 15 16 16
12 8 13 8
2 9 2 10
0 11 0 13
9 0 9 1
17 3 17 4
10 1 11 1
3 2 4 2
5 7 6 7
9 6 9 7
5 9 5 10
16 1 16 2
5 10 5 11
8 7 9 7
14 11 15 11
12 10 12 12
14 13 14 14
2 4 3 4
14 9 15 9
16 9 17 9
2 13 3 13
13 1 13 2
7 1 7 2
10 7 10 8
8 17 9 17
1 3 2 3
2 16 3 16
1 11 2 11
0 9 1 9
5 1 5 2
13 5 13 6
1 13 2 13
10 14 11 14
0 0 0 1
12 0 12 1
2 3 2 4
9 1 9 2
16 8 16 9
2 10 3 10
11 4 11 5
13 15 13 16
6 8 7 8
6 4 6 5
13 3 13 4
14 11 14 13
16 0 16 1
2 5 2 6
7 7 8 7
1 7 1 8
5 8 6 8
1 0 2 0
13 7 13 8
9 5 9 6
1 12 1 13
9 3 10 3
2 10 2 11
7 12 7 13
0 5 0 6
4 5 5 5
7 15 8 15
9 3 9 4
8 0 8 1
0 7 0 8
17 16 17 17
1 9 2 9
11 16 12 16
15 6 15 7
14 8 15 8
13 16 13 17
17 15 17 16
13 4 13 5
16 2 16 3
1 1 1 3
6 3 6 4
5 8 5 9
13 8 14 8
0 13 0 14
5 0 5 1
9 12 9 13
2 0 4 0
10 3 10 4
3 6 3 7
15 11 16 11
2 13 2 14
13 13 13 14
10 4 11 4
3 13 4 13
16 9 16 10
9 7 10 7
11 1 12 1
3 12 3 13
3 2 3 3
5 2 7 2
14 6 15 6
15 15 16 15
15 10 16 10
2 15 2 16
4 0 5 0
7 8 7 9
4 4 4 5
7 1 8 1
14 15 15 15
8 4 9 4
16 3 17 3
12 15 13 15
11 14 13 14
8 12 9 12
11 4 13 4
0 5 2 5
10 9 12 9
6 15 7 15
12 12 12 13
13 2 16 2
12 9 14 9
3 7 3 8
3 8 5 8
9 4 9 5
6 5 7 5
5 3 6 3
8 8 9 8
0 11 1 11
15 0 16 0
1 6 1 7
15 7 15 8
5 2 5 3
17 14 17 15
15 8 16 8
4 15 6 15
