33
6 12 6 11
6 2 5 2
14 11 15 11
6 1 6 2
5 10 6 10
5 6 5 5
15 1 16 1
14 14 14 13
8 8 7 8
13 9 12 9
16 16 16 15
4 16 5 16
1 14 1 13
2 6 2 7
7 15 7 14
16 15 15 15
15 9 14 9
7 12 6 12
6 0 6 1
5 7 5 6
10 1 10 0
3 8 3 9
5 8 5 7
4 10 5 10
2 1 2 0
4 1 3 1
15 2 15 1
1 8 0 8
2 5 2 6
4 12 5 12
7 16 8 16
1 5 2 5
4 8 5 8
167
8 14 9 14
15 12 15 13
7 5 7 6
6 14 6 15
10 9 10 10
13 4 13 5
5 7 6 7
12 12 13 12
13 14 15 14
8 9 9 9
11 13 13 13
13 5 14 5
12 7 12 8
6 15 8 15
3 12 3 13
14 2 14 3
16 0 16 1
12 10 13 10
3 13 3 14
6 3 7 3
9 6 9 7
13 12 13 13
3 14 4 14
2 15 2 16
2 9 2 10
2 0 4 0
7 10 7 11
7 3 7 5
6 9 7 9
6 3 6 5
9 8 9 9
5 5 6 5
0 2 0 3
12 6 14 6
3 13 4 13
9 14 11 14
14 0 14 1
15 7 15 8
15 14 15 15
6 2 7 2
8 13 10 13
3 11 3 12
1 3 1 4
0 10 0 11
13 10 13 11
13 0 13 1
5 7 5 8
1 4 2 4
5 2 6 2
6 8 6 9
8 11 8 12
10 10 12 10
7 11 7 13
2 7 3 7
3 16 5 16
5 10 5 11
15 11 15 12
7 3 8 3
11 6 12 6
8 3 9 3
4 3 4 6
11 8 12 8
7 1 8 1
4 6 5 6
9 9 9 10
7 5 9 5
13 13 13 14
2 6 2 7
9 4 10 4
11 0 11 3
15 8 15 10
16 1 16 2
8 1 8 2
2 7 2 8
11 3 14 3
2 9 3 9
5 6 6 6
12 2 13 2
8 15 14 15
9 7 10 7
5 14 6 14
8 7 8 9
14 2 16 2
10 7 10 9
12 4 13 4
15 3 15 5
13 1 14 1
10 2 10 4
12 9 14 9
5 12 5 14
7 11 8 11
5 3 5 4
6 11 6 12
5 11 6 11
15 5 15 6
2 8 5 8
14 10 15 10
4 0 5 0
3 10 3 11
6 7 7 7
3 9 3 10
8 4 9 4
0 9 1 9
5 0 5 1
7 7 7 8
8 13 8 14
15 6 15 7
6 13 7 13
16 8 16 13
5 9 5 10
11 6 11 7
14 3 14 4
7 9 8 9
7 2 7 3
14 6 15 6
14 10 14 12
6 10 7 10
2 5 3 5
0 3 1 3
14 15 15 15
1 2 1 3
4 3 5 3
0 3 0 4
5 14 5 16
13 11 13 12
6 13 6 14
3 6 4 6
9 5 13 5
5 9 6 9
9 10 9 11
10 11 10 13
1 7 1 9
12 10 12 11
15 8 16 8
13 1 13 2
15 0 16 0
9 5 9 6
10 0 10 2
7 6 7 7
12 8 12 9
4 2 4 3
1 6 1 7
10 9 12 9
7 14 8 14
14 12 14 13
15 13 15 14
2 15 4 15
5 0 7 0
4 0 4 2
7 0 7 1
8 15 8 16
8 2 9 2
3 5 3 6
4 14 4 15
13 8 15 8
6 1 6 2
0 14 3 14
9 11 10 11
1 4 1 6
0 9 0 10
4 6 4 7
9 2 10 2
2 4 2 5
10 0 11 0
14 3 15 3
1 9 2 9
3 10 5 10
