110
21 24 22 24
24 1 24 2
15 8 15 7
0 6 0 5
8 29 8 28
28 15 27 15
23 21 23 20
12 13 11 13
23 14 24 14
6 3 7 3
21 26 22 26
1 6 0 6
13 12 13 13
17 11 17 12
5 30 5 29
15 26 14 26
8 28 9 28
6 12 7 12
26 5 27 5
24 9 24 8
14 26 13 26
7 27 7 26
8 24 7 24
19 5 18 5
4 23 4 22
18 7 19 7
9 4 9 3
8 13 9 13
19 28 18 28
28 11 28 10
12 14 12 13
23 28 24 28
8 26 9 26
16 8 15 8
20 0 20 1
5 12 6 12
4 5 4 4
30 28 30 27
26 29 26 28
11 5 11 6
8 30 8 29
7 21 8 21
25 22 24 22
12 27 13 27
10 30 9 30
2 23 3 23
14 30 14 29
18 27 19 27
16 10 15 10
23 0 22 0
15 2 15 3
11 13 10 13
16 28 16 29
14 15 14 16
9 16 10 16
17 27 17 26
17 10 16 10
9 21 10 21
7 26 8 26
2 13 1 13
12 29 12 30
0 20 0 19
15 3 16 3
20 11 21 11
30 29 30 28
5 16 6 16
13 23 12 23
14 23 14 24
2 24 3 24
7 30 7 29
16 4 17 4
27 5 27 4
9 6 9 7
14 20 13 20
27 21 27 20
21 19 20 19
5 1 5 0
14 18 14 19
26 20 25 20
24 25 25 25
23 7 22 7
4 0 4 1
5 10 6 10
7 9 7 10
20 20 20 21
24 22 23 22
4 8 5 8
12 23 11 23
17 28 17 27
29 16 29 15
15 24 16 24
26 18 25 18
13 11 14 11
24 14 24 15
21 27 20 27
18 4 18 3
28 14 28 15
5 11 5 12
27 28 27 29
27 11 27 12
22 9 23 9
28 29 29 29
0 29 1 29
23 27 24 27
24 2 24 3
13 8 14 8
27 15 27 14
16 18 16 19
25 16 26 16
20 27 21 27
190
21 22 23 22
10 21 10 23
3 24 3 26
5 8 5 12
6 2 6 5
29 17 29 20
25 25 25 27
7 3 7 7
8 21 8 26
8 21 10 21
17 30 24 30
28 8 28 10
8 26 8 29
25 27 30 27
10 21 13 21
0 17 0 19
30 25 30 27
22 3 23 3
23 9 23 17
3 17 5 17
13 20 13 21
22 1 22 2
21 11 21 14
7 22 7 23
21 22 21 23
18 3 18 5
15 29 16 29
19 27 21 27
21 23 21 25
16 1 20 1
22 17 23 17
17 13 18 13
1 27 1 28
19 14 21 14
27 20 29 20
16 3 16 7
6 1 6 2
9 13 9 14
16 0 17 0
1 0 1 5
16 26 17 26
1 5 6 5
22 2 22 3
4 22 7 22
22 25 22 26
1 5 1 9
10 29 14 29
4 30 6 30
9 14 14 14
17 24 17 26
19 27 19 29
13 17 17 17
9 26 9 28
25 20 25 25
22 17 22 19
5 15 5 17
17 0 22 0
16 7 16 10
15 21 17 21
13 20 23 20
27 22 27 23
4 24 6 24
12 1 15 1
15 0 16 0
30 1 30 6
9 8 10 8
2 7 2 17
11 17 13 17
7 7 7 10
0 5 1 5
19 12 19 14
20 7 21 7
22 1 30 1
7 12 8 12
22 25 25 25
23 3 23 9
19 9 23 9
15 7 16 7
11 25 11 27
16 1 16 2
25 18 25 20
9 9 9 10
1 28 4 28
9 10 10 10
27 8 28 8
9 28 9 30
9 3 16 3
1 22 2 22
25 20 27 20
27 14 27 17
12 7 15 7
6 30 9 30
0 17 2 17
15 0 15 1
21 5 21 7
8 3 9 3
11 6 11 9
10 10 10 13
14 16 17 16
21 7 22 7
1 22 1 27
8 6 11 6
4 22 4 24
10 13 12 13
14 29 15 29
3 26 8 26
22 7 22 8
29 15 29 17
7 10 7 12
14 14 14 16
28 28 30 28
13 21 13 26
14 2 16 2
23 20 23 22
18 14 19 14
14 8 14 11
17 21 17 24
9 8 9 9
6 12 6 16
17 17 22 17
18 2 19 2
2 22 4 22
17 16 18 16
12 13 13 13
16 11 21 11
19 2 22 2
3 23 3 24
22 3 22 7
6 10 6 12
22 26 22 28
15 21 15 28
28 10 28 15
11 9 11 11
6 1 12 1
18 5 18 8
5 12 5 15
7 14 7 22
24 3 24 8
7 10 9 10
4 28 4 30
23 20 24 20
4 1 6 1
28 15 29 15
30 27 30 28
23 17 26 17
2 17 2 22
29 20 30 20
9 25 9 26
2 17 3 17
24 8 24 11
16 29 16 30
9 25 11 25
7 3 8 3
19 6 19 7
14 11 14 14
24 28 26 28
29 21 30 21
13 26 13 27
16 2 16 3
26 14 27 14
24 28 24 30
22 0 22 1
16 3 18 3
24 8 26 8
16 29 19 29
23 18 25 18
28 15 28 16
20 4 20 7
17 16 17 17
26 8 27 8
16 10 16 11
13 17 13 20
6 5 6 10
7 29 8 29
17 26 22 26
2 22 2 25
25 14 26 14
26 17 27 17
16 30 17 30
11 11 14 11
26 12 26 14
27 20 27 22
19 7 20 7
17 13 17 16
17 21 18 21
27 4 27 8
22 2 26 2
26 12 27 12
9 28 15 28
7 12 7 14
