48
23 13 22 13
14 35 14 36
36 1 35 1
23 19 23 18
4 8 4 9
0 37 1 37
9 19 9 18
11 8 11 9
21 18 22 18
12 24 12 23
36 32 35 32
25 0 24 0
16 21 16 22
35 28 34 28
31 0 31 1
19 27 18 27
26 3 26 2
11 37 11 36
35 27 35 28
33 18 34 18
14 36 14 37
6 30 5 30
28 28 27 28
5 19 5 18
3 23 4 23
1 9 1 8
22 2 21 2
15 29 14 29
14 9 14 10
30 11 30 12
18 4 17 4
16 13 16 14
27 12 28 12
26 36 25 36
4 35 4 36
9 35 10 35
32 20 32 19
32 0 32 1
2 8 3 8
21 23 21 22
29 10 28 10
18 22 17 22
21 7 21 8
30 29 30 28
33 7 33 8
17 26 18 26
4 21 4 20
23 15 24 15
152
5 25 5 30
8 24 8 26
3 3 3 6
1 8 3 8
7 9 11 9
27 3 27 18
26 20 27 20
3 6 3 8
4 23 12 23
22 4 22 8
9 8 13 8
31 6 34 6
1 25 5 25
16 16 16 22
21 9 21 11
28 34 32 34
24 3 24 10
14 29 16 29
17 13 22 13
28 21 33 21
4 18 4 20
27 2 27 3
14 37 24 37
13 4 13 8
10 35 16 35
24 3 27 3
23 2 23 3
17 1 17 4
18 26 18 27
14 10 14 11
15 0 24 0
13 23 13 31
24 10 24 15
30 28 34 28
3 8 9 8
14 27 18 27
34 18 35 18
15 13 15 18
27 18 27 20
28 15 28 21
18 23 18 26
28 2 28 10
9 30 9 31
22 18 22 35
19 1 21 1
26 4 26 20
15 0 15 10
25 34 25 36
16 28 16 29
22 36 23 36
15 10 15 13
16 29 16 35
9 26 11 26
9 26 9 30
1 4 1 6
30 7 35 7
25 21 25 34
21 11 22 11
20 2 21 2
14 3 14 10
17 1 19 1
27 20 27 28
8 36 11 36
14 29 14 31
34 28 35 28
22 16 22 18
16 22 17 22
26 20 26 25
13 23 18 23
17 13 17 22
35 1 35 2
10 33 10 35
22 18 23 18
25 17 25 20
28 12 30 12
21 2 23 2
34 28 34 33
23 18 24 18
10 3 14 3
22 8 22 11
1 8 1 25
21 1 21 2
16 8 21 8
3 8 3 11
8 24 10 24
1 37 14 37
24 27 24 37
33 19 33 21
34 18 34 28
35 23 36 23
4 20 6 20
21 22 21 35
25 34 28 34
23 3 23 18
35 28 35 32
12 23 12 28
13 31 14 31
22 35 22 36
24 15 24 17
20 36 22 36
17 22 21 22
32 1 35 1
24 18 24 21
15 13 17 13
33 21 33 23
14 10 15 10
35 2 35 4
11 36 20 36
0 16 0 25
31 1 32 1
24 0 34 0
32 19 33 19
25 20 25 21
35 7 35 18
6 26 8 26
8 13 15 13
29 33 34 33
28 21 28 34
22 13 22 15
20 18 22 18
4 18 5 18
19 1 19 6
4 20 4 23
6 33 10 33
1 25 1 37
28 2 35 2
10 18 10 20
28 10 28 12
24 21 25 21
20 18 20 21
8 26 9 26
24 0 24 3
30 7 30 12
4 36 8 36
28 12 28 15
20 27 20 36
5 30 5 32
22 11 22 13
12 23 13 23
5 18 9 18
4 9 4 14
27 1 27 2
4 14 12 14
4 9 7 9
35 32 37 32
18 27 20 27
3 3 10 3
5 30 9 30
10 18 15 18
6 20 6 22
21 2 21 8
4 14 4 18
