22
8 2 8 1
13 16 12 16
9 7 9 8
7 0 7 1
1 5 1 6
17 10 16 10
15 9 16 9
1 11 2 11
1 4 1 5
13 10 14 10
15 3 15 4
15 0 16 0
12 1 11 1
4 6 3 6
3 10 3 9
0 11 1 11
0 4 1 4
9 11 9 12
7 15 7 14
1 7 2 7
0 7 1 7
1 13 1 14
178
6 1 7 1
13 12 13 14
4 3 5 3
15 12 15 13
3 8 4 8
16 6 16 7
1 8 3 8
11 12 13 12
13 11 15 11
10 10 10 11
14 16 14 17
3 11 3 12
13 2 15 2
13 0 16 0
1 10 4 10
8 1 8 3
17 8 17 16
10 9 10 10
1 8 1 9
13 2 13 4
4 4 7 4
0 5 1 5
1 14 2 14
14 14 14 15
17 4 17 5
14 5 16 5
10 5 10 6
0 15 1 15
3 16 3 17
8 7 10 7
11 7 11 8
11 8 11 9
17 3 17 4
4 0 5 0
13 14 14 14
10 8 11 8
0 8 1 8
14 4 15 4
10 11 12 11
0 13 0 15
0 13 2 13
0 2 1 2
14 17 15 17
3 3 4 3
8 5 8 6
5 2 5 3
7 14 11 14
1 11 1 12
0 10 1 10
3 5 3 6
12 5 12 7
11 1 15 1
10 16 12 16
0 15 0 17
5 11 10 11
16 16 17 16
11 14 11 15
14 4 14 5
6 14 6 15
10 9 11 9
12 13 12 15
11 6 11 7
5 10 5 11
10 2 11 2
12 16 14 16
8 8 9 8
8 8 8 9
11 9 12 9
10 6 10 7
11 1 11 2
4 10 4 11
15 1 15 2
14 10 15 10
12 8 14 8
1 3 2 3
9 8 10 8
10 15 10 16
16 12 16 13
16 4 17 4
7 8 7 9
2 14 2 15
2 11 2 12
14 5 14 8
8 6 8 7
0 3 0 5
3 4 4 4
14 3 17 3
15 11 16 11
12 5 13 5
15 7 15 10
3 14 3 16
10 16 10 17
6 1 6 2
17 2 17 3
10 2 10 3
3 13 3 14
4 5 4 8
11 0 13 0
1 2 1 3
13 4 14 4
14 12 15 12
15 15 15 17
17 5 17 6
16 10 16 11
16 11 16 12
5 14 5 16
15 6 15 7
12 8 12 9
9 2 9 3
13 11 13 12
10 0 10 1
13 14 13 15
12 15 12 16
5 10 7 10
2 2 2 3
16 16 16 17
16 9 16 10
8 3 9 3
2 14 3 14
2 16 3 16
15 13 15 15
6 0 10 0
1 5 2 5
2 2 3 2
11 12 11 14
3 1 3 2
11 10 12 10
15 17 16 17
16 2 17 2
4 5 5 5
0 10 0 12
12 11 13 11
17 7 17 8
5 5 8 5
5 2 6 2
16 0 16 2
2 3 2 4
7 3 8 3
1 1 1 2
4 3 4 4
0 12 0 13
7 10 8 10
16 6 17 6
3 8 3 9
10 4 11 4
4 9 4 10
3 16 5 16
10 0 11 0
16 7 17 7
3 17 7 17
1 9 2 9
4 0 4 3
12 10 14 10
8 12 9 12
2 12 3 12
2 4 3 4
1 6 1 7
12 2 12 5
3 4 3 5
8 3 8 5
3 12 3 13
1 12 2 12
1 6 3 6
0 5 0 8
6 8 7 8
14 9 14 10
9 12 9 13
4 10 5 10
10 5 12 5
5 14 6 14
1 7 2 7
15 6 16 6
8 1 10 1
1 0 1 1
10 4 10 5
3 12 8 12
6 15 10 15
4 8 6 8
