312
25 29 25 30
30 4 31 4
6 24 5 24
30 11 31 11
9 3 10 3
8 16 7 16
7 28 6 28
3 22 3 21
16 10 15 10
27 3 27 4
19 6 20 6
22 30 21 30
6 13 6 14
5 0 4 0
5 16 5 17
4 24 4 23
15 23 14 23
13 16 12 16
8 7 7 7
27 30 27 31
4 26 4 25
10 29 10 28
5 3 5 2
29 18 29 17
12 31 12 30
2 3 2 4
14 14 14 13
30 13 31 13
28 18 28 17
31 8 31 7
4 8 5 8
4 13 4 12
6 28 6 27
5 31 6 31
14 25 14 24
16 31 16 30
15 8 16 8
12 13 11 13
22 13 22 14
12 3 11 3
5 7 4 7
10 3 10 2
17 25 16 25
23 1 23 0
14 16 13 16
15 9 15 8
31 5 31 6
4 3 4 2
19 16 19 15
5 6 5 7
7 3 8 3
25 14 26 14
26 14 26 15
25 15 25 14
6 30 7 30
21 14 21 15
5 22 6 22
3 7 3 6
15 4 16 4
27 4 28 4
8 19 9 19
27 14 27 15
26 11 27 11
12 14 12 15
18 2 18 1
3 1 4 1
17 24 17 25
11 28 11 29
28 6 27 6
6 8 6 7
23 11 24 11
26 12 25 12
27 13 27 14
1 20 0 20
29 30 30 30
7 27 7 26
16 18 16 19
14 15 14 14
7 29 7 28
30 5 31 5
20 8 19 8
8 30 9 30
28 30 28 29
28 25 28 26
12 2 12 3
6 22 6 23
28 17 27 17
23 15 24 15
20 23 21 23
22 17 23 17
11 4 12 4
5 8 6 8
1 16 1 17
31 27 30 27
2 2 2 1
13 9 13 10
14 0 14 1
26 6 25 6
29 12 30 12
6 10 7 10
29 6 28 6
15 11 15 12
28 16 28 17
5 28 6 28
11 3 11 4
19 18 18 18
7 12 7 13
1 2 2 2
0 2 1 2
15 12 14 12
3 29 3 30
6 1 5 1
26 10 26 11
3 18 4 18
8 18 7 18
4 20 4 21
24 1 23 1
8 31 8 30
8 12 7 12
15 22 15 23
30 14 29 14
27 21 28 21
24 25 24 26
4 7 4 8
21 30 21 29
30 18 31 18
7 13 8 13
28 17 28 18
15 23 15 24
23 0 24 0
25 14 25 13
22 31 22 30
1 21 1 22
4 4 4 3
12 19 12 18
23 9 22 9
25 13 26 13
17 26 18 26
25 17 25 16
27 23 27 22
31 4 31 3
6 9 6 10
12 30 11 30
5 17 6 17
5 1 5 0
0 16 1 16
22 16 22 17
3 14 2 14
21 13 21 12
4 3 3 3
30 0 31 0
8 3 8 4
12 1 12 0
17 31 18 31
11 2 12 2
21 3 20 3
10 9 10 8
18 14 17 14
31 6 30 6
15 17 14 17
5 18 5 17
22 30 22 29
18 0 19 0
6 31 6 30
28 21 28 22
11 9 12 9
30 19 30 18
16 14 16 13
18 9 18 8
29 16 28 16
30 18 29 18
0 31 1 31
29 19 30 19
15 25 14 25
3 30 3 31
11 24 11 23
9 15 8 15
7 10 7 9
23 10 23 11
6 8 7 8
28 11 29 11
14 23 15 23
17 29 18 29
16 1 17 1
6 27 7 27
18 12 18 13
10 23 10 24
8 4 8 5
2 21 1 21
10 17 9 17
12 25 13 25
14 12 15 12
2 27 2 26
8 23 8 24
4 8 3 8
17 10 17 9
6 20 6 19
7 8 8 8
18 6 18 5
22 19 22 20
13 31 13 30
24 5 24 4
29 20 28 20
5 24 5 23
21 24 22 24
5 29 5 28
23 11 23 12
3 13 4 13
13 10 14 10
26 16 26 17
5 4 5 5
25 19 24 19
28 26 29 26
23 27 23 26
21 10 22 10
22 29 23 29
12 2 12 1
17 23 17 22
25 26 26 26
25 18 24 18
6 15 5 15
26 7 27 7
9 19 9 20
14 11 15 11
4 29 4 28
17 25 18 25
31 13 31 12
18 8 17 8
11 23 12 23
31 28 31 29
27 2 27 3
14 6 13 6
4 6 4 5
6 14 7 14
26 2 26 3
14 28 14 27
19 24 19 25
25 25 24 25
11 19 12 19
11 5 11 6
26 29 26 28
10 27 11 27
26 28 26 29
17 9 18 9
6 6 5 6
5 7 4 7
21 25 22 25
7 7 7 6
1 26 1 27
13 2 13 1
25 1 25 2
15 30 15 29
14 30 14 29
4 28 4 27
6 16 5 16
7 11 7 10
11 15 10 15
14 31 15 31
10 2 11 2
6 3 5 3
24 11 23 11
18 29 18 28
0 12 1 12
24 26 25 26
14 1 15 1
29 3 29 4
10 24 9 24
20 18 21 18
30 1 31 1
15 11 14 11
3 6 3 5
19 25 19 24
1 7 1 8
13 6 14 6
3 11 3 12
17 8 18 8
18 13 19 13
12 22 11 22
19 2 19 3
14 29 14 30
16 19 15 19
18 28 18 27
22 14 21 14
10 26 10 27
30 24 29 24
31 12 31 13
28 1 29 1
24 20 24 21
7 10 7 11
9 30 10 30
2 24 2 25
31 5 31 6
12 21 12 22
27 6 27 5
4 11 4 10
20 29 19 29
27 12 28 12
10 12 9 12
27 20 26 20
29 14 29 13
10 31 11 31
24 15 25 15
29 4 29 3
17 28 17 27
18 20 17 20
22 1 22 2
5 5 5 4
3 5 3 4
23 14 24 14
21 29 21 28
5 9 6 9
16 13 17 13
187
16 30 17 30
0 3 3 3
12 9 16 9
3 15 4 15
2 7 2 14
21 1 23 1
28 5 28 6
22 26 23 26
14 11 16 11
6 28 6 29
27 16 27 17
30 21 31 21
13 24 14 24
12 3 15 3
3 27 4 27
30 10 31 10
22 8 23 8
7 25 7 26
1 27 3 27
0 0 0 3
17 27 17 30
3 24 3 25
30 6 30 8
16 3 16 4
19 13 26 13
6 29 11 29
29 2 30 2
2 7 4 7
25 3 26 3
6 17 8 17
26 13 28 13
4 31 7 31
8 17 8 21
28 18 29 18
2 14 4 14
7 4 7 6
5 3 12 3
21 26 21 28
7 6 7 9
3 26 7 26
15 26 15 27
5 20 7 20
25 16 27 16
30 27 30 30
26 21 29 21
13 20 13 23
19 5 19 8
23 18 23 19
30 2 30 3
24 18 27 18
28 6 30 6
16 9 16 11
9 12 12 12
8 13 8 15
14 30 16 30
22 9 22 10
4 0 4 1
12 9 12 10
25 15 25 16
13 16 13 20
9 8 10 8
4 27 4 31
27 3 27 5
17 30 18 30
20 26 21 26
3 17 5 17
18 26 18 27
6 29 6 30
10 5 12 5
24 3 25 3
11 29 11 30
23 26 25 26
5 20 5 21
19 26 20 26
8 24 9 24
16 3 19 3
3 0 3 3
1 17 3 17
23 18 24 18
3 24 8 24
23 17 23 18
3 0 4 0
30 8 30 10
15 15 15 19
19 8 22 8
19 15 19 19
5 17 5 20
26 3 27 3
19 13 19 15
19 0 19 3
22 8 22 9
3 15 3 17
18 9 22 9
8 8 8 10
8 21 8 24
8 10 9 10
1 18 1 21
17 0 19 0
10 5 10 8
27 16 28 16
8 15 8 17
30 10 30 12
1 27 1 31
16 6 16 8
10 0 12 0
12 5 14 5
9 31 11 31
6 9 7 9
15 27 15 29
16 4 16 6
17 15 19 15
25 26 26 26
8 15 10 15
8 10 8 13
26 11 26 13
19 3 20 3
23 19 23 26
15 14 15 15
13 30 14 30
11 30 13 30
29 21 30 21
12 15 15 15
11 20 13 20
3 3 5 3
3 21 3 24
30 12 30 16
16 27 17 27
12 0 12 1
3 26 3 27
27 15 27 16
2 4 2 7
13 23 13 24
15 21 15 23
16 9 18 9
15 27 16 27
1 21 3 21
23 30 25 30
26 26 29 26
4 1 7 1
1 4 2 4
31 9 31 10
14 24 15 24
13 4 16 4
24 0 29 0
21 26 22 26
6 7 6 9
25 30 30 30
22 10 30 10
9 24 13 24
4 7 6 7
13 11 14 11
7 31 9 31
21 23 21 26
19 0 24 0
27 18 28 18
0 24 3 24
24 0 24 3
28 16 30 16
12 12 12 15
30 16 30 19
23 26 23 29
16 11 16 15
26 20 26 21
30 19 31 19
19 19 23 19
15 19 15 21
4 13 8 13
17 0 17 1
12 3 12 4
29 18 29 21
12 4 12 5
12 0 17 0
4 14 4 15
9 10 12 10
22 26 22 27
8 8 9 8
15 19 19 19
25 15 26 15
21 22 21 23
15 24 18 24
18 30 23 30
21 16 25 16
18 26 19 26
30 3 30 6
15 24 15 26
19 15 21 15
2 25 3 25
