36
13 9 13 10
17 14 17 15
5 5 4 5
4 6 4 7
17 11 16 11
21 12 20 12
17 15 18 15
27 13 27 12
24 3 23 3
23 23 23 22
18 18 18 19
28 23 27 23
23 18 24 18
24 11 24 12
21 13 21 12
20 17 21 17
27 9 27 10
11 21 11 22
26 21 27 21
26 16 26 15
25 19 24 19
14 25 14 26
6 4 6 5
11 0 11 1
3 15 3 16
7 27 8 27
28 9 27 9
2 25 1 25
1 18 1 19
0 12 1 12
9 9 10 9
15 27 16 27
16 18 16 19
19 21 18 21
28 3 28 2
23 2 24 2
164
15 11 16 11
4 5 6 5
5 16 5 26
20 23 20 24
3 12 4 12
21 26 23 26
20 24 20 25
13 25 15 25
28 2 28 10
26 10 27 10
6 22 11 22
25 24 28 24
25 2 25 8
10 7 10 9
25 2 28 2
19 2 19 3
11 22 12 22
1 25 1 27
3 10 3 12
10 10 10 14
15 11 15 14
18 6 20 6
1 27 8 27
10 4 10 6
21 12 24 12
16 9 16 11
17 8 18 8
4 7 4 8
27 9 27 10
13 28 15 28
8 3 8 4
20 24 24 24
13 3 15 3
20 6 20 7
9 24 9 27
5 26 8 26
19 3 23 3
14 22 23 22
27 21 27 23
19 4 19 5
13 10 13 15
26 6 26 7
7 6 10 6
16 19 18 19
9 4 10 4
19 10 20 10
8 2 11 2
5 6 6 6
15 3 19 3
18 8 18 9
25 10 26 10
10 6 10 7
6 9 10 9
1 7 4 7
8 16 8 17
8 26 8 27
26 15 28 15
1 19 2 19
24 15 26 15
21 15 23 15
8 4 8 5
9 15 10 15
24 2 25 2
14 23 20 23
24 20 25 20
12 28 13 28
26 19 27 19
26 12 26 13
16 8 16 9
25 12 25 14
28 10 28 12
14 2 19 2
24 12 25 12
23 11 26 11
16 8 17 8
9 12 9 15
18 7 18 8
12 20 18 20
8 27 9 27
13 25 13 26
19 5 24 5
3 1 4 1
9 4 9 5
11 15 11 22
10 6 18 6
3 13 3 16
2 16 2 19
2 0 18 0
15 14 21 14
3 26 5 26
18 21 22 21
10 15 10 20
12 8 12 10
26 10 26 11
20 12 21 12
4 5 4 7
10 15 11 15
18 0 18 1
26 20 26 22
20 16 20 19
13 22 14 22
1 7 1 12
15 26 21 26
24 24 25 24
26 13 28 13
23 22 26 22
14 11 15 11
12 8 14 8
12 18 12 20
8 3 13 3
26 7 26 8
16 27 16 28
15 26 15 28
11 10 11 14
21 14 21 15
10 4 18 4
24 19 24 20
23 20 23 22
10 14 10 15
2 16 3 16
16 28 22 28
25 14 26 14
3 16 5 16
12 22 12 28
18 15 18 19
20 10 20 12
14 22 14 23
23 15 24 15
4 1 11 1
10 9 10 10
28 15 28 24
5 16 8 16
18 4 19 4
27 19 27 21
21 15 21 17
15 25 20 25
26 8 26 10
28 13 28 15
19 2 21 2
4 10 10 10
11 15 13 15
4 1 4 5
26 11 26 12
12 1 18 1
16 11 16 12
20 15 20 16
24 2 24 5
20 19 24 19
1 12 1 19
16 27 18 27
20 7 20 10
4 8 4 10
18 20 23 20
14 26 15 26
24 18 24 19
13 15 18 15
18 19 20 19
27 12 28 12
26 23 27 23
24 19 26 19
18 20 18 21
11 1 11 2
12 10 13 10
11 1 12 1
