232
19 5 20 5
12 4 13 4
22 2 23 2
27 4 27 5
5 12 6 12
14 16 14 17
12 25 12 26
20 5 20 4
25 7 24 7
16 27 15 27
13 4 12 4
5 3 4 3
21 15 22 15
5 0 4 0
6 24 5 24
13 17 13 18
2 9 3 9
6 11 5 11
23 4 23 3
17 3 17 2
4 15 3 15
16 14 16 15
19 13 19 12
21 12 22 12
26 2 25 2
8 18 8 19
18 16 17 16
16 1 15 1
4 6 4 7
11 20 11 19
26 27 27 27
16 11 16 12
25 2 24 2
19 4 19 5
22 5 22 6
8 12 7 12
22 20 21 20
2 5 1 5
24 8 24 9
2 20 2 19
17 26 16 26
7 19 7 18
19 11 20 11
1 15 1 16
19 3 19 4
6 7 5 7
15 22 14 22
26 11 26 12
22 6 22 5
4 25 4 26
23 27 23 26
9 25 8 25
17 1 18 1
16 0 17 0
23 15 24 15
9 19 9 18
24 23 23 23
23 17 22 17
22 3 21 3
17 20 18 20
7 27 6 27
6 13 6 14
2 11 3 11
1 13 1 14
10 12 9 12
4 0 4 1
19 16 18 16
7 15 7 16
9 24 10 24
26 19 26 20
4 10 3 10
9 10 8 10
1 3 2 3
14 17 14 16
3 5 4 5
15 24 16 24
18 11 18 10
0 10 0 11
23 20 23 19
6 5 6 4
7 0 6 0
2 23 2 22
2 24 2 23
7 3 7 2
20 3 19 3
2 17 2 16
12 6 13 6
6 9 6 8
4 17 4 16
26 8 25 8
3 3 3 2
7 7 6 7
19 22 20 22
14 4 14 5
4 23 4 22
22 7 23 7
15 25 16 25
12 4 13 4
11 26 11 27
17 23 17 24
23 14 24 14
14 3 14 4
22 15 22 14
26 4 25 4
4 7 3 7
20 23 20 24
13 6 12 6
16 8 16 7
23 16 23 15
6 22 5 22
17 4 17 3
24 14 23 14
7 17 6 17
0 17 1 17
16 21 17 21
12 6 11 6
21 0 21 1
23 25 23 24
13 8 13 9
18 26 18 25
14 6 13 6
14 13 14 12
18 20 19 20
2 26 1 26
21 2 22 2
16 7 16 6
7 16 6 16
22 25 23 25
20 6 20 5
5 13 5 12
7 8 7 7
7 26 7 27
5 9 4 9
20 24 19 24
26 14 27 14
2 3 2 2
2 25 2 26
15 9 15 10
27 3 27 2
9 23 9 22
9 12 9 13
24 3 24 4
16 3 15 3
21 6 21 7
26 6 26 5
16 4 16 5
5 19 5 18
0 2 1 2
22 14 21 14
2 7 2 8
5 10 6 10
23 14 22 14
9 18 10 18
20 25 21 25
22 12 22 11
16 5 15 5
11 12 10 12
6 25 6 24
15 14 15 13
3 10 4 10
5 4 5 3
8 19 7 19
4 9 4 8
10 24 10 25
14 8 14 9
4 19 4 20
15 19 16 19
8 15 8 14
5 11 6 11
15 3 15 4
27 13 27 12
22 17 23 17
15 26 15 25
2 13 2 12
23 18 24 18
18 5 18 4
26 22 26 23
13 6 12 6
12 12 13 12
11 4 12 4
9 27 10 27
23 7 23 6
8 23 8 24
17 7 17 8
21 7 21 8
22 5 23 5
15 10 15 11
14 26 15 26
24 22 25 22
2 18 3 18
19 17 19 16
0 7 0 6
20 26 19 26
5 22 5 21
23 1 22 1
4 24 4 25
20 13 20 14
15 18 14 18
10 1 11 1
27 5 27 4
25 14 24 14
3 20 2 20
21 17 21 18
14 15 14 14
24 15 24 16
20 22 19 22
8 16 7 16
14 0 15 0
20 19 20 20
23 15 23 16
9 20 9 19
15 27 16 27
15 17 14 17
21 8 20 8
26 13 26 14
12 22 12 21
21 24 22 24
10 9 9 9
20 0 19 0
21 27 20 27
7 16 7 15
27 4 26 4
9 9 9 10
11 2 10 2
3 21 4 21
12 2 13 2
19 8 18 8
23 17 24 17
14 2 15 2
5 21 5 22
23 12 23 13
11 13 11 12
168
18 15 18 16
24 1 25 1
21 18 24 18
4 20 8 20
20 21 21 21
4 12 4 13
4 11 4 12
8 14 8 17
21 23 21 25
3 13 4 13
2 1 3 1
25 12 25 15
9 13 10 13
9 22 10 22
23 24 24 24
25 15 26 15
17 2 19 2
19 19 19 20
11 16 11 17
3 13 3 15
22 13 22 14
20 10 22 10
8 17 9 17
3 18 3 25
25 12 26 12
22 24 22 27
12 1 12 3
14 11 15 11
3 1 4 1
18 15 20 15
26 21 26 23
21 19 22 19
18 6 19 6
3 15 3 18
24 24 26 24
3 1 3 2
8 22 9 22
12 3 13 3
19 20 19 22
4 10 4 11
7 13 7 14
26 23 26 24
18 17 20 17
23 3 25 3
19 5 19 6
23 3 23 5
12 3 12 4
10 22 11 22
16 17 16 19
13 12 14 12
25 4 26 4
17 2 17 3
11 17 12 17
27 15 27 16
15 5 19 5
5 26 8 26
20 8 20 10
14 14 20 14
10 12 11 12
14 16 15 16
23 2 24 2
4 13 4 16
15 16 15 20
11 25 15 25
4 16 4 20
0 13 3 13
25 3 25 4
10 11 10 12
11 10 12 10
20 8 25 8
11 12 13 12
11 10 11 12
4 5 4 8
15 5 15 11
13 0 15 0
8 7 8 10
1 25 3 25
17 24 17 27
20 2 22 2
4 26 4 27
19 5 20 5
17 27 20 27
4 26 5 26
21 18 21 19
4 11 6 11
20 17 24 17
20 15 20 16
8 20 15 20
18 8 20 8
6 24 8 24
11 25 11 27
20 21 20 27
8 10 9 10
1 10 4 10
13 3 17 3
12 6 12 10
7 13 8 13
6 11 7 11
20 14 20 15
7 15 7 18
22 2 23 2
6 14 7 14
2 26 4 26
15 0 15 1
12 5 12 6
8 26 9 26
4 25 4 26
5 24 5 26
1 5 4 5
15 13 16 13
16 17 17 17
9 5 9 10
14 9 14 11
10 16 11 16
4 3 4 5
17 22 19 22
14 14 14 16
13 4 14 4
9 4 9 5
15 20 19 20
19 19 21 19
14 21 14 22
0 3 4 3
25 4 25 8
20 12 24 12
0 26 0 27
27 2 27 10
8 17 8 20
21 21 22 21
15 1 15 2
25 8 25 9
0 16 0 26
0 15 3 15
7 14 7 15
15 11 20 11
15 25 15 26
4 16 6 16
4 8 4 10
17 17 18 17
20 20 20 21
22 1 24 1
9 22 9 26
15 20 15 25
22 24 23 24
21 19 21 20
14 16 14 17
10 0 10 2
8 21 8 22
15 26 16 26
15 11 15 13
8 13 9 13
24 18 24 24
20 11 20 12
15 4 15 5
0 27 1 27
16 13 22 13
21 25 21 26
21 21 21 23
14 4 15 4
20 15 25 15
12 4 12 5
16 2 17 2
25 1 25 3
9 16 10 16
9 13 9 14
11 22 14 22
8 10 8 13
14 12 14 14
