130
13 20 13 21
20 17 19 17
20 16 19 16
21 12 20 12
16 13 16 12
12 6 13 6
14 19 14 20
5 20 5 19
11 10 10 10
1 16 1 17
18 12 19 12
12 20 11 20
8 14 8 13
9 6 10 6
15 5 14 5
1 5 1 4
10 15 11 15
19 15 20 15
3 18 3 19
9 7 8 7
11 15 12 15
16 8 16 9
8 21 8 20
9 15 9 16
6 14 5 14
16 16 15 16
16 5 17 5
18 6 19 6
17 12 18 12
19 2 18 2
12 5 12 4
16 14 16 15
6 13 6 14
19 1 18 1
14 12 15 12
13 21 14 21
7 3 6 3
11 9 11 10
0 20 0 21
21 14 21 13
10 16 11 16
15 7 16 7
4 14 4 15
1 3 0 3
14 13 14 12
13 2 13 1
16 21 17 21
13 5 12 5
10 7 9 7
1 8 0 8
3 0 3 1
5 13 5 12
14 15 14 16
1 9 1 8
0 9 1 9
3 15 2 15
10 19 11 19
21 17 21 16
9 8 8 8
4 1 5 1
10 2 10 3
4 0 3 0
2 19 2 20
19 3 19 2
18 4 17 4
7 10 6 10
15 4 15 5
10 1 10 2
10 0 9 0
10 11 11 11
9 16 10 16
3 14 4 14
17 4 17 3
14 5 13 5
18 7 19 7
14 16 13 16
16 7 16 8
10 3 9 3
14 2 15 2
20 11 20 10
1 12 2 12
11 12 11 13
9 14 9 15
17 13 17 12
5 12 6 12
18 8 19 8
15 18 14 18
3 0 2 0
17 6 16 6
8 11 8 10
0 12 1 12
12 16 12 17
10 20 10 19
10 10 10 11
5 6 5 5
16 8 17 8
11 16 11 15
4 13 5 13
10 21 10 20
3 5 4 5
12 18 11 18
17 21 17 20
0 16 1 16
12 4 12 3
7 14 8 14
17 16 16 16
17 19 18 19
15 9 15 10
4 21 4 20
4 5 3 5
20 10 19 10
19 8 20 8
8 7 8 6
16 19 15 19
17 1 17 0
4 12 3 12
21 5 21 4
15 10 14 10
10 9 11 9
21 6 20 6
15 13 14 13
19 20 19 21
17 14 16 14
6 3 6 2
4 15 4 16
0 3 0 2
0 5 1 5
18 2 17 2
13 7 12 7
19 21 20 21
170
11 13 12 13
0 11 0 13
16 4 16 6
21 10 21 13
8 10 8 13
2 0 2 2
0 11 1 11
11 11 11 13
19 14 19 16
17 8 20 8
14 17 15 17
10 20 11 20
9 13 11 13
1 9 1 10
2 2 4 2
0 10 0 11
11 1 11 2
1 11 2 11
17 20 18 20
18 14 18 15
3 12 3 13
5 4 5 5
6 21 9 21
6 14 8 14
8 4 9 4
16 18 16 20
3 11 4 11
18 3 20 3
9 11 10 11
6 17 7 17
6 17 6 18
1 12 2 12
2 5 3 5
3 10 4 10
5 1 5 3
18 1 18 3
16 9 16 10
13 8 14 8
7 0 9 0
5 19 6 19
9 12 9 13
2 20 4 20
2 20 2 21
19 18 19 19
3 13 3 17
13 5 15 5
17 10 18 10
9 20 10 20
16 2 16 4
20 8 20 9
2 12 3 12
10 8 10 11
19 19 20 19
0 2 0 6
10 16 10 17
10 6 11 6
13 3 13 5
17 2 17 3
20 19 21 19
5 11 5 13
14 14 14 17
11 6 11 7
14 8 14 9
5 4 6 4
12 21 14 21
18 17 19 17
2 11 3 11
14 12 15 12
11 2 15 2
7 18 7 19
12 13 14 13
14 20 14 21
5 3 9 3
6 19 7 19
12 19 12 21
4 16 4 20
16 12 17 12
8 16 10 16
5 7 6 7
8 5 9 5
16 10 16 12
9 1 11 1
13 6 13 8
19 17 19 18
13 3 14 3
5 1 8 1
9 17 9 18
11 21 12 21
18 14 19 14
17 15 17 17
8 9 8 10
11 3 11 4
12 17 12 19
14 13 14 14
11 2 11 3
13 5 13 6
10 16 13 16
1 2 2 2
10 17 12 17
0 8 0 10
8 14 10 14
10 14 11 14
20 6 20 8
2 0 5 0
9 18 9 20
0 2 1 2
7 12 7 13
5 13 7 13
11 10 14 10
9 0 9 1
14 20 16 20
0 6 0 8
20 4 21 4
15 2 16 2
16 4 20 4
18 19 18 20
8 20 9 20
6 16 6 17
4 11 4 14
5 0 7 0
17 5 17 8
7 13 8 13
4 20 8 20
19 16 21 16
10 6 10 8
0 15 0 17
0 13 0 15
17 12 17 15
1 12 1 13
15 17 16 17
13 14 14 14
11 6 13 6
16 10 17 10
14 8 17 8
8 13 9 13
17 17 18 17
4 11 5 11
11 19 12 19
18 9 18 10
8 19 8 20
9 3 9 4
17 11 18 11
11 10 11 11
1 13 1 14
18 20 20 20
0 8 1 8
3 1 5 1
14 21 18 21
1 8 2 8
15 12 16 12
15 0 15 2
9 5 9 7
19 10 21 10
6 7 9 7
8 9 9 9
14 9 16 9
9 7 9 9
5 5 5 7
9 21 11 21
20 0 21 0
20 3 20 4
2 18 2 20
15 12 15 14
10 14 10 16
16 18 17 18
4 16 6 16
18 10 19 10
4 14 4 16
2 21 5 21
17 17 17 18
