120
1 18 2 18
18 18 17 18
9 13 10 13
1 19 1 20
1 4 0 4
14 6 14 7
5 14 4 14
6 6 6 5
10 16 10 15
13 4 12 4
20 22 20 21
7 12 8 12
13 5 14 5
4 13 4 12
21 17 20 17
2 21 2 20
15 7 16 7
1 5 1 4
13 3 12 3
9 8 9 9
12 1 12 2
14 18 14 19
0 13 0 12
6 18 7 18
14 2 14 3
20 2 20 3
13 16 12 16
18 15 19 15
11 9 10 9
2 1 2 0
9 15 8 15
22 3 21 3
10 21 10 20
17 5 16 5
4 12 3 12
13 14 13 15
4 20 4 21
11 12 12 12
22 20 22 19
5 22 4 22
21 11 21 12
18 9 18 10
8 21 7 21
16 17 17 17
12 9 11 9
1 11 0 11
13 19 12 19
8 7 8 6
7 6 7 5
9 18 8 18
19 6 20 6
22 13 21 13
15 11 15 12
15 1 16 1
10 14 11 14
4 11 4 12
20 12 20 11
5 1 5 0
3 9 4 9
21 21 21 20
8 13 9 13
16 8 17 8
18 8 18 9
9 14 9 15
22 10 22 11
9 2 9 3
2 18 2 19
3 19 3 18
19 12 18 12
20 18 19 18
16 3 16 2
10 8 9 8
16 1 15 1
16 14 17 14
8 14 7 14
4 4 4 5
0 18 1 18
2 3 2 2
4 8 5 8
9 5 9 6
6 15 6 14
13 13 14 13
4 0 4 1
19 15 19 14
18 1 18 2
10 19 10 18
6 14 5 14
3 8 3 9
19 7 18 7
22 8 22 7
0 5 0 6
20 7 19 7
10 2 9 2
22 21 21 21
14 0 13 0
16 11 15 11
14 15 14 16
1 1 1 0
21 3 21 4
0 1 1 1
0 3 1 3
15 6 15 5
12 13 13 13
22 4 22 3
10 12 11 12
10 22 9 22
7 9 7 10
1 16 2 16
5 2 6 2
14 7 14 6
15 9 14 9
11 6 11 7
12 14 13 14
18 12 17 12
9 0 8 0
13 1 13 2
15 14 15 13
7 20 7 19
7 19 7 20
15 8 15 7
179
19 1 19 2
15 16 16 16
0 22 2 22
2 20 3 20
9 1 9 2
10 0 12 0
10 13 11 13
2 0 3 0
11 9 13 9
6 2 7 2
13 20 13 21
15 18 15 19
2 2 2 4
0 6 1 6
15 18 16 18
18 17 18 19
12 21 13 21
20 20 20 21
4 18 5 18
11 13 11 14
3 12 4 12
18 3 18 4
16 10 17 10
18 2 19 2
19 18 19 20
21 15 22 15
16 7 16 9
19 21 20 21
12 5 12 6
15 10 15 11
20 15 21 15
1 6 1 8
4 21 7 21
9 21 12 21
16 20 17 20
2 9 3 9
0 19 2 19
12 7 13 7
0 17 0 19
8 2 9 2
19 7 22 7
4 14 4 15
4 15 4 16
3 9 3 12
14 17 15 17
2 5 4 5
13 18 13 20
20 8 21 8
20 3 22 3
4 1 8 1
4 5 5 5
4 19 4 21
12 0 12 2
14 14 17 14
4 1 4 2
7 5 7 8
17 10 18 10
16 5 16 6
1 2 2 2
1 0 2 0
22 1 22 2
13 7 15 7
16 16 18 16
4 2 4 3
19 0 19 1
20 3 20 6
18 16 22 16
13 7 13 9
12 12 12 15
5 14 7 14
18 11 18 16
6 19 11 19
19 8 19 13
18 4 18 6
13 11 15 11
14 13 14 14
4 3 9 3
18 16 18 17
7 11 7 14
17 8 19 8
13 13 14 13
15 7 15 10
20 11 22 11
10 9 11 9
1 18 3 18
14 19 14 20
14 10 15 10
19 2 21 2
8 0 8 1
13 18 15 18
12 16 14 16
14 14 14 16
7 14 11 14
12 15 12 16
9 3 9 4
8 12 9 12
15 1 15 2
17 1 19 1
1 6 4 6
3 16 3 17
5 18 7 18
0 15 0 17
4 21 4 22
1 8 1 12
12 4 12 5
9 4 9 6
0 19 0 20
5 5 6 5
5 10 5 12
3 15 3 16
5 12 5 14
3 18 3 20
7 10 8 10
12 11 12 12
16 7 18 7
11 12 12 12
2 0 2 2
11 5 12 5
13 0 13 2
20 14 21 14
9 2 12 2
18 6 18 7
11 19 12 19
10 4 10 9
8 9 9 9
9 4 10 4
12 16 12 19
11 15 12 15
9 15 10 15
16 20 16 21
20 11 20 14
3 12 3 15
16 9 16 10
0 4 0 6
22 2 22 3
19 2 19 5
11 10 11 12
19 7 19 8
19 14 20 14
3 18 4 18
1 4 2 4
19 8 20 8
16 16 16 18
22 15 22 16
18 17 20 17
10 9 10 13
12 3 12 4
4 14 5 14
4 2 6 2
22 16 22 18
2 22 4 22
19 5 19 7
0 15 3 15
15 5 16 5
6 10 7 10
17 11 18 11
10 15 11 15
2 17 3 17
12 2 12 3
8 9 8 10
13 2 13 7
6 5 7 5
4 19 6 19
16 4 18 4
7 14 7 18
15 5 15 7
18 9 18 10
15 11 17 11
13 0 17 0
14 20 16 20
4 5 4 6
20 17 20 20
5 17 5 18
17 0 17 1
0 20 0 22
14 16 14 17
0 0 0 4
16 21 18 21
4 3 4 5
