343
16 17 16 16
24 8 24 9
23 20 23 21
36 4 37 4
28 8 27 8
13 43 13 44
39 28 39 27
2 38 3 38
13 17 14 17
12 17 11 17
20 14 19 14
12 28 11 28
1 44 1 43
43 2 44 2
13 36 13 37
35 17 35 18
29 33 29 34
19 7 20 7
29 21 29 22
43 42 43 41
11 20 12 20
28 27 29 27
27 13 27 14
19 15 18 15
35 37 35 38
6 23 5 23
41 4 41 5
15 6 15 5
39 14 39 13
43 24 44 24
43 23 42 23
38 44 37 44
31 6 31 7
29 45 29 44
33 21 34 21
1 8 2 8
10 6 11 6
32 23 32 24
30 16 31 16
17 18 18 18
11 32 12 32
11 45 11 44
8 29 9 29
34 22 33 22
17 0 16 0
29 44 29 45
43 27 42 27
21 37 22 37
11 10 11 11
23 30 23 29
8 38 8 39
1 24 1 25
32 30 31 30
17 32 16 32
27 24 27 23
42 28 41 28
23 29 23 28
20 15 19 15
1 16 1 17
6 34 6 35
7 24 7 25
16 25 16 24
10 12 9 12
25 3 24 3
24 42 24 43
36 38 36 39
21 14 22 14
44 45 43 45
45 20 45 21
24 32 25 32
42 29 43 29
20 45 20 44
42 6 42 5
37 19 38 19
34 18 34 17
18 41 18 40
35 31 36 31
23 9 23 10
10 34 11 34
41 33 42 33
0 43 0 44
39 29 39 28
10 44 10 45
24 44 25 44
20 18 19 18
45 0 44 0
5 19 5 20
44 19 44 18
14 17 14 16
8 14 7 14
11 3 10 3
1 18 0 18
45 17 45 16
40 27 40 26
26 32 27 32
5 35 4 35
32 1 32 2
24 18 24 17
13 27 14 27
7 12 8 12
37 42 37 43
25 10 25 11
4 20 4 19
16 0 15 0
20 4 20 5
23 19 23 20
5 20 6 20
31 7 32 7
27 34 28 34
16 7 17 7
39 22 38 22
38 14 39 14
4 25 3 25
42 19 42 20
15 44 15 45
28 28 29 28
41 6 41 7
9 23 9 22
9 20 9 19
25 24 25 23
22 38 23 38
24 0 24 1
0 39 0 38
1 1 1 0
31 33 32 33
45 45 45 44
23 39 23 40
21 43 21 42
16 24 16 23
28 14 28 13
4 15 4 14
45 34 45 33
12 0 12 1
19 26 19 27
27 21 27 22
28 2 27 2
32 5 32 4
41 20 40 20
0 44 1 44
7 16 7 17
3 38 4 38
5 45 6 45
15 39 15 38
12 32 11 32
1 25 1 24
17 19 18 19
30 10 29 10
33 37 32 37
16 23 17 23
31 1 31 0
36 16 36 15
5 18 6 18
37 2 38 2
23 25 23 26
40 26 40 27
38 5 38 4
28 25 28 24
10 45 10 44
9 37 10 37
5 6 4 6
15 37 14 37
0 42 0 41
17 5 18 5
40 16 41 16
3 25 4 25
38 9 38 8
9 7 9 6
4 42 5 42
35 25 35 26
31 30 32 30
21 41 20 41
38 8 38 9
5 15 6 15
9 9 9 8
20 41 20 42
35 26 35 27
0 10 0 9
11 35 10 35
29 22 29 23
34 20 34 19
36 30 37 30
5 30 5 31
45 8 45 7
9 26 8 26
13 4 13 3
27 22 27 21
5 2 5 1
16 9 15 9
29 5 28 5
36 35 35 35
4 30 3 30
28 32 29 32
21 10 20 10
14 15 13 15
8 41 7 41
31 2 31 1
35 19 36 19
14 11 14 10
39 36 39 35
41 26 42 26
44 2 43 2
38 42 37 42
33 13 34 13
29 25 29 24
21 26 21 25
24 1 25 1
13 45 12 45
44 14 43 14
28 24 28 25
28 34 28 35
9 30 10 30
19 42 18 42
36 42 36 41
27 21 28 21
25 30 25 29
37 42 37 41
18 5 17 5
13 34 13 35
3 43 4 43
10 2 10 1
21 40 21 39
25 38 24 38
40 23 40 22
45 42 44 42
39 35 40 35
32 26 32 25
30 1 29 1
36 27 36 28
37 31 37 32
31 11 32 11
24 31 25 31
26 19 26 18
41 7 41 8
16 11 15 11
39 37 38 37
10 33 11 33
35 44 35 45
20 7 20 6
10 32 9 32
33 20 33 19
6 18 7 18
6 10 5 10
22 8 23 8
41 23 41 22
10 27 9 27
1 31 1 32
44 27 45 27
11 22 12 22
5 1 6 1
10 28 10 29
21 39 21 40
33 42 33 43
4 33 3 33
7 6 6 6
16 2 16 1
23 26 23 27
29 28 30 28
23 40 24 40
26 18 26 19
43 45 44 45
45 26 45 25
5 26 4 26
34 19 34 20
23 22 24 22
37 26 36 26
30 26 30 27
11 2 11 1
27 35 27 34
5 44 6 44
1 43 2 43
44 22 45 22
44 0 45 0
40 27 40 28
6 32 6 33
15 0 15 1
43 29 44 29
2 12 2 11
36 19 36 18
0 34 0 33
32 11 31 11
8 9 8 10
25 25 24 25
27 32 28 32
41 41 41 42
35 11 34 11
0 9 0 10
41 40 41 39
28 20 28 19
0 18 0 19
34 2 34 3
44 31 45 31
27 2 27 3
40 45 41 45
15 1 14 1
26 35 25 35
23 24 23 25
4 21 4 20
18 18 17 18
44 8 44 9
29 32 30 32
15 33 15 34
32 21 32 22
24 40 24 39
42 13 42 12
29 38 29 37
19 13 18 13
24 28 25 28
4 19 3 19
32 7 33 7
11 34 12 34
3 22 3 23
15 30 14 30
5 40 6 40
9 45 10 45
38 10 37 10
32 35 33 35
7 17 7 16
13 35 14 35
37 41 37 40
35 8 35 9
42 4 43 4
27 20 26 20
7 41 8 41
12 2 13 2
25 23 24 23
30 3 30 4
5 7 5 8
9 42 9 43
38 16 38 17
35 45 34 45
29 1 29 2
5 31 4 31
38 36 39 36
7 39 7 38
30 27 31 27
45 27 45 28
34 3 35 3
42 5 43 5
35 14 35 13
19 14 20 14
28 17 28 18
17 25 17 24
6 15 6 14
156
14 16 14 24
8 0 10 0
20 29 21 29
25 21 25 28
37 6 37 10
10 1 10 3
29 42 41 42
37 23 37 28
43 5 43 14
8 26 10 26
6 14 7 14
24 35 24 38
29 23 35 23
11 17 11 21
1 12 3 12
41 42 41 44
39 9 39 10
37 44 41 44
10 26 10 29
39 8 39 9
43 4 43 5
17 10 19 10
37 6 39 6
14 4 14 10
6 6 6 8
14 35 17 35
24 38 24 39
25 21 28 21
8 40 18 40
25 28 25 29
45 7 45 9
33 27 35 27
36 31 36 39
35 23 37 23
1 12 1 15
33 25 33 27
8 26 8 28
23 21 23 25
25 4 30 4
14 10 14 16
15 41 15 45
39 10 39 13
4 26 8 26
42 44 45 44
36 29 36 31
4 5 4 6
14 37 18 37
14 1 14 4
28 19 28 21
39 14 43 14
11 25 11 28
3 19 9 19
36 39 41 39
18 42 18 44
35 3 35 5
11 21 11 25
27 8 27 14
24 4 25 4
10 1 11 1
18 37 18 40
21 42 29 42
39 13 39 14
25 29 27 29
25 1 25 2
15 41 17 41
41 28 45 28
8 12 8 15
6 8 6 14
21 29 21 32
21 25 23 25
42 20 44 20
40 20 42 20
35 23 35 27
38 19 38 22
41 39 41 42
40 28 41 28
17 5 19 5
45 9 45 16
4 35 6 35
20 37 20 42
3 12 3 19
19 10 19 15
9 8 9 12
41 15 41 16
14 16 16 16
37 23 42 23
31 27 31 34
6 40 6 41
11 1 12 1
14 4 23 4
27 29 27 34
9 12 9 19
39 28 40 28
27 34 29 34
10 35 10 37
12 45 15 45
20 42 21 42
28 18 28 19
19 15 19 18
4 38 4 43
15 5 17 5
31 34 31 39
4 31 4 35
23 21 25 21
10 3 10 26
35 18 35 20
35 16 35 18
41 44 42 44
35 16 41 16
35 20 35 23
31 3 31 11
42 23 42 26
8 10 8 12
14 24 14 27
8 3 10 3
2 8 5 8
19 18 28 18
16 1 25 1
44 20 44 24
4 35 4 38
37 4 37 6
20 29 20 37
27 14 39 14
31 3 35 3
4 6 6 6
6 35 10 35
14 37 14 38
2 19 3 19
37 10 39 10
23 4 23 8
29 27 29 34
25 29 25 31
18 44 20 44
26 19 26 20
6 8 9 8
18 40 18 42
4 26 4 31
17 5 17 7
28 39 31 39
14 1 16 1
23 20 26 20
38 34 38 37
14 27 14 30
12 1 14 1
25 1 31 1
41 16 45 16
14 10 17 10
41 28 41 39
24 38 30 38
28 18 35 18
35 9 35 13
31 1 31 3
35 13 39 13
29 27 31 27
8 40 8 41
32 25 33 25
