44
26 2 26 1
2 16 1 16
20 34 19 34
12 6 12 5
2 5 3 5
12 16 11 16
20 3 19 3
17 6 17 5
8 0 9 0
22 8 22 9
9 28 8 28
11 31 11 32
30 4 30 3
23 8 23 7
9 31 8 31
7 1 7 0
18 12 18 13
18 13 17 13
21 23 20 23
11 16 11 17
32 22 31 22
18 0 18 1
12 12 13 12
14 30 15 30
35 17 35 16
1 10 1 11
32 21 33 21
17 19 17 18
14 1 14 2
9 34 9 35
3 33 2 33
20 7 21 7
8 21 8 22
25 7 25 8
17 18 17 17
22 6 23 6
6 2 7 2
14 2 14 3
30 9 30 10
30 3 31 3
19 31 19 30
35 25 35 24
0 18 1 18
15 33 15 32
156
6 26 7 26
2 26 2 27
30 10 30 14
20 23 33 23
31 24 33 24
31 21 31 22
19 19 19 22
28 3 28 6
35 16 35 24
5 15 5 16
8 33 14 33
33 31 33 32
8 28 8 31
29 9 29 11
17 20 17 25
30 10 31 10
4 12 5 12
26 8 26 15
3 5 3 11
1 16 5 16
1 21 9 21
28 6 33 6
25 30 32 30
19 30 19 33
20 25 32 25
23 6 23 7
22 3 28 3
7 13 10 13
34 16 35 16
13 6 23 6
12 34 12 35
27 20 27 22
2 33 2 35
12 34 19 34
18 18 18 27
33 24 35 24
15 16 17 16
12 4 12 5
27 1 31 1
33 23 33 24
8 31 8 33
32 30 32 33
17 13 19 13
11 27 16 27
34 7 34 16
23 7 34 7
2 31 2 33
19 22 19 30
9 0 9 4
26 1 27 1
29 11 29 16
19 16 29 16
19 3 22 3
19 33 19 34
3 0 7 0
19 22 22 22
19 10 19 13
1 18 1 21
11 3 11 17
12 5 12 8
20 25 20 29
11 0 11 1
20 29 25 29
2 12 4 12
26 24 29 24
7 13 7 20
10 1 11 1
14 33 19 33
31 3 32 3
33 24 33 30
17 5 24 5
20 30 25 30
16 27 16 28
19 13 19 16
0 24 2 24
7 0 9 0
11 27 11 32
28 22 31 22
31 1 31 3
11 20 11 27
2 35 9 35
12 8 12 10
19 1 19 3
3 5 4 5
15 18 15 20
14 3 19 3
2 27 2 28
12 10 12 14
1 13 1 14
7 20 11 20
2 27 4 27
15 18 18 18
29 3 31 3
7 0 7 2
11 1 15 1
18 1 19 1
3 0 3 5
15 8 21 8
23 6 25 6
33 21 33 23
18 18 25 18
5 28 7 28
25 8 26 8
11 3 14 3
12 8 15 8
25 4 25 6
1 11 3 11
21 8 25 8
12 10 19 10
20 23 20 25
25 18 26 18
5 12 5 15
31 21 33 21
18 15 18 18
22 22 27 22
11 1 11 2
11 17 11 20
33 30 33 31
15 20 17 20
1 14 1 15
13 25 15 25
27 22 28 22
1 16 1 18
11 32 13 32
13 32 15 32
11 17 17 17
4 5 4 10
18 30 19 30
15 30 15 32
25 26 25 29
1 14 2 14
4 10 4 12
18 27 18 30
33 30 34 30
17 13 17 16
32 3 32 5
2 28 2 31
26 18 26 19
15 20 15 25
29 9 31 9
4 27 11 27
10 1 10 5
1 1 1 11
7 2 7 13
2 31 5 31
31 10 31 21
2 28 5 28
21 7 21 8
12 5 17 5
17 16 17 17
33 13 33 21
14 13 14 15
13 25 13 26
19 35 29 35
28 3 29 3
19 34 19 35
