131
13 13 12 13
5 21 6 21
3 12 2 12
7 16 6 16
11 4 12 4
8 11 8 10
12 13 13 13
9 5 10 5
1 19 1 18
7 10 7 9
3 13 4 13
5 4 5 3
9 11 9 10
7 17 8 17
10 12 9 12
3 19 3 20
16 18 17 18
4 10 4 11
16 10 16 9
9 10 9 11
9 18 8 18
9 13 10 13
7 0 7 1
6 14 5 14
8 2 8 3
9 19 10 19
0 18 0 19
3 1 4 1
16 5 17 5
13 3 13 2
17 1 17 0
9 16 8 16
18 2 18 3
19 7 19 8
5 5 5 4
2 15 2 14
9 7 10 7
17 19 16 19
8 10 7 10
13 20 13 21
13 17 14 17
14 3 14 4
19 10 18 10
10 11 10 12
8 13 9 13
9 1 9 0
0 19 1 19
11 15 12 15
4 1 5 1
21 1 20 1
10 8 10 9
2 12 2 13
16 4 17 4
16 7 15 7
18 21 19 21
12 10 12 11
14 17 14 18
12 5 11 5
14 10 15 10
19 13 18 13
4 17 4 16
17 12 18 12
16 13 16 14
8 0 8 1
20 21 21 21
20 5 21 5
12 20 11 20
7 21 8 21
12 11 11 11
9 9 9 8
16 8 15 8
12 21 12 20
14 4 14 3
18 6 17 6
6 19 6 20
20 9 20 10
12 6 12 5
2 20 2 19
15 12 15 11
21 11 20 11
2 2 3 2
4 13 5 13
20 17 19 17
17 13 16 13
21 3 20 3
18 7 19 7
16 19 15 19
6 3 6 2
9 2 8 2
11 7 11 8
21 16 21 17
21 17 20 17
7 15 7 16
13 10 14 10
18 20 18 19
8 19 9 19
15 6 15 5
6 9 6 8
7 3 6 3
3 10 4 10
17 7 18 7
20 4 20 5
15 20 14 20
10 7 10 8
19 2 20 2
16 12 17 12
7 12 6 12
14 15 14 14
0 3 1 3
18 5 18 6
7 19 7 18
20 13 21 13
10 6 10 7
21 21 21 20
5 3 4 3
10 16 10 15
9 14 8 14
3 2 3 1
4 16 3 16
16 20 15 20
17 11 16 11
6 0 7 0
11 11 10 11
20 3 21 3
7 14 7 13
17 6 17 7
19 4 20 4
11 6 11 7
7 9 8 9
17 14 18 14
18 14 19 14
169
11 20 12 20
19 14 21 14
19 16 19 17
19 7 19 8
7 20 9 20
10 20 11 20
21 15 21 18
17 9 17 10
3 20 5 20
3 15 3 16
19 17 19 19
8 16 8 17
16 14 16 15
16 13 16 14
7 7 7 10
1 14 2 14
12 8 13 8
17 4 17 5
14 1 14 2
2 4 5 4
19 17 20 17
11 12 11 13
2 18 6 18
13 5 13 6
17 20 19 20
1 19 2 19
17 2 20 2
21 13 21 14
1 15 3 15
15 17 16 17
19 5 19 6
19 5 20 5
10 17 10 18
6 21 8 21
1 13 2 13
8 2 13 2
8 15 9 15
19 8 19 9
9 13 10 13
14 2 16 2
10 7 11 7
12 12 12 14
17 17 17 18
0 20 1 20
13 1 14 1
17 7 17 9
20 2 21 2
5 13 5 14
12 8 12 9
5 7 6 7
11 13 11 14
8 6 13 6
20 19 20 20
17 4 18 4
4 0 5 0
20 10 20 11
5 2 5 4
13 15 15 15
12 14 14 14
3 6 3 7
13 4 13 5
8 1 8 2
5 0 7 0
7 0 9 0
3 0 3 1
18 10 18 12
13 6 18 6
16 3 17 3
10 14 11 14
19 20 20 20
10 19 10 20
9 12 9 13
17 18 17 20
13 18 13 19
6 10 6 12
13 2 13 4
3 16 5 16
8 12 8 14
2 13 5 13
14 18 14 20
11 3 11 5
16 15 17 15
10 10 10 11
5 12 6 12
1 8 1 9
16 14 19 14
10 15 12 15
4 0 4 3
6 20 7 20
6 10 7 10
21 0 21 2
2 18 2 19
12 17 15 17
2 6 3 6
20 20 21 20
18 10 20 10
12 20 14 20
12 14 12 15
6 8 6 10
7 10 7 13
16 2 16 3
21 18 21 20
9 0 11 0
5 4 5 7
6 13 7 13
11 8 12 8
10 8 11 8
0 2 0 5
9 15 9 17
1 14 1 15
15 10 17 10
15 13 16 13
18 16 18 17
19 12 19 14
6 2 6 3
15 0 17 0
20 15 21 15
2 9 2 13
9 13 9 15
18 7 19 7
9 19 10 19
9 15 10 15
14 12 14 14
18 6 18 7
5 20 6 20
7 7 10 7
9 17 9 19
18 4 18 6
1 4 2 4
2 8 2 9
8 5 8 6
21 2 21 3
15 17 15 18
9 20 9 21
11 5 12 5
17 16 17 17
16 17 17 17
2 19 9 19
19 14 19 16
6 1 6 2
19 9 21 9
7 10 10 10
11 19 12 19
14 14 16 14
6 2 8 2
18 4 20 4
0 17 0 20
12 15 13 15
2 19 2 21
16 17 16 21
8 14 8 15
12 9 12 12
13 6 13 8
10 17 12 17
0 0 1 0
5 2 6 2
20 2 20 4
5 14 8 14
17 0 17 2
3 0 4 0
4 15 8 15
17 17 18 17
13 18 14 18
14 7 15 7
16 11 16 13
17 10 18 10
5 8 6 8
15 7 17 7
1 0 3 0
