343
23 23 22 23
35 14 35 15
5 17 5 16
2 36 2 37
0 8 1 8
24 12 24 11
17 33 17 34
26 33 26 34
25 0 25 1
23 19 23 18
17 31 16 31
10 7 10 6
16 19 16 20
2 7 1 7
34 36 34 35
28 33 28 32
27 22 26 22
27 20 27 19
18 13 18 12
19 0 19 1
35 2 36 2
17 24 18 24
18 29 18 30
25 28 25 27
32 27 33 27
35 27 34 27
30 17 31 17
13 21 12 21
10 8 10 9
13 32 13 33
33 11 33 12
35 22 36 22
18 9 18 8
9 25 10 25
12 9 12 8
37 36 38 36
10 24 10 23
2 1 2 2
4 3 4 2
27 38 28 38
18 24 18 23
21 10 20 10
13 23 12 23
32 23 31 23
6 35 6 36
21 25 21 24
23 24 23 23
8 8 8 9
21 20 20 20
26 28 26 27
35 1 36 1
30 18 31 18
30 33 30 34
31 18 30 18
3 17 3 18
24 24 23 24
26 17 26 18
6 28 6 27
29 20 30 20
21 12 22 12
31 9 32 9
26 7 25 7
16 5 16 4
21 21 21 22
33 7 33 8
29 25 29 24
37 10 37 11
1 34 0 34
16 31 15 31
19 1 18 1
2 14 3 14
22 36 21 36
15 6 15 5
2 22 2 21
6 20 6 21
1 31 1 32
37 24 37 23
7 36 7 37
2 6 2 7
11 19 12 19
37 1 38 1
27 7 27 6
0 4 1 4
0 30 0 31
6 27 7 27
33 25 33 26
24 29 24 28
14 36 13 36
9 28 8 28
21 22 21 21
35 24 36 24
22 15 21 15
14 22 13 22
8 3 8 4
2 24 2 25
32 31 33 31
13 30 13 31
19 35 18 35
1 36 1 35
8 4 8 5
33 4 33 5
36 25 35 25
24 25 23 25
13 25 13 26
13 26 13 27
14 3 13 3
24 3 24 4
24 21 24 22
14 2 14 1
21 32 21 33
24 32 23 32
30 27 31 27
21 5 21 4
2 37 2 38
37 12 36 12
33 14 32 14
10 16 9 16
28 36 28 37
2 25 2 24
15 26 14 26
31 4 32 4
37 16 37 15
17 36 17 37
22 27 21 27
28 7 27 7
35 11 35 10
28 17 27 17
16 6 17 6
26 34 25 34
18 17 17 17
15 14 15 13
11 15 11 16
33 32 34 32
5 22 4 22
37 15 38 15
5 34 6 34
1 35 1 34
31 2 31 1
24 14 23 14
14 14 15 14
34 20 34 19
37 20 38 20
7 4 7 5
12 34 13 34
21 35 21 34
38 0 37 0
30 34 30 35
19 26 20 26
18 5 17 5
38 20 38 19
9 27 10 27
1 32 1 31
11 31 11 32
37 17 38 17
7 37 8 37
19 33 18 33
24 26 24 27
32 29 32 28
5 27 5 28
25 35 25 36
13 20 13 21
21 16 21 17
27 6 27 5
27 34 27 35
15 27 16 27
32 4 32 5
36 32 36 33
23 18 23 19
17 37 16 37
29 24 29 25
22 0 23 0
23 34 22 34
29 5 29 6
0 18 1 18
12 33 12 34
26 4 26 3
17 10 16 10
7 19 7 20
30 3 29 3
2 27 3 27
13 18 12 18
21 38 21 37
16 2 15 2
15 2 14 2
31 31 30 31
2 20 2 19
25 37 24 37
19 21 19 22
23 8 22 8
37 0 36 0
27 24 27 25
17 18 17 19
21 1 21 2
32 14 32 15
28 27 29 27
19 31 19 30
38 17 38 18
15 5 14 5
0 28 1 28
10 19 10 20
36 24 36 23
6 38 6 37
9 17 8 17
16 27 16 28
10 4 10 3
33 12 34 12
32 24 33 24
17 27 16 27
38 15 38 14
15 23 15 22
22 1 22 0
22 17 23 17
25 14 24 14
38 6 37 6
12 10 12 11
19 11 19 12
2 17 2 18
18 23 18 22
4 36 4 37
37 11 36 11
18 31 19 31
10 0 11 0
37 6 37 7
21 29 21 30
10 38 10 37
24 14 24 13
36 10 37 10
23 9 22 9
9 9 9 8
29 27 28 27
8 1 8 2
27 9 28 9
15 12 15 11
3 1 3 2
28 23 28 24
16 23 17 23
38 24 38 25
7 9 6 9
32 30 33 30
15 13 16 13
22 38 22 37
8 19 8 20
21 0 21 1
35 29 35 30
10 9 10 8
26 10 26 11
23 17 23 18
4 8 5 8
2 28 2 29
21 27 21 26
6 24 5 24
31 3 31 4
35 31 36 31
15 21 14 21
8 30 9 30
24 11 23 11
12 6 13 6
30 6 30 7
3 4 3 3
12 3 12 4
12 14 13 14
6 2 6 3
17 25 17 24
25 33 25 32
13 37 13 38
11 37 12 37
13 35 12 35
26 35 25 35
31 20 31 21
29 12 28 12
19 8 20 8
22 35 22 36
25 21 25 22
22 9 23 9
29 7 28 7
8 16 8 15
8 2 8 3
22 12 21 12
7 33 8 33
7 27 7 28
11 10 12 10
33 30 32 30
6 21 6 20
27 4 27 3
35 23 34 23
31 21 32 21
23 9 24 9
29 3 29 4
12 21 12 20
23 19 22 19
21 15 21 16
10 25 10 26
12 37 12 38
5 3 5 2
23 20 24 20
34 32 34 33
16 17 15 17
18 32 18 31
30 36 30 37
10 35 10 34
7 8 7 9
23 23 23 22
9 4 10 4
31 36 31 37
9 2 8 2
18 34 19 34
13 3 13 2
9 26 9 27
4 10 4 11
32 13 32 12
26 0 26 1
5 14 4 14
15 17 16 17
4 31 3 31
27 11 28 11
28 19 28 20
2 11 3 11
31 13 30 13
6 20 5 20
29 0 28 0
9 18 9 17
36 31 36 32
9 34 9 35
34 19 34 20
32 38 32 37
0 29 0 28
10 13 11 13
4 22 5 22
16 28 17 28
2 26 2 25
11 3 12 3
19 20 18 20
35 18 35 19
18 30 17 30
26 9 27 9
22 23 23 23
20 13 20 12
4 9 4 10
1 11 2 11
4 10 5 10
32 25 32 24
36 8 37 8
8 33 7 33
157
31 37 32 37
34 23 36 23
27 35 29 35
37 10 37 14
30 31 30 35
29 35 30 35
1 18 2 18
34 27 34 28
23 10 23 11
16 37 16 38
37 14 37 23
32 30 35 30
20 1 20 8
18 1 20 1
23 22 23 23
35 33 36 33
18 27 18 31
2 18 2 19
28 9 32 9
32 28 34 28
16 38 17 38
8 17 9 17
18 33 21 33
6 9 7 9
27 33 27 35
9 27 10 27
0 13 0 14
32 24 32 28
27 0 28 0
35 33 35 37
10 27 10 33
10 3 10 4
28 24 32 24
10 37 16 37
32 28 32 30
1 33 1 34
9 16 9 17
28 16 32 16
5 38 8 38
35 28 36 28
22 16 22 19
27 3 36 3
32 12 34 12
32 30 32 37
20 0 22 0
30 37 31 37
9 8 9 10
33 22 33 24
27 19 29 19
2 38 3 38
6 3 6 8
17 38 23 38
5 16 9 16
28 9 28 11
30 35 30 37
32 37 35 37
25 35 25 36
16 20 17 20
5 10 5 16
14 5 14 9
32 16 32 21
37 23 37 26
32 9 32 12
21 24 23 24
34 23 34 27
23 10 27 10
3 31 3 33
11 27 13 27
1 10 5 10
25 34 25 35
13 27 16 27
28 7 28 9
0 38 2 38
33 24 33 26
8 20 10 20
36 23 37 23
3 2 4 2
16 27 18 27
3 3 6 3
1 20 4 20
14 9 14 17
18 0 18 1
2 18 3 18
33 22 36 22
28 20 28 24
7 33 10 33
31 27 31 35
34 33 35 33
8 37 8 38
22 19 27 19
28 38 34 38
20 19 22 19
6 18 6 22
22 36 22 37
21 33 27 33
1 31 1 33
36 28 36 29
8 5 14 5
1 10 1 14
27 19 27 23
10 4 12 4
36 6 36 11
22 36 25 36
1 34 6 34
6 34 7 34
8 37 10 37
24 27 24 28
18 33 18 35
20 28 24 28
9 10 12 10
36 12 36 22
12 34 12 35
1 6 4 6
28 11 29 11
5 10 9 10
1 14 1 18
23 22 24 22
32 21 32 24
16 17 17 17
10 34 12 34
7 34 10 34
21 21 21 24
26 24 28 24
6 22 6 26
23 24 26 24
36 3 38 3
36 11 36 12
20 8 21 8
24 23 27 23
16 27 16 37
34 12 36 12
2 29 2 31
6 3 8 3
14 17 16 17
22 8 25 8
18 31 18 33
27 0 27 3
8 3 10 3
10 34 10 37
8 17 8 20
12 20 15 20
1 31 2 31
35 37 35 38
10 20 12 20
6 26 6 34
15 31 15 34
15 20 16 20
13 34 15 34
1 4 1 5
6 8 9 8
12 4 16 4
28 7 30 7
15 20 15 22
23 23 23 24
28 15 28 16
22 8 22 16
13 22 15 22
