340
22 13 23 13
17 19 16 19
9 36 8 36
36 11 36 10
36 36 36 37
16 1 16 0
6 15 5 15
32 11 33 11
3 29 2 29
15 7 14 7
11 27 11 28
22 37 21 37
15 18 15 19
18 35 19 35
29 26 30 26
16 0 17 0
29 32 30 32
38 17 38 16
21 23 22 23
12 10 11 10
12 26 12 25
30 10 30 9
26 12 27 12
12 21 12 22
9 5 10 5
8 36 8 35
34 33 34 34
14 13 13 13
18 9 18 8
16 32 16 31
25 5 24 5
3 8 3 9
7 22 8 22
4 4 4 3
10 21 9 21
4 32 3 32
9 33 9 34
4 31 4 32
14 8 13 8
14 15 15 15
4 11 5 11
35 33 34 33
30 34 30 33
18 31 18 32
14 3 14 4
11 0 10 0
26 32 27 32
38 24 37 24
1 24 2 24
9 18 9 19
1 18 2 18
18 27 17 27
22 21 22 20
34 34 34 35
6 0 6 1
13 29 13 28
18 26 19 26
24 9 25 9
35 32 35 33
33 25 34 25
13 36 12 36
10 15 10 16
2 22 1 22
2 15 2 14
6 13 5 13
27 33 26 33
21 14 22 14
27 36 28 36
19 24 19 23
1 14 1 15
29 20 29 19
6 20 6 21
19 31 19 32
1 31 1 32
35 35 35 34
31 16 31 15
24 1 24 0
23 27 23 28
17 9 17 8
5 20 5 21
20 17 20 18
30 18 30 19
13 7 13 6
26 13 25 13
8 34 7 34
7 21 8 21
32 19 33 19
31 36 30 36
22 24 22 25
20 34 20 33
3 15 3 14
26 3 27 3
18 2 17 2
15 30 15 31
33 24 34 24
12 3 12 2
17 27 17 28
15 11 15 10
20 26 20 27
37 26 37 27
20 19 20 20
22 16 21 16
34 24 34 23
6 26 7 26
2 3 3 3
9 26 9 27
24 32 24 31
28 9 28 8
38 4 38 3
9 3 8 3
9 31 8 31
28 23 29 23
8 23 9 23
26 15 25 15
21 0 22 0
19 33 19 34
38 13 38 12
8 29 8 30
21 37 22 37
31 34 30 34
7 12 8 12
0 7 0 8
35 29 35 28
1 17 2 17
9 14 8 14
3 18 4 18
33 34 32 34
15 6 15 7
35 31 34 31
1 15 1 16
12 37 11 37
37 29 38 29
7 27 8 27
20 9 21 9
34 29 34 30
32 0 31 0
4 15 3 15
37 38 38 38
27 32 28 32
3 21 4 21
13 16 14 16
23 11 24 11
4 32 4 31
2 10 3 10
29 27 28 27
22 8 22 7
3 24 3 23
10 7 9 7
18 4 18 3
37 11 38 11
28 28 27 28
30 9 30 8
32 34 33 34
10 28 10 27
24 5 24 4
17 17 17 16
7 3 6 3
26 33 26 34
11 13 11 12
24 31 24 32
35 34 34 34
23 35 23 36
6 10 5 10
17 15 16 15
0 0 0 1
3 10 3 11
23 28 23 27
4 38 5 38
24 32 25 32
5 7 5 8
8 20 9 20
11 18 10 18
7 36 7 37
25 21 26 21
6 19 5 19
14 2 15 2
34 20 34 21
21 38 21 37
33 33 32 33
9 6 9 5
6 21 6 20
36 32 36 33
12 35 12 34
32 5 31 5
5 35 5 34
35 17 35 18
3 25 2 25
13 35 13 34
16 35 16 36
13 15 13 14
5 16 4 16
33 19 34 19
10 5 10 6
23 27 23 28
23 18 24 18
9 32 8 32
18 30 18 31
18 10 18 11
3 28 3 29
2 18 3 18
18 11 18 10
23 14 24 14
36 31 36 32
21 24 21 23
32 28 31 28
30 22 30 23
7 13 8 13
30 5 29 5
5 31 6 31
23 7 24 7
27 11 27 10
13 8 14 8
12 29 13 29
25 27 25 26
29 15 30 15
3 20 2 20
30 35 29 35
31 15 32 15
22 12 21 12
29 6 29 7
36 37 36 36
19 8 19 7
34 6 33 6
38 16 38 17
36 24 36 25
30 36 30 35
34 7 33 7
24 25 24 24
29 25 30 25
15 34 16 34
12 25 12 26
12 36 11 36
27 6 26 6
32 35 32 34
35 28 35 29
16 24 16 23
16 13 15 13
18 1 19 1
23 9 22 9
33 12 33 13
9 30 10 30
14 8 15 8
31 24 31 23
35 12 36 12
6 31 6 32
32 36 33 36
32 17 31 17
25 38 26 38
36 25 36 24
11 36 10 36
25 4 25 5
21 23 21 22
14 12 14 11
27 37 26 37
10 22 10 23
20 20 21 20
30 32 29 32
6 38 7 38
4 28 3 28
27 5 27 4
26 31 26 30
21 5 21 4
24 34 24 33
30 11 29 11
1 35 0 35
15 31 15 30
37 1 38 1
7 38 8 38
11 19 11 18
27 22 27 21
20 15 20 16
0 33 0 32
24 2 23 2
36 22 36 23
28 2 27 2
10 36 11 36
14 20 13 20
23 13 22 13
35 10 34 10
5 3 5 4
17 37 17 38
30 33 31 33
30 25 31 25
4 5 4 6
2 38 1 38
23 29 22 29
36 32 36 31
38 29 38 28
27 12 28 12
20 29 20 28
34 35 35 35
22 14 23 14
23 34 23 35
0 20 1 20
20 22 20 23
32 38 31 38
21 4 21 5
20 35 20 34
5 38 4 38
34 1 34 0
24 7 24 6
34 4 35 4
26 19 26 20
5 14 6 14
8 13 9 13
31 35 32 35
13 32 12 32
12 23 13 23
13 14 14 14
34 38 34 37
24 29 24 30
30 17 29 17
29 14 28 14
8 7 7 7
34 12 34 11
34 17 34 18
1 9 2 9
4 6 5 6
9 19 9 18
6 24 5 24
4 21 4 22
8 33 8 34
17 1 16 1
36 36 36 35
34 21 34 20
34 33 34 32
24 35 25 35
32 33 32 32
5 37 5 38
3 1 3 2
4 18 4 17
36 12 37 12
1 36 0 36
32 15 32 16
17 35 16 35
20 1 21 1
3 14 3 13
20 34 21 34
8 31 9 31
35 36 34 36
160
16 9 16 11
19 9 19 14
8 4 8 6
11 7 14 7
22 20 26 20
31 31 34 31
25 32 28 32
24 0 24 4
8 21 8 22
8 32 8 34
2 17 2 19
38 10 38 11
8 21 9 21
34 31 34 32
8 22 8 27
38 28 38 38
21 34 22 34
14 7 14 11
31 17 38 17
11 7 11 10
14 11 16 11
1 32 1 33
6 1 6 3
4 3 4 9
1 16 1 20
34 11 38 11
5 24 5 29
34 0 34 5
8 30 8 32
18 32 18 33
3 9 4 9
13 23 13 28
26 4 26 6
7 34 8 34
8 11 14 11
1 33 2 33
30 26 30 34
8 34 8 35
21 22 22 22
8 38 10 38
32 34 32 35
19 26 21 26
27 23 27 24
20 30 20 33
34 19 34 20
10 16 14 16
17 2 17 8
9 7 11 7
22 34 26 34
10 6 13 6
2 21 5 21
17 0 20 0
8 35 8 38
31 28 31 31
4 9 8 9
16 9 19 9
2 29 2 33
31 23 34 23
10 38 17 38
29 17 31 17
8 6 8 9
16 30 16 31
2 33 2 37
1 33 1 38
4 9 4 14
0 8 0 13
34 20 34 23
17 31 17 32
13 1 13 6
8 6 10 6
25 2 26 2
18 33 20 33
4 14 4 16
27 9 31 9
13 23 16 23
26 4 27 4
34 19 35 19
27 23 29 23
13 29 13 33
16 30 20 30
31 17 31 20
22 0 22 7
11 28 11 36
32 35 35 35
27 26 30 26
17 38 22 38
34 18 34 19
30 34 32 34
14 14 14 16
27 24 27 26
8 27 8 28
30 7 30 8
15 14 15 15
13 33 14 33
25 22 25 26
2 19 5 19
26 34 30 34
34 5 34 8
25 26 27 26
31 9 31 17
13 22 21 22
5 19 5 21
38 17 38 18
27 26 27 28
8 28 11 28
11 36 11 37
35 35 36 35
29 11 29 12
1 20 2 20
35 33 35 35
12 22 13 22
33 7 33 9
33 36 34 36
26 2 26 4
22 29 22 34
28 17 29 17
27 7 27 9
22 22 25 22
13 20 13 22
28 27 28 32
27 4 27 7
29 8 30 8
13 29 22 29
8 9 8 11
20 0 22 0
11 36 16 36
17 8 18 8
16 11 16 15
0 1 6 1
0 13 0 14
38 11 38 12
14 7 15 7
2 33 7 33
22 7 27 7
14 11 14 14
26 20 31 20
28 12 28 14
22 37 22 38
30 7 33 7
7 33 7 34
11 28 13 28
28 10 28 12
3 2 3 3
8 4 9 4
17 0 17 2
33 0 34 0
1 16 4 16
20 33 20 36
30 23 31 23
14 16 14 18
36 34 36 35
29 12 29 17
5 30 8 30
22 20 22 22
27 24 35 24
38 18 38 28
20 30 21 30
22 34 22 37
17 32 17 38
4 3 6 3
