245
11 5 10 5
5 20 4 20
12 14 13 14
1 0 2 0
13 8 14 8
5 17 6 17
15 19 15 18
1 10 0 10
2 5 2 4
10 20 11 20
11 18 12 18
2 17 2 18
16 1 16 2
3 7 3 6
7 1 6 1
15 5 14 5
11 6 11 5
1 1 2 1
17 17 16 17
19 14 19 13
18 9 17 9
11 15 12 15
13 3 14 3
6 12 6 11
11 9 12 9
7 3 7 2
19 3 18 3
4 4 3 4
20 0 19 0
12 13 11 13
13 5 12 5
3 21 3 20
5 10 5 11
5 12 6 12
9 13 8 13
17 18 17 17
12 6 11 6
16 10 15 10
6 16 7 16
16 5 15 5
10 10 11 10
1 16 0 16
19 4 18 4
8 19 9 19
15 2 15 3
8 18 9 18
9 6 8 6
17 0 18 0
4 20 5 20
13 6 13 5
15 13 15 12
9 14 9 13
5 4 4 4
16 16 15 16
9 3 8 3
21 19 21 18
7 0 7 1
1 9 1 10
9 15 10 15
15 12 14 12
16 14 15 14
9 21 8 21
8 6 9 6
10 2 9 2
21 14 21 13
17 21 16 21
3 11 3 12
9 20 9 21
5 16 6 16
21 13 21 14
7 20 8 20
15 11 15 12
10 15 9 15
9 19 8 19
10 14 10 15
7 4 7 3
2 9 2 10
1 5 2 5
20 16 20 17
15 10 15 9
13 2 13 3
21 5 21 6
0 7 0 8
6 18 5 18
8 14 9 14
18 19 18 20
6 19 6 18
20 6 20 5
5 5 5 4
21 12 21 13
6 10 5 10
1 8 1 9
7 10 6 10
2 15 1 15
7 1 7 0
13 1 13 2
15 16 16 16
7 6 7 7
13 9 14 9
14 6 13 6
20 12 21 12
5 3 5 2
3 17 2 17
20 19 21 19
18 7 18 6
14 15 13 15
19 5 19 4
15 18 15 19
13 5 13 4
14 9 13 9
4 16 5 16
5 20 5 19
14 1 13 1
5 19 6 19
4 15 4 16
19 19 20 19
19 13 19 14
14 5 13 5
10 19 9 19
18 6 18 7
10 1 10 2
4 7 3 7
2 14 2 15
15 17 15 18
4 11 3 11
5 7 4 7
16 11 16 10
17 20 17 21
4 12 4 11
7 14 8 14
3 14 2 14
10 0 10 1
17 9 18 9
19 14 19 13
18 9 17 9
3 19 4 19
19 4 19 5
17 1 17 0
8 3 9 3
1 6 1 5
8 10 7 10
6 3 5 3
4 19 5 19
5 21 5 20
8 20 7 20
16 10 15 10
14 7 14 6
13 9 13 8
4 14 4 15
7 5 7 6
8 7 8 6
13 5 14 5
12 9 11 9
19 12 20 12
10 18 10 19
8 17 8 18
5 8 5 7
10 21 10 20
7 3 6 3
1 15 0 15
8 5 7 5
9 17 9 16
15 5 16 5
8 0 9 0
17 17 17 18
17 11 17 12
11 19 11 18
14 13 15 13
11 0 10 0
10 20 9 20
14 0 14 1
13 6 13 5
17 16 17 17
3 9 2 9
0 1 1 1
20 5 21 5
9 18 9 17
8 4 7 4
13 5 13 6
18 3 19 3
5 14 4 14
8 19 8 20
8 8 8 7
6 3 7 3
14 16 14 15
19 18 19 19
11 16 11 15
17 0 17 1
15 6 15 5
11 1 11 0
0 6 1 6
17 1 17 0
14 17 15 17
14 1 14 0
3 16 3 17
18 1 17 1
19 9 18 9
5 16 5 17
20 15 20 16
13 17 14 17
2 19 3 19
3 1 3 0
5 15 5 14
7 0 8 0
5 13 5 12
17 19 17 20
18 18 18 19
15 7 14 7
18 11 17 11
18 2 18 3
5 12 4 12
15 9 14 9
3 19 4 19
9 21 10 21
12 1 11 1
18 17 18 18
15 17 15 16
12 7 12 6
18 19 17 19
4 13 5 13
19 1 18 1
17 6 18 6
4 5 5 5
14 17 14 16
18 16 17 16
17 5 17 6
18 14 19 14
11 7 12 7
16 2 16 3
0 8 1 8
11 9 12 9
20 1 20 0
3 2 3 1
11 17 11 16
8 14 7 14
14 7 15 7
4 9 3 9
7 2 7 1
20 2 20 1
20 14 20 15
18 9 19 9
5 3 6 3
18 1 18 2
15 10 15 9
2 14 3 14
146
11 16 13 16
12 7 12 8
4 21 6 21
6 7 6 8
17 1 20 1
0 0 0 2
8 18 8 20
18 8 18 10
18 15 19 15
14 2 17 2
11 6 11 8
1 20 1 21
0 3 0 4
4 16 4 17
1 14 1 17
0 19 0 20
2 11 3 11
2 16 4 16
16 18 17 18
0 4 0 5
19 15 20 15
18 18 18 20
14 0 15 0
3 8 3 9
6 16 7 16
11 14 13 14
17 2 17 3
16 8 17 8
21 4 21 5
10 2 10 3
1 21 4 21
10 3 10 4
13 21 14 21
6 4 6 5
4 18 5 18
3 9 5 9
9 4 10 4
10 4 11 4
20 18 21 18
8 15 8 16
19 5 19 6
8 0 9 0
4 17 4 18
18 15 18 18
8 16 8 18
7 16 8 16
7 20 8 20
1 17 1 18
16 19 17 19
11 2 12 2
2 10 3 10
13 1 15 1
15 19 16 19
9 2 10 2
18 12 18 13
0 18 1 18
6 5 7 5
5 5 5 6
15 20 15 21
18 13 18 15
0 5 0 9
14 14 14 15
4 14 4 15
5 13 5 14
0 18 0 19
11 1 13 1
17 18 18 18
11 4 11 5
2 10 2 11
15 18 16 18
18 6 19 6
9 15 10 15
5 7 5 9
6 16 6 17
13 2 14 2
18 12 20 12
14 18 14 19
1 14 3 14
17 6 18 6
14 6 14 8
16 6 17 6
0 2 0 3
10 9 12 9
14 9 14 10
4 19 4 21
18 10 18 12
6 6 7 6
18 10 19 10
20 11 20 12
10 0 10 1
4 16 6 16
7 6 8 6
11 16 11 18
6 11 7 11
5 11 6 11
5 9 5 10
12 2 13 2
18 18 20 18
13 20 13 21
8 18 11 18
10 1 11 1
14 5 14 6
5 2 6 2
0 5 1 5
5 6 5 7
6 2 8 2
10 1 10 2
15 21 16 21
4 14 5 14
16 19 16 20
18 8 19 8
5 6 6 6
14 10 17 10
13 14 14 14
19 6 19 7
14 19 15 19
14 16 14 18
8 20 9 20
8 2 9 2
5 11 5 13
8 2 8 6
20 1 21 1
17 8 18 8
12 8 12 9
21 7 21 8
14 15 14 16
4 18 4 19
10 9 10 11
14 6 16 6
15 1 17 1
15 0 15 1
12 5 14 5
12 9 14 9
3 14 4 14
17 3 18 3
8 11 8 12
17 15 18 15
9 0 10 0
0 20 0 21
11 5 11 6
21 3 21 4
17 10 18 10
11 5 12 5
19 7 21 7
8 15 9 15
5 10 5 11
