339
13 4 13 5
23 27 23 28
2 15 2 14
29 25 28 25
19 9 19 10
7 14 7 13
11 6 12 6
20 30 20 29
24 15 24 16
11 25 12 25
13 22 14 22
7 12 8 12
13 9 12 9
21 1 21 2
2 10 3 10
24 4 25 4
14 10 13 10
12 8 12 7
16 17 17 17
16 18 15 18
23 24 24 24
29 23 28 23
22 16 22 17
21 27 21 26
14 19 13 19
17 17 16 17
4 25 3 25
12 21 12 20
27 17 27 16
14 7 15 7
13 3 13 4
28 21 27 21
6 24 6 23
15 2 15 3
27 14 27 13
7 0 7 1
16 4 16 3
1 13 0 13
4 4 3 4
28 2 28 1
12 20 11 20
21 9 20 9
5 26 5 27
8 0 9 0
28 19 28 20
16 14 16 15
18 7 17 7
28 22 28 21
18 22 18 23
29 15 28 15
13 26 13 27
12 12 11 12
20 4 21 4
6 28 6 27
24 5 25 5
30 3 30 2
10 5 11 5
7 15 6 15
29 5 29 4
18 18 18 17
27 5 27 6
0 27 0 26
30 6 29 6
16 8 17 8
17 16 17 17
15 20 14 20
10 1 11 1
4 2 4 1
27 8 28 8
6 29 6 28
12 25 12 24
30 1 29 1
19 10 19 9
26 8 27 8
13 2 12 2
13 4 14 4
25 27 25 26
5 29 5 30
20 16 21 16
18 17 18 16
4 29 5 29
13 17 13 18
11 16 11 17
2 29 2 30
14 26 14 27
23 20 23 21
16 20 16 21
4 5 4 4
24 20 25 20
9 22 10 22
0 5 0 6
28 10 28 9
21 7 22 7
4 8 3 8
21 18 20 18
10 23 9 23
19 28 19 29
14 17 13 17
1 8 1 7
9 23 10 23
5 2 5 1
14 5 15 5
7 18 6 18
28 25 27 25
5 18 5 17
12 28 11 28
27 19 26 19
20 20 21 20
26 0 27 0
27 4 27 3
16 19 17 19
6 28 7 28
6 15 7 15
15 29 15 28
21 21 21 22
13 5 13 4
6 23 6 22
1 12 0 12
10 0 11 0
8 29 9 29
13 29 13 30
7 17 7 16
2 8 1 8
15 14 15 13
25 12 25 13
15 8 14 8
17 3 17 4
16 27 17 27
2 19 3 19
26 19 27 19
13 23 13 24
5 9 5 10
25 11 26 11
29 7 28 7
2 0 3 0
7 28 7 27
27 25 27 26
5 15 5 14
11 5 11 6
15 27 16 27
25 5 24 5
7 13 8 13
17 15 17 16
6 14 7 14
1 21 1 20
20 1 21 1
9 25 9 26
30 7 29 7
5 21 5 20
19 29 19 28
16 25 17 25
7 3 6 3
12 9 12 8
12 22 12 23
3 28 3 29
22 10 21 10
10 20 10 19
2 26 1 26
12 6 12 5
7 10 8 10
25 28 25 29
25 18 25 19
1 17 2 17
14 9 13 9
4 24 4 25
29 18 28 18
5 5 4 5
0 25 0 24
3 29 3 28
7 11 8 11
4 9 4 8
29 17 30 17
25 26 25 25
20 19 20 20
11 9 10 9
9 11 10 11
22 17 22 16
9 19 9 18
27 1 27 2
12 10 12 11
19 18 19 17
21 20 21 19
17 25 17 24
24 2 24 1
19 6 19 5
19 1 20 1
10 19 10 18
6 11 7 11
26 4 26 3
24 8 23 8
24 22 23 22
16 15 17 15
7 26 8 26
12 7 12 6
5 25 5 24
3 0 2 0
28 15 27 15
11 3 12 3
3 22 3 23
10 3 11 3
26 24 25 24
0 4 0 3
21 19 22 19
1 23 2 23
21 8 21 9
9 20 9 19
8 21 9 21
7 8 6 8
9 14 8 14
13 12 14 12
15 18 15 19
15 13 16 13
25 29 25 28
23 17 23 18
22 25 22 24
15 23 15 24
24 11 24 10
8 13 7 13
26 21 26 20
4 18 5 18
23 30 24 30
29 7 30 7
0 24 1 24
13 13 14 13
5 6 5 7
23 6 24 6
5 20 5 21
13 19 14 19
14 12 15 12
15 10 16 10
19 15 18 15
0 29 0 30
17 16 16 16
9 1 8 1
7 19 8 19
23 28 22 28
8 4 8 5
14 0 15 0
16 24 16 23
21 25 22 25
22 24 21 24
11 26 11 27
7 16 7 17
27 22 28 22
13 10 13 11
28 6 28 5
1 26 1 27
28 29 28 30
0 30 0 29
7 25 7 24
5 12 5 13
5 14 4 14
30 17 29 17
9 2 9 1
29 6 29 7
18 15 18 14
2 13 2 12
23 11 22 11
8 22 7 22
14 13 14 14
8 24 8 25
3 24 4 24
1 19 1 18
16 26 17 26
17 27 18 27
7 29 7 28
3 18 4 18
13 9 13 8
0 17 0 16
8 7 7 7
21 26 21 27
0 13 0 14
27 29 26 29
12 5 11 5
21 29 22 29
24 21 24 20
22 20 21 20
6 30 7 30
17 19 18 19
15 6 14 6
1 5 0 5
2 4 2 5
19 26 19 27
26 27 25 27
0 3 0 4
13 4 13 3
24 3 24 2
15 24 15 25
14 4 15 4
26 18 26 17
9 8 10 8
8 6 8 7
1 18 1 19
21 27 20 27
28 3 28 4
0 16 1 16
1 3 0 3
5 10 5 9
3 4 3 3
3 19 3 20
1 28 0 28
19 0 19 1
11 7 10 7
18 9 18 10
19 1 18 1
10 24 9 24
19 9 19 8
23 4 24 4
13 25 12 25
27 2 28 2
24 16 23 16
29 17 29 16
28 27 29 27
15 21 14 21
16 17 16 18
20 9 19 9
22 21 22 20
10 12 10 13
8 19 8 20
5 16 6 16
1 4 1 3
21 1 21 0
29 9 29 10
24 30 23 30
29 24 29 25
23 5 23 6
1 7 2 7
29 21 30 21
26 1 26 0
22 28 23 28
11 13 11 14
20 1 21 1
28 14 27 14
4 5 4 6
0 10 1 10
26 2 26 1
12 15 12 16
17 28 17 27
16 28 16 29
161
15 5 16 5
4 18 5 18
11 1 11 2
9 19 14 19
18 12 18 14
23 2 23 3
6 10 6 12
0 26 4 26
22 3 23 3
17 17 17 18
13 6 14 6
17 8 18 8
29 4 30 4
9 19 9 21
29 3 29 4
18 1 18 4
14 3 14 6
12 16 13 16
30 2 30 4
4 11 4 12
6 0 9 0
16 5 17 5
30 18 30 20
23 8 25 8
5 27 6 27
2 9 2 11
30 8 30 9
29 8 30 8
6 18 9 18
14 6 14 8
13 1 13 3
28 22 29 22
27 21 27 23
27 18 27 19
6 16 9 16
18 16 18 19
17 5 17 7
21 2 21 4
28 9 30 9
23 8 23 9
17 5 19 5
17 15 17 17
22 2 22 3
10 14 10 16
12 6 13 6
6 27 7 27
3 11 4 11
22 19 22 20
22 30 23 30
23 7 23 8
21 2 22 2
17 24 17 26
4 12 6 12
5 30 7 30
15 16 15 17
17 4 18 4
11 6 12 6
9 18 9 19
8 12 8 14
6 13 6 16
29 19 29 22
23 18 27 18
20 17 20 18
9 0 9 1
15 9 15 11
28 2 28 4
19 19 22 19
2 7 2 9
11 10 11 11
30 4 30 7
15 19 18 19
13 24 17 24
7 22 7 24
0 29 5 29
18 27 18 28
23 29 26 29
15 16 16 16
13 16 13 17
21 1 21 2
11 28 15 28
20 7 22 7
25 25 29 25
9 21 9 24
22 7 23 7
11 27 11 28
5 27 5 29
27 23 28 23
23 29 23 30
25 4 28 4
7 6 7 7
7 24 7 27
12 23 16 23
4 0 6 0
1 16 2 16
18 12 19 12
15 5 15 7
26 11 26 14
26 7 26 9
7 28 7 30
21 22 22 22
7 2 7 6
15 26 15 28
20 6 20 7
18 14 18 16
9 1 11 1
14 19 15 19
15 11 17 11
11 6 11 10
11 2 11 3
14 14 14 15
25 19 27 19
6 16 6 18
17 7 20 7
18 19 18 23
13 1 18 1
22 8 22 11
10 16 12 16
25 4 25 7
22 19 25 19
21 23 21 24
30 0 30 2
15 17 15 19
23 6 23 7
29 22 29 25
18 19 19 19
24 2 28 2
15 7 15 9
17 24 19 24
4 12 4 14
22 20 24 20
18 23 21 23
6 12 8 12
7 30 13 30
7 27 11 27
12 4 12 6
8 7 8 10
10 14 11 14
5 18 6 18
21 24 21 30
23 3 23 6
16 23 18 23
15 28 18 28
22 22 22 25
14 8 14 14
7 24 9 24
25 21 27 21
8 14 10 14
17 7 17 8
28 2 29 2
18 0 18 1
26 10 26 11
13 3 14 3
6 10 8 10
2 14 4 14
14 14 18 14
25 7 26 7
6 13 7 13
19 22 21 22
12 16 12 18
19 9 19 12
27 19 29 19
