338
28 6 27 6
32 12 32 13
34 18 33 18
0 8 1 8
23 12 23 11
19 23 19 22
16 10 17 10
33 30 34 30
35 7 35 8
7 29 7 28
14 7 15 7
7 12 7 11
15 23 15 24
8 26 8 25
35 13 35 14
20 17 20 16
9 7 9 6
16 19 16 20
23 35 22 35
3 21 3 22
36 13 36 12
12 29 11 29
14 13 14 14
6 10 5 10
0 30 0 31
16 17 16 16
9 19 8 19
12 17 13 17
6 13 5 13
9 24 10 24
23 25 24 25
37 23 36 23
22 19 23 19
4 1 4 0
15 7 15 8
29 15 28 15
11 20 11 21
22 2 23 2
20 29 20 28
10 8 10 9
36 10 36 9
30 30 31 30
10 23 10 22
1 2 1 1
25 6 25 5
5 10 6 10
21 9 22 9
4 9 4 8
16 34 16 33
32 9 32 10
28 16 27 16
10 24 10 23
25 9 25 8
35 34 35 33
6 27 6 28
21 19 20 19
6 24 7 24
21 3 20 3
29 28 30 28
13 0 14 0
0 36 1 36
9 37 8 37
33 37 32 37
17 25 17 26
23 23 23 24
18 3 19 3
9 9 9 10
33 23 32 23
37 36 36 36
21 32 22 32
3 24 3 25
26 29 27 29
23 24 23 25
9 6 9 7
12 5 13 5
22 37 22 36
22 11 22 10
1 13 1 14
13 1 12 1
22 13 22 12
10 20 10 21
27 1 28 1
26 5 27 5
10 16 10 17
36 28 35 28
13 18 14 18
23 16 22 16
5 30 5 29
7 35 7 36
6 3 6 2
17 8 18 8
33 36 33 37
8 1 7 1
35 3 36 3
35 24 35 23
5 29 5 30
5 24 4 24
7 7 8 7
36 36 37 36
32 31 32 32
28 24 27 24
25 19 25 20
31 12 30 12
27 33 27 32
26 13 26 12
1 10 1 9
33 12 32 12
16 9 15 9
27 20 27 19
8 34 8 35
4 33 3 33
21 24 21 23
28 35 28 36
18 4 17 4
26 4 26 5
32 3 32 4
31 3 31 4
36 25 36 26
34 26 34 27
9 34 9 33
16 22 17 22
9 4 8 4
4 2 4 1
15 9 16 9
28 7 27 7
18 16 18 17
7 17 8 17
14 35 13 35
20 36 21 36
4 1 5 1
26 10 26 11
8 33 8 34
30 34 30 35
33 15 32 15
23 11 23 10
1 11 0 11
16 12 17 12
27 0 26 0
1 18 1 19
35 30 36 30
4 15 3 15
12 11 13 11
17 14 16 14
10 17 10 16
19 14 19 15
32 19 31 19
28 22 29 22
14 36 14 35
14 30 15 30
13 8 13 7
13 10 13 9
23 27 23 26
28 27 28 26
19 8 19 9
31 4 31 5
22 5 23 5
20 14 21 14
29 6 30 6
13 2 13 3
16 36 15 36
29 18 28 18
27 18 27 17
3 22 3 23
12 2 12 3
36 0 36 1
32 18 32 19
13 29 14 29
10 27 10 28
18 32 17 32
16 15 17 15
37 0 36 0
36 12 36 11
11 27 11 28
21 34 21 33
22 33 23 33
22 0 23 0
9 10 8 10
4 27 4 26
11 33 11 34
37 8 37 7
0 31 1 31
15 19 15 20
8 23 8 24
26 1 25 1
32 12 33 12
3 13 3 12
32 22 31 22
0 11 0 12
16 14 16 15
8 6 8 5
15 30 15 31
7 2 8 2
34 0 34 1
31 25 30 25
26 12 27 12
3 30 2 30
23 15 23 16
4 0 5 0
22 27 21 27
32 28 32 27
8 21 7 21
4 34 4 35
27 22 27 21
3 7 2 7
29 33 28 33
31 22 31 21
8 32 9 32
18 26 18 25
6 19 5 19
30 17 29 17
7 18 7 19
35 23 35 22
8 12 7 12
30 5 29 5
23 2 23 3
34 7 35 7
23 16 24 16
5 12 4 12
13 35 13 36
23 3 23 4
27 25 26 25
23 10 24 10
24 24 23 24
5 20 6 20
31 19 31 20
13 30 12 30
4 36 5 36
6 2 5 2
7 24 7 23
20 8 20 9
17 36 17 37
33 0 34 0
0 10 1 10
7 16 7 15
14 29 13 29
11 15 11 16
1 10 0 10
13 28 13 27
2 19 2 20
22 10 23 10
13 29 12 29
22 22 23 22
13 20 14 20
2 35 2 36
36 23 36 24
31 10 31 11
36 16 37 16
31 30 31 31
12 3 12 2
3 6 3 5
20 28 20 29
27 8 27 9
1 9 1 10
2 16 2 15
35 10 36 10
20 16 20 15
3 9 2 9
31 1 32 1
33 11 32 11
31 2 31 3
0 26 0 25
30 3 29 3
28 4 29 4
37 30 37 29
10 22 9 22
6 10 7 10
17 30 18 30
0 7 0 6
11 3 10 3
18 2 18 3
27 3 27 4
1 3 1 2
6 30 6 31
25 14 25 15
20 26 21 26
15 3 14 3
13 9 13 10
14 35 14 34
3 5 4 5
0 3 1 3
31 5 32 5
27 7 26 7
35 33 34 33
19 9 19 10
35 16 36 16
0 1 0 0
32 8 33 8
29 11 28 11
2 20 3 20
1 14 0 14
25 8 25 7
1 33 1 34
16 1 15 1
28 11 28 12
37 29 36 29
11 16 11 15
7 13 8 13
33 16 33 17
36 4 36 5
17 17 16 17
30 19 29 19
37 12 37 13
7 26 6 26
19 37 20 37
21 27 20 27
16 26 15 26
3 14 3 13
10 11 9 11
9 31 10 31
13 3 13 2
25 7 25 8
36 37 37 37
24 37 24 36
20 37 19 37
32 13 31 13
23 32 23 31
4 5 4 4
31 3 31 4
24 5 24 4
11 11 12 11
26 3 26 4
20 0 20 1
28 1 28 0
32 23 32 22
8 35 7 35
29 26 29 25
1 28 0 28
35 26 35 25
9 12 10 12
10 2 9 2
23 7 23 8
5 1 6 1
17 11 18 11
37 26 37 25
15 31 14 31
17 16 17 17
14 11 14 10
37 9 37 8
162
23 5 23 8
15 20 15 21
28 14 28 15
9 17 9 22
28 18 28 20
36 6 37 6
32 16 36 16
4 17 5 17
28 20 30 20
28 18 33 18
29 16 32 16
20 1 25 1
23 5 25 5
13 17 16 17
32 15 32 16
19 16 19 17
28 31 28 33
5 19 7 19
32 22 32 26
32 10 32 11
33 8 35 8
1 6 2 6
29 21 29 22
22 25 23 25
26 24 27 24
8 34 8 36
35 8 35 14
24 12 24 14
36 18 36 21
34 33 34 37
5 17 5 19
3 10 4 10
3 23 7 23
30 22 32 22
18 3 19 3
8 36 9 36
32 11 32 14
18 13 18 14
7 21 7 23
9 11 9 14
37 22 37 24
1 2 1 3
1 25 2 25
4 10 4 12
0 28 0 33
5 6 5 13
26 4 27 4
18 13 23 13
26 4 26 5
27 24 27 26
7 15 7 19
8 30 8 31
23 26 27 26
28 12 28 14
27 12 28 12
15 18 15 20
21 14 21 23
23 22 29 22
0 28 3 28
1 8 4 8
30 20 31 20
9 33 13 33
13 4 14 4
5 30 8 30
29 10 32 10
23 22 23 24
23 25 23 26
32 26 32 27
7 34 8 34
19 32 22 32
32 26 36 26
23 10 23 13
9 8 9 11
4 12 4 17
9 7 9 8
36 26 36 29
18 14 21 14
5 13 5 17
8 4 12 4
29 22 30 22
3 20 3 23
7 23 10 23
10 23 10 25
13 4 13 5
14 4 14 10
8 2 8 4
9 25 9 32
13 27 17 27
24 10 24 12
23 10 24 10
19 3 20 3
27 29 27 31
11 35 17 35
9 7 11 7
28 26 32 26
9 14 9 17
18 22 19 22
3 27 7 27
29 3 36 3
14 10 17 10
32 14 35 14
9 17 13 17
35 8 37 8
19 17 19 22
17 10 19 10
9 25 10 25
14 32 14 34
9 8 11 8
1 34 1 36
19 22 20 22
31 20 31 21
22 32 24 32
25 1 32 1
3 27 3 28
5 2 5 6
13 14 13 15
8 34 11 34
23 13 23 19
11 15 13 15
19 3 19 10
14 14 18 14
29 5 29 10
25 1 25 2
11 34 11 35
12 4 12 11
36 16 36 17
28 26 28 31
13 15 14 15
5 2 8 2
28 15 28 18
7 11 9 11
14 10 14 14
1 2 5 2
28 33 34 33
1 6 1 8
15 8 16 8
14 32 17 32
9 32 9 33
13 15 13 17
7 19 7 21
29 4 29 5
36 1 36 3
28 15 32 15
25 2 25 5
16 17 17 17
23 19 23 22
24 10 29 10
7 23 7 27
11 34 14 34
14 14 14 15
18 23 21 23
1 34 7 34
27 26 27 29
14 23 18 23
25 5 26 5
1 36 2 36
29 3 29 4
22 25 22 32
13 27 13 33
18 1 20 1
8 31 8 34
19 37 21 37
