345
20 20 21 20
17 25 16 25
30 23 30 22
11 24 10 24
16 10 16 11
34 12 34 13
19 4 20 4
13 6 14 6
30 2 30 3
0 4 0 3
21 17 21 16
10 26 11 26
21 9 20 9
17 9 17 10
23 7 24 7
6 16 6 15
4 34 3 34
25 19 25 18
22 3 22 4
3 2 3 3
29 17 29 16
16 22 16 23
10 22 9 22
15 24 14 24
16 3 15 3
33 15 33 14
17 26 18 26
11 20 11 19
22 26 22 27
16 33 16 34
15 25 14 25
31 12 31 13
21 33 21 34
33 34 32 34
18 30 18 29
28 26 29 26
34 8 34 9
8 4 8 5
24 11 24 10
6 18 5 18
13 17 14 17
24 21 24 22
22 27 23 27
23 4 23 5
21 8 20 8
7 8 7 7
31 13 32 13
21 22 22 22
24 6 23 6
23 11 24 11
19 34 19 33
28 33 28 34
9 9 8 9
31 31 30 31
25 9 24 9
13 19 13 20
24 7 24 6
13 4 13 3
24 15 24 16
8 11 8 12
8 20 8 21
14 22 15 22
28 15 29 15
4 9 5 9
30 8 29 8
26 1 26 0
14 19 14 18
10 11 10 10
23 9 23 10
18 14 18 13
29 16 29 17
28 13 28 14
24 4 23 4
4 8 3 8
11 22 11 23
28 8 28 9
17 21 17 22
6 33 6 32
13 25 12 25
16 28 15 28
11 16 11 15
1 1 1 2
6 19 7 19
33 21 33 22
4 13 4 12
10 25 11 25
32 28 31 28
7 15 7 16
2 20 1 20
22 33 22 32
29 8 28 8
28 17 28 16
1 29 1 28
32 26 33 26
28 12 28 11
16 20 15 20
33 22 33 21
24 29 24 28
14 23 13 23
33 6 33 7
3 14 3 13
4 21 5 21
8 15 7 15
22 32 21 32
9 0 9 1
18 13 19 13
30 19 29 19
25 3 25 4
13 30 13 31
26 11 26 12
13 15 13 14
12 28 13 28
13 28 13 27
24 1 25 1
19 23 19 24
3 34 3 33
26 33 26 32
3 3 4 3
15 6 15 5
27 12 27 13
3 27 3 28
1 9 1 10
15 1 15 2
33 8 32 8
11 26 12 26
13 23 13 22
29 18 28 18
32 8 33 8
18 17 18 16
34 22 34 21
4 28 5 28
15 32 15 31
25 26 24 26
34 9 33 9
18 10 18 9
32 29 31 29
31 21 32 21
2 19 1 19
23 2 24 2
17 32 16 32
13 13 14 13
29 19 28 19
30 32 29 32
26 8 25 8
9 8 9 9
26 24 26 25
5 26 5 27
22 20 22 21
32 33 32 32
7 34 7 33
19 8 19 9
23 32 22 32
32 19 33 19
9 7 10 7
10 21 10 22
19 22 19 21
34 32 34 31
34 10 34 9
25 21 24 21
4 3 4 4
5 19 6 19
19 15 19 14
32 4 31 4
32 7 31 7
27 3 27 2
17 0 17 1
10 10 10 9
9 12 9 11
25 25 25 26
13 5 14 5
17 23 18 23
11 28 10 28
31 5 32 5
29 9 30 9
7 18 8 18
0 1 0 2
16 34 16 33
1 6 1 5
10 22 11 22
1 18 2 18
14 34 15 34
32 3 33 3
12 13 13 13
18 20 19 20
23 28 22 28
16 33 17 33
30 16 30 15
10 15 10 14
26 12 25 12
9 6 8 6
24 11 25 11
16 12 15 12
4 19 4 18
3 28 2 28
5 28 6 28
8 18 9 18
20 30 21 30
12 1 12 0
4 14 5 14
21 13 22 13
9 11 9 12
25 15 25 14
27 5 27 6
31 15 31 16
0 22 1 22
34 6 33 6
20 33 20 34
27 20 26 20
1 7 1 6
33 7 34 7
4 12 5 12
20 0 19 0
7 2 7 3
0 25 1 25
8 29 8 30
21 20 22 20
17 4 16 4
7 1 8 1
22 20 21 20
21 2 22 2
18 3 18 4
23 5 22 5
30 26 31 26
6 34 7 34
6 11 7 11
13 18 12 18
29 1 29 0
15 4 14 4
17 3 16 3
29 22 29 21
2 8 2 7
20 13 20 12
2 34 3 34
20 8 21 8
30 31 31 31
22 28 23 28
5 12 6 12
28 18 29 18
28 22 29 22
6 21 6 22
0 33 1 33
24 26 23 26
19 25 20 25
20 29 20 28
33 9 33 10
8 7 8 8
10 12 10 11
32 15 31 15
2 24 1 24
7 3 7 2
3 17 3 18
11 9 11 8
9 28 9 29
30 10 31 10
21 8 21 7
8 8 7 8
1 22 1 21
26 0 25 0
33 21 33 20
20 9 20 8
15 0 15 1
2 28 2 27
34 27 34 26
8 25 7 25
8 3 8 4
2 23 3 23
30 24 30 25
14 13 14 14
2 14 2 13
33 14 34 14
0 3 0 4
30 27 30 28
30 9 30 10
19 7 18 7
28 34 28 33
19 3 19 4
32 5 32 6
16 19 17 19
11 15 12 15
25 11 26 11
2 9 2 8
0 18 1 18
15 23 15 24
26 23 27 23
0 30 0 31
9 18 9 19
28 19 28 18
13 24 13 23
7 13 8 13
8 27 9 27
18 16 18 17
27 10 26 10
1 6 1 7
32 11 31 11
0 23 0 24
20 12 19 12
12 24 13 24
24 17 25 17
24 18 24 19
1 25 0 25
27 15 28 15
10 0 10 1
1 28 2 28
32 21 32 22
18 21 18 20
16 7 17 7
1 33 1 34
14 14 14 13
1 34 2 34
1 5 0 5
25 4 24 4
26 11 25 11
19 20 19 19
9 19 9 20
31 20 30 20
13 22 13 21
13 12 14 12
5 6 5 5
8 2 9 2
2 25 2 26
15 14 15 15
5 8 4 8
6 13 6 14
26 32 27 32
17 7 17 8
22 24 23 24
31 15 31 14
7 25 7 26
34 26 34 25
1 30 1 29
22 31 21 31
28 16 27 16
32 2 33 2
33 28 33 27
21 11 21 10
9 5 10 5
31 6 30 6
34 18 33 18
8 9 7 9
19 21 20 21
32 30 33 30
21 10 21 11
34 14 33 14
2 7 3 7
19 18 18 18
155
23 6 23 10
30 28 30 33
22 1 22 2
28 14 28 15
24 21 29 21
20 28 23 28
13 27 17 27
26 18 28 18
18 18 20 18
23 28 23 33
8 33 8 34
28 15 28 18
15 12 15 15
4 18 5 18
7 8 7 9
25 12 25 14
33 13 34 13
34 9 34 13
2 28 6 28
22 6 22 7
3 22 3 23
10 33 10 34
26 10 28 10
6 30 6 31
6 5 8 5
13 34 15 34
24 25 24 28
20 6 22 6
29 22 30 22
7 31 8 31
7 11 7 15
23 3 23 4
5 0 12 0
15 15 16 15
7 9 7 11
0 24 0 25
23 28 24 28
3 33 3 34
28 9 34 9
30 10 31 10
4 23 4 24
6 12 6 14
15 12 19 12
7 31 7 33
20 10 23 10
34 13 34 21
24 4 24 5
6 19 6 22
2 31 2 34
30 25 30 28
2 31 6 31
16 25 20 25
2 29 5 29
24 19 27 19
15 33 15 34
22 6 23 6
23 4 23 6
28 9 28 10
24 9 28 9
20 10 20 15
28 8 33 8
6 5 6 6
6 8 6 9
15 5 15 12
31 7 34 7
30 25 33 25
2 4 4 4
2 22 3 22
9 17 9 20
24 25 26 25
18 15 20 15
1 12 6 12
30 33 33 33
17 31 17 33
0 11 7 11
16 15 16 16
2 27 2 28
15 3 15 5
19 4 20 4
4 4 4 6
21 27 23 27
1 8 2 8
19 19 22 19
2 28 2 29
0 16 0 24
28 8 28 9
30 28 31 28
18 20 21 20
24 6 24 9
21 7 22 7
13 24 13 27
3 33 7 33
29 21 29 22
24 2 24 4
5 0 5 4
25 5 34 5
4 18 4 23
29 21 34 21
6 22 6 28
12 0 12 15
1 24 4 24
9 20 10 20
28 14 31 14
25 14 28 14
15 34 20 34
20 23 20 25
31 11 31 14
23 33 28 33
2 0 2 1
22 19 23 19
17 27 20 27
20 27 20 28
20 4 20 6
24 28 30 28
18 32 19 32
0 24 1 24
16 16 16 23
0 2 0 4
4 6 4 8
14 5 15 5
20 25 24 25
32 27 33 27
6 15 6 19
4 4 5 4
29 22 29 26
12 0 19 0
33 10 33 13
20 17 20 18
23 26 23 27
7 11 10 11
2 1 2 4
22 2 24 2
25 1 25 5
17 33 19 33
8 1 8 4
6 15 7 15
6 6 6 8
34 5 34 7
8 4 8 5
22 1 23 1
18 18 18 20
6 31 6 32
19 33 23 33
19 0 19 4
34 25 34 31
25 1 30 1
3 23 4 23
33 25 34 25
24 19 24 21
7 15 12 15
10 7 10 9
7 15 7 16
7 16 9 16
24 5 24 6
31 10 31 11
