127
14 4 13 4
1 22 1 23
4 9 3 9
21 1 21 0
18 23 17 23
15 14 16 14
17 12 17 11
22 14 22 13
14 12 14 11
18 2 18 3
12 5 12 4
11 12 12 12
12 2 12 1
5 0 4 0
15 9 16 9
18 9 18 10
1 11 1 12
10 6 10 5
0 11 0 12
10 9 10 8
2 7 2 8
15 15 14 15
12 17 13 17
1 17 1 16
2 1 2 0
5 13 5 14
12 21 13 21
22 22 22 21
6 11 5 11
3 12 3 11
22 7 21 7
13 18 14 18
9 18 8 18
8 1 8 2
12 19 13 19
6 22 6 23
10 20 10 19
14 5 13 5
22 5 22 4
19 20 19 19
12 6 12 5
9 21 10 21
0 15 0 16
3 8 3 7
16 22 16 21
18 12 17 12
14 13 14 12
21 11 22 11
13 12 13 13
7 11 7 12
9 16 10 16
23 14 22 14
4 8 3 8
11 10 11 11
20 15 20 14
14 2 14 3
10 1 10 0
1 4 1 5
2 0 1 0
5 14 4 14
8 12 8 13
12 3 12 2
5 6 4 6
17 5 17 6
7 17 8 17
4 21 4 20
16 16 16 15
13 13 13 14
7 3 7 2
1 10 2 10
0 8 0 7
3 7 2 7
18 10 19 10
8 2 9 2
21 15 20 15
6 0 7 0
11 15 11 14
22 19 21 19
7 2 7 1
16 10 17 10
3 1 2 1
21 8 20 8
1 5 1 6
10 5 11 5
5 2 6 2
4 20 4 19
21 4 20 4
10 23 9 23
1 3 2 3
13 11 13 10
1 6 0 6
12 10 12 9
19 19 20 19
13 16 12 16
14 0 15 0
1 8 1 9
1 2 1 3
8 23 8 22
4 6 3 6
9 22 10 22
23 17 23 16
6 2 6 1
21 12 21 11
23 12 22 12
22 1 23 1
2 7 3 7
10 21 9 21
14 11 13 11
21 5 21 4
13 15 13 16
7 4 7 5
7 23 7 22
9 11 9 10
12 12 12 13
18 13 17 13
0 4 1 4
12 2 13 2
3 6 2 6
20 15 19 15
16 4 17 4
12 9 11 9
21 13 21 12
11 5 11 4
5 1 5 2
10 14 10 15
20 2 20 3
12 16 12 17
173
11 0 12 0
12 13 15 13
2 1 6 1
5 2 5 4
15 22 17 22
15 13 17 13
16 9 19 9
19 22 19 23
22 4 23 4
15 19 15 21
9 17 9 19
17 0 21 0
16 9 16 11
6 9 11 9
6 5 6 6
6 23 9 23
2 5 2 6
0 22 2 22
8 7 8 8
11 7 14 7
0 23 1 23
12 18 12 23
20 8 20 9
0 22 0 23
17 13 17 18
0 6 0 7
23 5 23 6
21 7 23 7
6 12 7 12
1 12 1 13
18 3 18 4
12 17 12 18
6 6 6 7
19 18 19 21
12 0 13 0
6 7 8 7
1 4 5 4
8 19 9 19
20 5 23 5
17 18 19 18
17 11 17 12
5 7 6 7
15 13 15 16
14 23 15 23
6 5 7 5
7 15 7 19
8 10 8 11
14 19 15 19
11 2 11 4
10 12 14 12
10 16 13 16
15 23 16 23
3 8 3 9
15 16 15 19
13 21 14 21
6 19 6 20
17 12 17 13
18 1 18 3
12 23 13 23
0 16 0 22
6 9 6 10
11 23 12 23
20 19 21 19
18 8 20 8
19 14 19 15
14 21 15 21
5 21 5 23
1 13 3 13
15 0 16 0
20 3 21 3
23 11 23 13
0 3 1 3
6 17 6 19
13 3 13 4
13 17 13 19
14 21 14 23
4 14 4 15
1 7 1 9
10 16 10 17
19 10 20 10
21 12 21 14
23 0 23 1
9 15 9 17
10 19 10 22
14 7 15 7
21 16 21 19
1 23 3 23
7 5 12 5
22 11 22 12
4 12 5 12
21 6 21 7
15 0 15 7
8 8 9 8
20 6 20 8
17 1 18 1
9 23 11 23
19 21 19 22
18 3 20 3
13 2 13 3
20 9 20 10
17 4 17 6
5 23 6 23
3 14 4 14
20 14 21 14
20 5 20 6
2 11 3 11
3 11 4 11
3 13 3 14
0 9 1 9
18 11 19 11
23 10 23 11
16 11 17 11
9 14 9 15
4 15 7 15
7 1 7 5
5 11 5 12
1 1 2 1
6 1 7 1
5 11 8 11
21 14 21 16
13 20 13 21
8 11 8 13
14 3 14 7
19 11 19 12
19 10 19 11
6 13 6 14
19 12 21 12
13 10 14 10
1 9 1 12
21 7 21 9
3 9 3 11
0 3 0 6
2 9 3 9
23 13 23 16
1 1 1 3
6 6 9 6
6 13 8 13
15 21 16 21
13 19 13 20
3 8 8 8
5 9 5 11
21 0 23 0
10 17 10 19
9 21 9 23
23 3 23 4
23 1 23 3
18 7 18 8
3 13 6 13
13 3 14 3
18 4 18 7
17 21 17 22
10 15 10 16
1 4 1 7
14 7 14 10
7 19 8 19
13 16 13 17
9 19 9 21
19 15 19 18
1 16 1 21
0 12 1 12
14 10 14 12
21 16 23 16
15 7 18 7
5 4 5 5
2 6 6 6
11 17 12 17
1 13 1 16
9 2 11 2
5 9 6 9
11 7 11 9
7 1 12 1
11 2 13 2
12 0 12 1
