343
1 14 1 15
18 30 18 31
3 27 3 28
5 6 5 7
6 8 5 8
5 2 4 2
9 12 10 12
6 6 5 6
19 15 19 16
10 24 9 24
13 24 14 24
26 29 26 28
6 10 5 10
7 8 7 7
24 8 23 8
13 20 13 21
2 5 3 5
11 23 11 22
0 14 1 14
23 25 24 25
16 12 15 12
22 10 23 10
21 22 21 23
26 22 27 22
3 10 4 10
26 12 26 11
7 4 8 4
7 29 7 30
19 29 20 29
31 9 31 8
14 27 14 26
29 11 29 12
24 19 25 19
5 22 6 22
8 14 8 15
24 2 24 3
1 1 1 2
0 7 1 7
21 17 22 17
10 9 9 9
25 8 25 9
4 20 4 21
13 16 12 16
27 22 28 22
21 4 21 5
0 17 1 17
26 27 25 27
10 16 10 15
24 18 24 19
12 12 11 12
22 14 22 13
8 8 7 8
11 12 12 12
17 14 17 15
27 11 28 11
28 27 27 27
24 27 24 28
29 5 29 6
9 0 8 0
8 31 7 31
20 24 20 23
20 8 20 9
13 6 14 6
16 21 15 21
1 22 2 22
16 4 16 3
10 23 11 23
25 22 25 21
4 10 4 9
7 2 8 2
3 25 2 25
8 17 8 16
23 27 23 26
8 27 7 27
17 9 17 10
1 10 0 10
4 17 4 16
1 11 1 10
22 9 22 8
29 10 30 10
10 17 10 16
17 13 16 13
20 4 19 4
13 13 13 14
0 3 1 3
26 14 26 13
1 5 1 6
5 3 5 4
20 29 20 30
29 12 29 11
19 11 19 12
25 11 25 12
24 24 23 24
6 2 7 2
19 19 19 18
30 20 30 19
23 19 23 18
31 17 31 18
20 22 21 22
2 21 2 20
15 12 16 12
28 22 27 22
9 30 9 31
27 5 26 5
28 17 28 16
23 5 23 4
21 25 21 26
28 28 27 28
20 3 20 4
23 8 24 8
14 30 15 30
21 16 21 17
20 17 20 18
24 7 25 7
27 10 27 9
17 20 16 20
26 25 26 26
30 5 29 5
2 15 2 16
14 26 14 27
15 25 15 24
13 7 14 7
1 18 2 18
24 16 23 16
10 15 11 15
4 0 4 1
10 2 10 3
30 21 30 20
20 5 19 5
5 30 4 30
11 23 10 23
11 14 12 14
13 4 14 4
25 17 26 17
6 4 7 4
2 30 1 30
3 0 4 0
13 26 12 26
3 11 3 12
17 24 17 25
3 13 2 13
24 25 24 26
11 13 11 12
5 7 6 7
16 26 17 26
3 1 3 0
7 12 8 12
9 4 10 4
28 20 28 21
16 14 16 15
15 27 15 26
3 17 2 17
21 20 22 20
12 26 11 26
18 9 17 9
15 15 15 14
2 20 2 21
2 11 3 11
10 29 9 29
29 26 29 25
30 30 30 31
2 14 2 15
6 20 7 20
5 21 5 22
20 14 21 14
17 30 16 30
25 28 25 29
24 15 24 14
16 15 15 15
10 19 10 20
6 9 7 9
16 30 17 30
0 28 0 27
1 4 1 5
18 2 19 2
18 23 19 23
12 9 12 8
16 8 16 9
8 18 7 18
30 14 30 15
8 12 9 12
18 19 17 19
7 20 7 21
24 5 25 5
9 29 9 28
23 29 23 28
8 26 9 26
19 12 18 12
15 2 15 3
4 18 4 17
15 14 16 14
24 17 24 18
4 13 3 13
7 30 6 30
8 25 8 24
22 17 22 18
7 24 6 24
20 13 21 13
26 5 26 4
5 19 5 18
9 19 9 20
4 19 4 18
21 3 22 3
25 20 24 20
24 9 24 10
25 5 24 5
25 24 26 24
19 22 19 21
25 23 25 22
9 2 9 1
22 19 21 19
14 24 13 24
25 22 26 22
14 14 15 14
15 30 15 31
13 15 14 15
31 27 31 28
14 29 13 29
8 16 9 16
6 24 6 25
31 22 31 21
13 14 13 13
11 10 11 9
18 22 18 23
9 14 10 14
22 28 22 27
26 7 27 7
30 11 31 11
23 12 22 12
4 30 4 29
4 17 3 17
6 25 6 24
11 9 11 8
4 11 5 11
3 5 3 6
15 15 15 16
18 1 17 1
29 30 28 30
19 0 18 0
27 16 27 17
28 21 28 20
7 23 7 22
6 19 6 20
19 23 19 24
30 3 30 4
5 17 6 17
20 4 21 4
23 26 23 27
29 1 28 1
21 27 20 27
4 18 4 19
17 1 17 0
20 2 20 3
15 0 15 1
28 16 27 16
5 27 5 26
21 10 22 10
4 23 3 23
22 29 22 28
5 13 5 14
12 14 13 14
6 26 6 25
26 31 26 30
19 16 19 15
13 21 13 20
12 25 12 26
12 28 13 28
9 9 9 8
3 15 4 15
15 21 15 22
28 18 27 18
8 4 9 4
28 25 27 25
10 18 10 17
16 5 16 6
21 2 21 3
13 17 12 17
21 28 21 27
11 7 10 7
2 9 2 10
20 25 21 25
27 7 26 7
26 13 25 13
7 18 7 19
5 28 4 28
2 15 3 15
7 22 7 23
25 29 25 28
5 20 5 19
1 24 0 24
3 18 4 18
25 2 24 2
4 31 4 30
5 16 6 16
15 3 14 3
3 20 3 21
9 31 9 30
13 18 13 19
13 28 13 27
17 29 16 29
23 21 24 21
21 13 20 13
19 15 19 16
9 4 8 4
1 8 0 8
13 19 12 19
11 28 11 29
18 14 19 14
3 4 4 4
16 6 17 6
28 11 28 12
16 29 17 29
7 8 6 8
14 25 14 26
25 12 24 12
18 20 18 19
1 25 1 24
14 28 14 29
9 26 9 27
9 12 9 11
3 23 2 23
30 15 31 15
10 14 10 15
21 9 21 10
10 1 10 2
7 15 7 16
10 13 9 13
21 10 21 11
27 24 27 23
23 15 22 15
27 6 27 5
0 15 0 16
28 9 28 10
23 2 23 1
17 2 17 3
1 20 2 20
5 10 6 10
22 20 21 20
27 3 27 2
22 3 22 2
25 16 25 15
23 22 23 21
21 19 21 18
157
31 14 31 15
0 29 0 30
25 9 27 9
3 13 3 14
8 24 8 30
27 23 29 23
1 24 2 24
24 13 25 13
8 2 8 3
9 18 12 18
22 5 24 5
24 29 27 29
22 27 23 27
26 11 26 15
14 26 15 26
9 13 9 16
27 4 30 4
4 16 6 16
2 24 3 24
11 0 11 1
17 19 18 19
27 25 29 25
0 22 2 22
19 21 20 21
20 21 20 23
9 16 9 18
10 20 10 23
6 20 6 22
3 13 9 13
21 27 22 27
4 18 5 18
22 2 24 2
6 24 6 25
29 6 29 7
27 9 27 12
16 9 16 12
27 27 30 27
25 15 26 15
22 4 22 5
21 25 25 25
15 29 17 29
24 21 25 21
8 20 9 20
16 1 19 1
20 19 24 19
25 9 25 13
10 26 11 26
25 21 26 21
2 20 6 20
13 12 13 13
19 25 21 25
14 15 17 15
11 1 11 2
9 18 9 20
8 20 8 24
17 29 24 29
19 16 20 16
22 15 25 15
27 15 31 15
12 18 14 18
2 18 4 18
2 10 6 10
15 10 15 13
26 15 27 15
8 15 8 20
20 16 20 18
23 30 24 30
13 13 13 14
12 26 12 31
0 20 2 20
20 16 22 16
24 5 24 8
0 16 0 20
24 29 24 30
4 16 4 18
12 3 12 4
10 25 13 25
6 20 8 20
4 30 6 30
2 23 2 24
14 1 14 3
22 15 22 16
15 24 15 26
30 26 30 27
2 18 2 20
6 3 8 3
20 9 25 9
26 17 27 17
26 21 31 21
22 13 22 15
27 4 27 5
27 12 27 14
27 18 29 18
29 7 29 8
2 22 5 22
3 24 3 26
22 21 23 21
12 26 14 26
17 15 17 16
20 13 22 13
6 1 6 3
24 2 27 2
25 25 27 25
19 1 19 2
7 6 8 6
27 5 27 9
10 25 10 26
8 5 9 5
17 16 17 19
18 23 20 23
15 24 19 24
8 2 10 2
0 11 0 16
31 11 31 12
3 0 3 2
9 11 9 13
14 13 14 15
2 10 2 13
27 17 27 18
1 21 2 21
20 18 20 19
8 6 8 9
9 5 9 8
14 13 15 13
21 4 22 4
22 10 22 12
8 30 9 30
5 6 7 6
24 20 24 21
6 25 6 30
24 19 24 20
18 19 20 19
19 24 19 25
21 17 26 17
21 23 21 25
9 13 13 13
15 26 17 26
15 26 15 29
4 4 5 4
25 21 25 25
8 4 8 5
23 21 24 21
22 2 22 4
10 23 10 25
8 3 8 4
2 13 2 16
20 11 20 13
2 21 2 22
5 4 5 6
0 24 1 24
19 2 22 2
9 20 10 20
9 8 9 11
1 10 2 10
20 11 21 11
16 12 16 13
5 11 9 11
