225
30 7 31 7
2 39 2 40
41 8 41 7
19 9 19 8
38 34 39 34
9 18 9 19
5 0 4 0
27 25 28 25
12 1 12 0
25 11 26 11
18 33 18 34
11 16 10 16
22 8 23 8
27 36 26 36
12 37 13 37
7 29 7 28
5 12 5 13
19 41 19 40
24 38 24 37
34 6 34 7
2 38 3 38
12 21 11 21
8 40 8 41
32 33 31 33
29 9 28 9
9 10 10 10
3 6 2 6
21 36 20 36
21 16 21 15
11 25 12 25
12 4 11 4
6 20 6 21
33 4 34 4
9 4 9 3
7 38 6 38
23 0 23 1
34 21 33 21
16 26 16 25
33 12 32 12
23 41 22 41
26 31 26 30
1 24 0 24
22 30 23 30
4 27 4 26
27 31 27 30
5 30 6 30
9 30 9 29
9 8 10 8
23 16 23 17
35 12 36 12
14 29 15 29
23 26 23 27
3 18 4 18
19 11 19 10
29 5 30 5
5 5 4 5
2 33 2 32
19 10 20 10
25 15 25 14
18 25 18 26
28 38 28 37
7 20 7 19
32 39 33 39
5 35 6 35
1 3 1 4
14 0 13 0
30 18 29 18
38 9 37 9
10 31 10 32
19 0 18 0
23 17 22 17
19 3 18 3
17 7 17 8
26 33 27 33
12 31 11 31
38 2 38 1
20 20 19 20
28 6 29 6
29 35 28 35
15 2 15 1
15 29 15 30
0 11 1 11
24 37 24 38
38 41 37 41
30 40 30 39
36 4 37 4
23 30 23 31
22 12 22 11
40 12 40 11
0 24 0 25
9 37 8 37
38 11 37 11
14 25 15 25
31 21 30 21
19 16 20 16
27 11 27 12
14 10 15 10
19 6 19 5
21 12 21 13
9 34 9 33
18 3 19 3
29 14 30 14
16 1 16 2
30 30 30 31
34 29 33 29
7 1 6 1
21 31 22 31
34 38 33 38
24 18 23 18
15 34 15 35
14 21 14 20
5 28 4 28
21 8 21 7
39 5 39 4
34 30 34 29
6 28 6 29
34 27 35 27
12 32 11 32
23 36 24 36
37 28 38 28
41 36 41 35
13 19 13 20
26 13 25 13
33 5 34 5
33 6 33 7
19 40 20 40
39 4 39 3
13 0 13 1
20 14 20 15
4 14 5 14
37 20 38 20
4 39 4 38
28 2 28 3
21 10 22 10
40 38 40 37
16 41 15 41
38 33 37 33
31 6 32 6
21 5 22 5
17 5 16 5
32 23 31 23
4 10 4 9
6 33 5 33
2 31 2 30
14 13 15 13
3 41 4 41
37 33 37 34
30 6 31 6
30 37 31 37
33 24 33 23
30 1 31 1
35 1 35 2
37 4 38 4
24 28 23 28
11 35 11 34
14 30 14 29
11 0 10 0
12 5 12 6
28 22 29 22
25 40 26 40
25 30 25 29
24 39 25 39
31 11 32 11
36 22 37 22
38 20 37 20
35 11 36 11
25 26 25 25
20 27 20 26
18 35 17 35
3 24 4 24
41 15 41 16
23 7 22 7
29 29 29 28
2 24 2 23
32 14 31 14
6 8 7 8
11 27 10 27
39 0 39 1
34 9 35 9
19 8 20 8
25 9 25 8
41 13 40 13
40 32 41 32
26 8 26 7
3 38 3 39
41 35 41 34
2 23 3 23
9 24 8 24
24 11 25 11
15 33 15 34
28 15 29 15
13 5 13 6
40 37 41 37
6 21 7 21
15 35 16 35
13 29 13 30
28 14 28 15
10 32 10 33
28 5 29 5
34 14 35 14
10 10 10 9
31 28 32 28
26 40 26 41
9 15 9 16
10 3 11 3
17 11 17 10
19 20 19 19
15 10 15 11
27 22 27 21
35 17 36 17
13 36 14 36
35 27 35 26
25 19 26 19
6 9 6 10
13 18 13 19
17 35 18 35
34 35 33 35
28 39 28 40
9 9 9 8
8 13 8 14
37 5 38 5
32 30 31 30
22 36 21 36
20 26 19 26
14 36 13 36
175
12 6 13 6
33 10 33 14
28 9 28 11
26 7 31 7
8 24 8 28
5 14 8 14
25 39 26 39
6 38 15 38
35 2 35 5
26 36 26 39
22 6 22 7
28 15 29 15
38 39 39 39
1 26 4 26
21 13 25 13
7 6 12 6
23 32 26 32
14 7 19 7
21 13 21 15
13 1 13 6
13 36 13 37
4 0 4 5
33 7 33 10
4 28 7 28
31 7 33 7
26 11 28 11
23 28 29 28
39 34 39 35
13 1 15 1
26 7 26 11
11 9 11 21
31 30 31 33
33 37 33 38
7 28 8 28
35 5 36 5
0 7 1 7
34 22 34 29
15 19 15 25
21 7 22 7
15 38 19 38
35 7 41 7
35 14 35 16
3 7 3 13
7 27 7 28
22 7 26 7
31 33 31 37
35 31 37 31
11 9 16 9
10 9 11 9
28 1 31 1
26 30 26 32
33 3 33 7
18 34 18 35
35 28 35 29
19 7 19 13
10 35 16 35
3 7 4 7
13 19 15 19
40 11 40 13
6 30 6 32
35 9 35 14
4 25 4 26
12 20 13 20
13 36 20 36
38 1 38 4
16 3 16 5
40 13 40 16
33 35 39 35
5 2 5 3
1 38 4 38
25 11 25 13
34 5 35 5
33 29 33 33
23 28 23 31
16 9 16 11
33 29 34 29
16 2 16 3
4 0 7 0
29 18 35 18
32 12 32 16
15 19 19 19
4 40 16 40
4 7 14 7
31 7 31 14
28 37 28 40
6 1 6 3
29 18 29 22
20 5 20 6
14 23 14 29
29 22 29 28
23 31 23 32
41 3 41 7
39 3 41 3
1 11 1 26
6 35 6 38
31 26 31 29
17 6 20 6
33 37 41 37
31 14 31 15
22 11 25 11
35 28 38 28
24 38 24 40
24 40 28 40
32 16 32 17
31 29 31 30
4 38 6 38
13 22 13 30
38 28 38 29
20 21 21 21
35 16 35 18
28 37 31 37
14 20 14 23
12 17 12 20
31 23 31 26
6 1 8 1
26 11 26 14
31 1 38 1
1 4 1 5
11 21 11 28
10 33 10 35
7 21 7 27
28 35 28 37
20 15 21 15
31 15 31 16
35 5 35 7
16 25 16 35
4 5 4 7
33 35 33 37
33 7 34 7
6 35 10 35
29 15 29 18
13 30 13 31
21 15 28 15
33 33 33 35
11 28 11 31
16 2 35 2
38 4 38 5
3 13 3 23
15 13 19 13
4 40 4 41
31 23 33 23
23 1 28 1
4 9 10 9
39 39 40 39
20 6 22 6
15 11 15 13
14 29 14 33
15 1 23 1
34 29 35 29
19 13 21 13
15 25 16 25
16 35 18 35
23 40 24 40
26 32 26 36
8 15 8 24
1 5 4 5
35 9 37 9
32 37 33 37
39 31 39 34
5 21 7 21
15 13 15 19
8 1 13 1
35 7 35 9
13 6 17 6
32 16 35 16
11 31 13 31
20 21 20 36
4 28 4 38
5 3 6 3
13 20 14 20
1 7 1 11
16 5 19 5
37 8 37 9
13 20 13 22
17 24 17 26
