360
13 8 14 8
6 12 6 13
9 11 9 12
6 8 6 7
10 15 10 16
21 8 21 9
14 4 14 5
11 18 10 18
12 10 12 11
23 6 23 7
11 14 10 14
15 13 15 12
11 6 12 6
22 6 23 6
23 13 22 13
20 15 20 14
22 21 23 21
19 8 20 8
8 5 8 6
6 21 6 20
11 5 12 5
9 9 9 10
9 16 9 15
17 18 17 19
4 8 3 8
3 10 3 9
8 18 8 19
7 17 7 18
2 2 1 2
19 9 19 8
7 11 6 11
20 8 21 8
4 22 4 23
20 14 21 14
5 14 4 14
7 1 6 1
6 11 7 11
4 23 4 22
7 16 8 16
12 8 13 8
22 0 21 0
22 5 22 6
5 12 6 12
20 1 21 1
21 8 20 8
0 5 0 4
19 10 19 9
23 14 23 13
6 1 6 0
7 11 6 11
16 18 17 18
8 17 8 18
17 14 16 14
17 13 16 13
6 22 6 21
10 4 11 4
10 8 11 8
18 14 17 14
21 14 21 15
8 6 8 5
12 18 11 18
21 5 22 5
11 12 12 12
14 2 14 1
16 2 17 2
7 20 7 21
2 1 2 2
13 18 12 18
18 4 18 3
9 15 9 16
6 17 7 17
22 2 21 2
15 18 16 18
2 20 3 20
0 6 1 6
13 12 13 11
21 20 21 21
9 12 9 11
8 9 9 9
11 15 10 15
11 10 12 10
21 15 21 14
10 12 9 12
21 0 22 0
15 2 14 2
10 5 11 5
7 9 8 9
15 7 15 6
6 9 6 8
8 15 9 15
5 1 6 1
7 15 7 16
21 1 20 1
8 9 7 9
5 2 5 1
20 19 20 20
20 8 21 8
1 20 2 20
1 6 0 6
21 2 21 1
6 12 5 12
9 6 8 6
19 17 19 16
6 23 6 22
0 20 1 20
9 4 10 4
4 3 3 3
4 9 4 8
6 18 5 18
19 11 19 10
20 20 21 20
2 15 3 15
18 12 18 11
15 21 16 21
4 10 3 10
6 19 6 18
8 6 9 6
1 5 0 5
20 17 20 16
5 19 6 19
21 3 21 2
22 1 22 2
12 12 11 12
6 10 6 9
13 19 13 18
16 21 15 21
4 2 5 2
1 15 2 15
21 4 21 3
22 0 21 0
0 6 1 6
0 2 0 3
21 2 20 2
8 5 8 6
11 5 11 6
7 23 6 23
21 21 22 21
0 19 0 20
23 13 23 14
11 8 10 8
8 8 8 9
17 14 18 14
7 19 7 20
21 17 20 17
14 5 15 5
7 5 8 5
12 14 11 14
20 11 19 11
12 10 13 10
5 17 6 17
16 13 15 13
23 15 22 15
3 9 4 9
11 11 11 10
17 12 18 12
9 5 10 5
17 16 17 15
3 10 3 9
12 9 12 10
9 12 10 12
7 10 6 10
0 18 0 19
16 22 16 21
11 9 12 9
7 8 8 8
21 1 22 1
3 3 4 3
6 10 7 10
18 20 19 20
1 14 1 15
5 12 6 12
8 4 9 4
12 5 11 5
21 19 20 19
22 21 21 21
19 15 20 15
15 15 15 14
21 3 21 2
2 14 1 14
14 19 13 19
8 16 8 15
3 11 3 10
2 11 3 11
18 21 18 20
23 16 23 15
16 16 17 16
21 16 21 17
10 10 10 9
14 12 13 12
19 20 20 20
3 11 2 11
9 10 10 10
18 12 17 12
21 17 21 16
8 11 7 11
23 14 23 13
12 11 12 12
14 18 14 19
20 15 19 15
13 12 14 12
20 19 21 19
7 14 7 15
22 22 22 21
19 8 20 8
22 14 23 14
14 15 15 15
14 6 14 5
12 15 12 14
23 15 23 16
4 11 3 11
1 6 0 6
1 2 0 2
16 7 15 7
19 16 19 17
10 9 11 9
22 1 21 1
22 13 22 14
9 11 8 11
18 22 18 21
14 3 14 4
8 14 7 14
7 17 8 17
18 8 19 8
11 16 11 15
20 12 20 11
20 5 21 5
4 22 4 23
10 11 9 11
0 6 1 6
9 4 9 5
11 17 11 16
14 2 14 3
9 13 9 12
18 14 17 14
21 14 20 14
7 22 7 23
19 2 18 2
7 0 7 1
15 0 14 0
4 3 4 2
5 13 5 12
14 12 13 12
15 3 15 2
6 21 5 21
9 21 8 21
18 7 18 8
8 13 9 13
23 22 22 22
8 19 7 19
4 21 4 22
10 4 9 4
10 8 11 8
15 1 15 0
9 14 8 14
6 13 5 13
21 0 22 0
22 0 22 1
3 4 3 3
19 17 19 16
16 14 16 13
20 17 21 17
20 18 20 17
11 5 12 5
12 16 12 15
15 4 15 3
16 17 16 16
9 19 8 19
16 15 16 14
18 6 18 7
6 14 6 13
20 0 21 0
22 3 21 3
22 22 23 22
9 15 9 14
9 4 10 4
4 4 3 4
11 10 11 11
19 14 18 14
13 11 12 11
5 10 6 10
9 20 9 21
1 6 0 6
9 13 8 13
11 18 11 17
15 2 15 1
13 8 12 8
5 9 5 10
10 13 9 13
5 18 5 19
23 16 23 15
14 14 14 15
2 0 2 1
14 3 14 2
5 21 6 21
10 4 9 4
8 15 8 16
17 12 18 12
7 14 6 14
4 5 4 4
23 22 22 22
15 22 16 22
14 15 14 14
8 0 7 0
21 18 20 18
16 3 16 2
16 14 16 15
5 15 5 14
22 14 21 14
17 22 18 22
2 2 1 2
4 17 5 17
6 14 7 14
21 5 21 4
16 12 17 12
4 15 5 15
14 19 14 18
3 15 4 15
9 14 9 15
19 5 20 5
21 0 20 0
21 6 21 5
20 0 21 0
16 8 16 7
19 12 20 12
2 15 3 15
14 18 14 19
18 17 19 17
16 15 16 14
2 13 2 14
11 19 11 18
11 20 11 19
2 12 2 13
15 19 15 18
15 21 15 22
0 19 0 18
15 18 14 18
5 14 6 14
17 3 16 3
5 10 4 10
10 5 10 4
1 0 1 1
14 11 14 12
16 22 17 22
6 9 5 9
18 5 19 5
13 7 13 8
11 21 11 20
5 17 5 18
5 15 5 14
17 5 18 5
16 19 15 19
4 6 4 5
18 2 19 2
1 1 1 0
21 14 21 15
23 3 22 3
15 17 15 18
9 9 10 9
2 16 2 15
4 12 4 11
140
9 5 9 6
19 11 19 13
22 4 22 5
22 2 22 3
3 0 4 0
5 20 6 20
15 1 15 3
20 4 20 5
1 0 3 0
19 7 20 7
13 6 13 8
19 7 19 8
18 5 18 7
14 16 15 16
2 14 2 15
14 19 14 20
3 7 4 7
19 4 20 4
9 6 9 7
4 7 5 7
21 9 22 9
20 16 20 17
12 21 12 22
9 0 10 0
8 16 8 17
2 17 3 17
20 16 21 16
10 0 10 1
11 11 12 11
10 18 11 18
14 20 14 21
5 14 6 14
11 16 13 16
0 15 1 15
13 5 14 5
22 9 22 10
17 11 17 12
19 17 20 17
12 11 15 11
13 16 14 16
23 8 23 9
18 3 18 5
15 16 15 18
9 7 9 8
9 17 9 18
21 15 21 16
22 3 22 4
16 21 16 23
17 6 17 7
2 15 2 17
1 2 1 3
19 15 21 15
8 14 10 14
5 2 6 2
0 2 1 2
0 15 0 16
19 13 19 15
18 7 19 7
22 9 23 9
9 8 9 11
6 14 7 14
12 5 13 5
18 13 19 13
9 18 10 18
5 16 6 16
9 6 10 6
16 3 18 3
11 18 12 18
23 7 23 8
20 18 20 20
10 21 12 21
14 18 14 19
1 10 2 10
7 14 8 14
13 18 14 18
4 8 5 8
9 11 11 11
20 5 21 5
12 18 13 18
16 7 17 7
11 16 11 17
12 10 12 11
6 21 6 22
9 3 9 4
7 4 9 4
6 16 7 16
15 22 15 23
14 22 15 22
4 16 5 16
0 10 1 10
7 6 7 7
20 20 20 21
9 5 12 5
3 11 3 12
18 21 19 21
20 13 21 13
5 8 5 9
20 17 20 18
20 14 23 14
7 7 7 9
1 12 3 12
6 6 7 6
9 21 10 21
17 12 17 14
6 1 6 2
3 17 6 17
4 11 5 11
9 18 9 21
10 16 11 16
13 1 14 1
5 9 7 9
8 17 9 17
9 12 9 13
9 11 9 12
14 4 14 5
5 9 5 11
3 21 6 21
6 17 8 17
3 5 4 5
21 22 21 23
14 1 15 1
6 22 8 22
14 4 16 4
14 2 14 4
19 21 20 21
0 7 0 8
9 2 9 3
14 14 14 16
1 15 2 15
6 17 6 18
8 14 8 16
20 13 20 14
14 21 16 21
1 10 1 11
4 5 4 7
7 4 7 6
16 3 16 4
18 1 18 3
11 8 11 9
22 5 22 6
