124
2 2 2 1
27 16 26 16
6 19 6 18
1 24 0 24
12 1 12 0
12 18 12 19
13 15 13 14
1 2 2 2
1 16 0 16
18 3 17 3
23 17 23 18
14 6 14 5
9 3 9 2
13 1 12 1
13 6 13 7
5 18 4 18
11 9 11 8
9 22 8 22
17 6 18 6
20 22 21 22
8 13 9 13
12 9 13 9
19 5 20 5
17 15 17 14
25 19 24 19
19 9 19 10
9 23 8 23
24 9 24 8
5 6 6 6
14 24 14 23
27 6 27 5
26 6 26 7
6 5 7 5
11 3 10 3
6 10 7 10
26 25 25 25
9 4 8 4
6 8 7 8
10 19 11 19
4 23 3 23
12 27 11 27
10 5 9 5
12 12 11 12
3 0 3 1
20 4 21 4
6 1 7 1
18 21 18 20
14 2 13 2
4 0 5 0
15 4 16 4
15 22 15 23
23 26 23 27
17 0 16 0
20 25 20 26
14 11 15 11
26 2 26 1
23 3 23 4
12 22 12 21
2 8 2 7
5 7 5 8
18 20 17 20
16 5 17 5
21 13 22 13
7 10 7 11
10 7 11 7
11 12 10 12
4 15 3 15
7 9 6 9
26 12 26 13
4 18 4 17
21 20 20 20
15 0 15 1
27 12 26 12
24 0 24 1
13 14 12 14
4 27 3 27
14 25 15 25
27 23 26 23
7 3 8 3
21 7 21 8
10 27 10 26
26 3 27 3
27 20 27 19
8 10 9 10
17 7 16 7
18 19 17 19
13 3 12 3
26 13 25 13
10 17 10 18
1 1 1 0
5 4 5 5
17 20 16 20
5 25 5 26
5 1 6 1
5 19 5 20
4 21 4 22
13 13 14 13
10 14 10 13
11 10 12 10
21 21 22 21
14 5 15 5
7 11 6 11
9 18 9 17
10 10 11 10
16 12 16 13
12 25 11 25
17 9 16 9
5 13 4 13
12 26 13 26
13 11 14 11
14 11 14 10
17 1 17 2
16 11 16 12
6 2 7 2
26 19 26 18
12 7 12 6
3 4 4 4
6 18 5 18
9 24 9 25
6 23 5 23
24 20 25 20
3 20 3 19
17 17 17 16
22 27 22 26
176
27 22 27 27
23 2 25 2
10 13 12 13
1 14 1 17
6 20 9 20
18 6 18 7
5 16 6 16
5 5 7 5
18 7 19 7
26 7 26 9
1 22 1 26
15 14 15 18
6 11 6 16
1 21 1 22
27 5 27 13
1 21 5 21
17 16 18 16
7 2 7 5
13 7 15 7
24 19 27 19
12 0 12 1
11 15 12 15
22 17 27 17
13 23 14 23
16 0 16 4
25 0 25 2
25 12 25 13
6 16 6 17
9 13 10 13
1 17 1 19
11 27 23 27
23 19 23 20
2 24 2 25
16 12 16 13
19 13 19 14
26 26 26 27
22 15 22 16
22 16 22 17
21 25 23 25
27 3 27 4
22 19 23 19
22 13 22 14
5 17 5 18
16 16 16 20
3 9 3 11
5 20 5 21
6 17 9 17
15 18 15 23
10 3 10 8
18 22 21 22
8 27 11 27
11 21 12 21
26 5 27 5
27 1 27 2
23 8 24 8
10 12 10 13
16 22 18 22
18 2 23 2
9 20 9 25
5 11 6 11
18 13 18 14
10 13 10 15
6 20 6 22
11 10 12 10
5 18 7 18
1 26 1 27
2 0 5 0
21 9 21 12
11 7 11 8
1 0 1 6
2 25 2 26
15 7 15 11
16 20 20 20
17 14 18 14
21 22 21 23
14 13 16 13
18 12 18 13
12 0 16 0
18 16 18 17
8 3 10 3
25 25 25 27
1 7 1 9
25 5 26 5
22 22 27 22
25 2 27 2
18 2 18 6
23 4 23 7
19 17 19 18
21 15 21 16
3 1 3 9
6 9 6 11
21 16 21 18
22 21 22 22
27 4 27 5
2 3 2 4
0 21 1 21
5 0 5 5
5 22 5 23
3 9 6 9
11 21 11 25
21 12 21 15
6 11 15 11
19 14 19 16
23 27 25 27
19 18 21 18
16 13 16 16
4 17 4 20
14 14 14 18
17 10 17 11
16 16 17 16
1 9 3 9
12 13 12 14
19 10 19 13
18 17 19 17
14 18 15 18
21 8 23 8
3 27 8 27
9 8 9 10
6 7 6 9
18 0 18 1
25 13 27 13
12 1 12 3
27 13 27 17
12 6 12 10
6 6 6 7
9 0 12 0
23 19 24 19
1 27 3 27
1 0 2 0
1 17 4 17
9 17 9 20
9 25 11 25
11 26 13 26
17 10 19 10
23 2 23 4
1 7 2 7
17 14 17 16
24 23 24 25
6 7 9 7
22 9 26 9
23 7 26 7
12 14 14 14
19 7 20 7
21 9 22 9
20 24 23 24
2 26 3 26
15 11 17 11
2 24 4 24
22 9 22 13
7 13 9 13
5 18 5 20
11 26 11 27
12 3 12 6
2 4 2 7
13 25 13 26
11 8 11 10
27 17 27 19
7 1 12 1
23 20 23 21
18 1 24 1
9 13 9 17
14 23 15 23
17 16 17 19
24 25 25 25
5 21 5 22
9 10 11 10
21 22 22 22
2 25 9 25
23 24 23 25
13 7 13 9
0 16 0 21
12 6 18 6
7 1 7 2
21 23 24 23
21 18 21 22
1 9 1 14
