343
22 5 23 5
31 5 31 6
16 15 16 16
21 10 22 10
13 3 13 2
2 27 3 27
31 19 31 20
10 10 9 10
22 16 22 17
9 16 9 15
25 16 25 15
17 16 18 16
5 18 6 18
10 17 10 16
30 26 29 26
3 27 3 26
1 10 1 9
4 22 4 23
21 29 20 29
4 9 4 10
18 17 18 18
22 7 21 7
4 29 4 28
23 16 22 16
28 3 29 3
22 2 23 2
4 21 4 20
27 10 27 9
9 21 10 21
1 23 0 23
3 25 4 25
12 4 12 3
13 11 12 11
11 4 12 4
11 23 10 23
1 22 1 23
15 30 15 29
8 4 7 4
1 19 1 18
21 30 21 29
4 23 5 23
15 21 15 20
18 11 18 12
8 8 8 7
18 23 17 23
1 30 2 30
15 7 15 6
22 19 22 20
20 27 21 27
11 29 12 29
13 0 12 0
6 27 5 27
3 15 3 16
18 28 19 28
13 12 13 11
7 17 8 17
26 19 27 19
25 14 25 13
20 28 20 27
15 26 15 27
23 27 23 28
8 25 7 25
1 28 1 29
14 26 14 27
30 21 29 21
16 5 17 5
11 6 10 6
2 20 3 20
19 19 18 19
0 31 1 31
5 3 5 2
6 31 7 31
7 16 7 15
8 17 8 16
17 0 16 0
20 23 21 23
18 19 19 19
8 7 8 8
14 12 14 13
21 18 20 18
7 22 7 23
3 9 3 8
30 15 29 15
30 28 30 29
5 11 4 11
31 30 30 30
3 24 3 25
17 29 16 29
12 10 11 10
20 18 20 19
3 6 3 7
25 8 25 9
9 13 9 14
1 23 1 24
20 5 20 4
15 4 14 4
20 16 20 15
2 28 2 27
15 17 15 16
11 17 11 16
4 6 3 6
23 4 22 4
26 26 26 27
15 5 14 5
10 23 9 23
8 0 8 1
13 22 12 22
29 9 29 10
17 30 17 29
19 7 18 7
22 6 22 5
7 23 7 22
3 18 3 19
1 8 1 7
17 19 17 20
19 26 19 27
6 5 6 6
8 18 9 18
2 11 2 10
25 23 25 24
1 17 2 17
23 14 23 15
29 15 29 16
17 25 18 25
15 8 15 7
17 26 17 25
2 7 2 6
2 6 2 7
10 26 10 25
13 9 13 10
5 2 6 2
5 5 5 4
30 20 30 19
10 8 10 9
12 3 13 3
19 21 19 20
24 20 25 20
14 18 15 18
14 10 15 10
23 13 23 14
16 23 15 23
20 13 21 13
0 12 0 11
16 31 15 31
31 2 31 1
26 3 25 3
14 8 15 8
25 7 24 7
6 25 5 25
28 25 28 26
1 27 1 28
13 23 12 23
21 13 20 13
23 3 23 4
4 8 5 8
13 6 13 5
31 0 30 0
24 4 25 4
4 7 5 7
31 16 31 15
19 22 18 22
11 8 11 7
25 24 24 24
18 30 18 31
22 25 22 26
10 0 11 0
28 19 29 19
31 28 31 29
14 28 15 28
29 17 30 17
28 15 28 14
17 3 17 4
8 12 7 12
25 3 24 3
1 13 2 13
23 31 24 31
2 21 2 20
8 22 8 21
3 16 3 15
15 22 14 22
18 6 18 5
21 17 21 18
17 20 18 20
4 10 3 10
30 13 31 13
5 31 6 31
5 19 5 18
25 28 25 27
10 5 10 4
0 20 1 20
18 22 18 23
19 11 19 12
15 31 15 30
10 21 9 21
30 4 31 4
31 13 31 14
18 3 18 2
0 9 0 8
8 5 8 4
23 26 23 25
30 11 31 11
30 22 30 23
27 6 28 6
25 0 25 1
10 1 10 0
11 26 11 27
12 6 13 6
11 3 11 4
1 7 1 6
5 7 4 7
12 11 12 10
24 17 24 16
16 8 16 9
8 11 7 11
8 24 8 25
1 20 0 20
12 21 13 21
22 11 22 12
16 7 17 7
30 27 29 27
7 5 8 5
13 19 14 19
26 23 27 23
8 23 8 22
21 21 21 20
1 26 1 27
31 15 30 15
3 17 4 17
15 10 15 11
9 28 9 27
13 1 12 1
7 10 6 10
6 2 6 3
10 25 11 25
2 22 1 22
6 3 7 3
5 8 5 9
3 14 4 14
16 2 16 3
2 12 2 11
13 13 12 13
30 17 30 18
22 17 23 17
26 6 26 5
21 23 21 24
4 1 4 0
29 19 29 18
20 26 21 26
29 18 28 18
0 10 0 9
7 27 6 27
5 18 4 18
26 31 27 31
26 5 26 6
3 5 3 4
19 14 18 14
16 26 16 27
1 14 2 14
9 29 9 28
12 25 12 26
27 7 26 7
14 24 13 24
14 9 14 10
12 8 12 9
23 22 22 22
26 7 26 8
31 1 31 2
28 5 29 5
7 0 8 0
14 17 15 17
12 4 12 3
1 18 1 17
3 8 3 9
13 18 14 18
8 8 8 7
2 5 1 5
14 22 14 23
26 12 25 12
16 14 17 14
13 8 12 8
25 1 26 1
17 25 17 24
20 11 19 11
9 30 9 31
12 20 13 20
21 31 22 31
26 29 26 28
26 1 26 2
31 21 30 21
1 15 1 16
31 31 31 30
27 22 28 22
24 6 25 6
21 28 20 28
12 8 11 8
2 25 2 24
26 24 26 23
12 31 11 31
7 8 8 8
4 5 4 6
4 14 5 14
9 3 9 4
25 26 25 25
9 17 10 17
11 25 11 26
19 6 18 6
23 11 23 12
22 26 22 25
13 2 14 2
15 8 16 8
3 12 3 11
8 7 9 7
8 25 9 25
16 27 16 26
29 0 29 1
24 27 24 26
25 9 25 10
26 8 27 8
23 30 23 29
17 4 17 3
2 26 1 26
11 7 11 6
23 15 22 15
9 18 10 18
31 26 30 26
9 27 8 27
30 21 30 22
8 10 7 10
27 5 27 4
5 27 4 27
18 10 18 11
26 23 26 22
30 26 30 27
22 21 21 21
19 27 19 26
12 23 13 23
24 1 25 1
24 21 23 21
6 19 5 19
24 30 24 29
23 29 22 29
2 14 2 15
25 12 25 11
157
26 30 30 30
1 1 1 4
16 22 16 25
18 5 18 6
19 9 19 10
26 9 26 10
7 30 12 30
6 15 6 16
29 31 30 31
25 25 27 25
17 7 18 7
22 0 24 0
30 10 30 12
14 10 16 10
25 20 25 25
11 22 12 22
2 20 3 20
20 9 21 9
3 0 4 0
22 20 22 22
10 9 10 11
25 11 26 11
12 5 13 5
10 27 11 27
19 9 20 9
29 10 30 10
8 5 8 6
14 4 14 5
11 8 11 9
16 10 19 10
4 19 4 20
30 29 30 30
0 15 2 15
5 19 5 21
2 17 2 20
2 1 2 2
10 17 15 17
21 27 25 27
11 6 11 8
13 11 15 11
9 12 9 14
19 11 25 11
10 22 11 22
3 26 9 26
3 28 4 28
24 0 24 3
6 8 6 10
11 22 11 24
17 5 18 5
3 15 3 19
17 23 18 23
8 6 8 8
18 7 18 8
26 28 26 30
8 6 10 6
12 22 12 24
25 30 26 30
18 5 22 5
22 9 23 9
29 22 30 22
22 10 25 10
5 15 5 19
1 29 2 29
10 18 10 22
10 12 10 16
12 22 16 22
13 6 13 10
0 4 1 4
22 16 24 16
9 12 10 12
15 17 15 18
22 5 22 9
9 26 9 28
27 15 30 15
11 24 11 26
2 11 2 13
30 23 30 27
25 10 25 11
26 10 29 10
24 5 29 5
5 14 5 15
22 14 23 14
3 20 4 20
25 18 25 20
7 3 12 3
29 6 30 6
8 8 8 9
10 17 10 18
9 26 11 26
2 1 7 1
22 9 22 10
24 16 26 16
20 27 21 27
12 30 15 30
27 13 27 15
1 25 1 26
2 13 6 13
8 5 12 5
14 7 14 10
6 10 6 11
19 18 21 18
12 1 12 3
14 5 14 7
25 29 25 30
30 22 30 23
22 20 25 20
6 22 6 24
3 20 3 22
13 5 14 5
24 28 26 28
15 17 19 17
12 3 12 5
2 13 2 15
16 22 22 22
30 27 30 29
28 22 29 22
1 4 1 5
30 12 30 15
22 16 22 20
10 11 13 11
10 6 11 6
21 27 21 29
1 29 1 31
3 22 6 22
19 3 24 3
6 24 11 24
22 30 25 30
1 26 3 26
29 5 29 6
25 6 25 10
4 28 5 28
13 10 13 11
22 15 22 16
1 5 8 5
12 24 13 24
6 13 6 15
28 16 29 16
25 25 25 27
22 30 22 31
8 16 10 16
15 11 18 11
30 19 30 22
21 20 22 20
3 15 5 15
9 9 10 9
24 3 24 5
18 6 18 7
1 24 1 25
14 1 14 2
2 15 2 17
8 9 8 16
18 11 19 11
9 1 12 1
26 22 28 22
26 11 26 16
6 8 8 8
3 26 3 28
