333
25 5 26 5
28 29 29 29
3 9 3 8
36 38 37 38
14 31 13 31
3 24 4 24
6 19 5 19
34 7 33 7
7 18 6 18
39 36 39 37
7 31 8 31
37 19 36 19
4 10 4 11
1 25 0 25
42 46 42 45
25 27 25 26
12 25 13 25
18 33 17 33
10 25 9 25
39 13 39 12
36 24 36 23
25 19 26 19
7 7 8 7
4 23 5 23
22 45 22 44
8 19 8 20
30 14 31 14
43 6 42 6
7 44 8 44
32 20 31 20
6 8 6 7
18 17 17 17
45 31 45 30
23 25 23 24
31 11 32 11
16 37 17 37
18 29 19 29
16 32 16 33
4 39 3 39
37 9 37 10
1 45 0 45
8 32 8 33
17 10 18 10
26 25 26 24
38 12 37 12
20 8 21 8
10 9 11 9
34 17 34 16
20 17 20 18
19 15 20 15
18 9 18 8
28 28 27 28
32 6 33 6
36 40 37 40
17 40 17 39
32 19 32 18
24 7 25 7
11 1 11 2
15 25 15 24
10 44 10 45
11 20 10 20
42 3 42 4
37 34 36 34
11 2 11 1
39 20 39 19
37 31 37 30
20 35 19 35
42 45 42 46
39 7 38 7
40 1 39 1
22 6 21 6
38 45 38 44
14 38 13 38
32 8 33 8
17 32 18 32
25 9 25 8
4 11 5 11
32 44 31 44
3 22 3 21
10 45 10 44
35 43 35 44
45 23 44 23
26 41 25 41
4 40 5 40
40 23 41 23
38 21 38 20
46 42 45 42
43 30 44 30
9 3 9 2
3 5 3 6
37 5 38 5
12 10 11 10
29 15 29 16
33 11 33 10
14 13 15 13
38 44 38 43
37 6 36 6
46 22 45 22
24 46 23 46
3 39 2 39
27 6 28 6
32 46 32 45
38 2 38 3
35 27 36 27
13 40 14 40
39 32 39 33
40 10 40 11
9 37 8 37
44 11 44 10
23 2 22 2
19 7 19 8
19 29 18 29
17 37 17 38
37 22 38 22
15 11 16 11
21 6 21 5
25 3 25 2
8 33 8 32
21 26 20 26
3 20 4 20
42 37 43 37
35 28 35 27
25 17 25 18
1 6 1 7
43 18 43 17
4 15 4 16
21 24 21 23
42 38 42 39
20 24 21 24
35 44 35 45
25 26 24 26
33 15 32 15
44 16 43 16
1 7 0 7
4 30 5 30
4 44 3 44
34 11 34 10
31 44 30 44
35 25 35 26
41 41 42 41
45 34 46 34
25 46 26 46
38 41 38 42
10 35 9 35
3 35 4 35
45 42 44 42
43 2 42 2
8 32 9 32
20 32 20 33
46 21 46 20
8 30 7 30
5 27 6 27
26 24 27 24
18 29 18 28
31 9 31 10
13 6 13 5
10 19 10 18
43 5 43 6
13 44 13 43
30 45 30 46
36 7 35 7
35 26 36 26
43 26 43 25
30 2 30 3
12 14 11 14
7 12 8 12
43 25 44 25
27 39 27 40
9 15 10 15
21 23 21 22
11 6 12 6
7 20 7 19
29 13 30 13
17 44 17 43
44 8 45 8
11 13 11 12
8 18 7 18
12 46 13 46
26 34 26 35
28 26 27 26
5 34 5 35
18 28 19 28
35 7 35 6
3 42 3 43
17 5 17 4
21 24 20 24
44 42 44 43
46 8 46 7
17 41 17 42
3 26 2 26
9 35 9 34
15 43 15 42
38 14 38 15
18 6 17 6
7 27 8 27
36 17 36 16
9 33 10 33
36 8 36 9
5 1 5 0
29 29 29 30
40 41 40 42
31 12 31 13
7 29 7 28
7 28 8 28
9 22 10 22
36 6 37 6
13 9 13 8
8 10 9 10
39 19 39 18
41 23 41 22
13 43 14 43
5 33 5 32
39 29 40 29
2 16 2 17
21 44 21 45
6 35 6 34
2 33 2 32
15 21 14 21
29 1 30 1
39 23 39 22
40 45 40 46
3 34 3 35
3 43 4 43
31 13 32 13
45 3 46 3
27 1 27 0
2 3 2 2
6 32 6 31
22 2 23 2
38 42 37 42
26 35 26 36
12 30 12 29
19 35 19 36
42 8 42 9
20 38 20 39
11 1 10 1
15 5 15 6
3 29 3 28
34 4 34 5
40 39 40 38
13 35 13 36
2 39 2 40
4 22 5 22
21 0 20 0
10 22 9 22
37 10 37 11
4 34 5 34
44 37 44 38
21 1 21 2
23 44 23 45
9 39 10 39
9 25 10 25
13 25 14 25
2 32 1 32
5 2 5 3
12 15 13 15
18 10 18 9
27 12 27 11
13 38 13 37
20 0 20 1
7 41 8 41
31 24 31 25
18 32 19 32
26 8 27 8
24 11 25 11
10 6 10 7
24 25 23 25
24 1 24 2
27 8 27 9
41 40 42 40
21 17 22 17
25 24 25 25
12 2 13 2
33 21 33 22
8 27 9 27
26 33 25 33
4 20 4 21
3 25 4 25
3 6 4 6
0 22 0 21
33 26 33 27
21 11 21 10
0 13 0 14
19 6 20 6
24 41 23 41
26 16 25 16
19 25 19 26
6 20 6 19
14 25 15 25
29 6 29 7
30 5 30 6
8 2 8 3
16 7 17 7
10 24 11 24
14 17 13 17
18 5 19 5
30 3 29 3
20 33 21 33
19 19 18 19
2 21 2 20
35 16 35 15
36 41 37 41
5 42 5 43
5 14 5 13
37 38 37 39
32 11 31 11
25 18 24 18
17 43 17 44
14 43 14 42
16 21 16 22
28 34 28 33
3 38 3 37
22 19 22 20
5 40 5 39
1 27 0 27
16 36 17 36
22 18 21 18
23 12 23 13
1 35 2 35
13 46 12 46
13 10 13 11
9 2 8 2
45 16 46 16
34 43 34 44
19 18 19 17
39 21 38 21
33 22 34 22
32 26 32 27
20 24 20 23
32 5 32 6
7 13 7 12
13 15 13 16
41 22 42 22
167
28 27 32 27
27 26 36 26
24 18 24 24
9 24 11 24
44 20 46 20
8 35 8 37
32 38 40 38
0 8 0 14
24 26 24 32
8 7 10 7
31 0 33 0
21 38 21 39
24 12 24 18
4 16 5 16
26 44 30 44
5 16 5 19
27 40 37 40
43 6 43 10
40 38 40 40
10 7 17 7
42 23 44 23
17 33 17 36
32 15 32 18
4 25 7 25
9 27 9 32
33 0 33 6
20 39 21 39
32 18 32 23
0 41 2 41
44 39 44 43
42 46 43 46
21 12 24 12
31 30 31 36
17 6 17 7
37 41 42 41
27 0 31 0
39 18 39 22
5 24 9 24
21 8 21 10
31 10 33 10
5 22 5 23
6 34 6 37
30 15 32 15
37 29 38 29
8 3 8 7
4 35 5 35
40 11 41 11
20 39 20 41
5 30 5 32
36 5 38 5
37 11 40 11
31 0 31 10
11 14 13 14
21 10 21 12
24 24 24 26
13 36 13 37
18 27 21 27
21 38 32 38
8 41 8 44
35 15 38 15
18 0 27 0
6 34 9 34
32 15 35 15
28 27 28 33
28 4 28 6
13 37 19 37
13 5 19 5
42 2 42 4
27 9 27 11
28 10 30 10
30 6 30 10
6 7 8 7
8 2 13 2
19 17 22 17
11 40 14 40
38 22 38 29
9 24 9 27
0 7 6 7
11 9 17 9
38 22 39 22
8 7 8 12
5 34 5 35
4 25 4 29
31 10 31 11
44 10 44 20
8 35 11 35
24 2 24 12
13 31 15 31
0 14 11 14
6 27 9 27
13 31 13 36
11 12 11 14
22 20 22 26
21 27 21 33
22 26 24 26
39 33 39 37
19 5 19 8
42 40 42 41
7 12 8 12
5 3 8 3
2 41 8 41
21 33 25 33
15 20 15 24
38 5 38 7
27 11 31 11
15 20 22 20
32 13 32 15
44 20 44 23
8 3 11 3
3 30 5 30
27 11 27 24
30 44 34 44
11 9 11 10
11 10 21 10
40 4 40 11
14 40 14 41
42 22 42 23
11 10 11 12
11 24 11 35
44 23 44 25
11 35 11 40
19 8 21 8
24 2 25 2
32 23 36 23
0 2 0 7
6 27 6 28
8 1 8 2
31 11 31 14
28 6 28 10
31 11 37 11
34 5 36 5
3 37 6 37
5 32 9 32
32 18 39 18
27 24 35 24
13 2 20 2
22 17 22 20
40 4 42 4
5 19 6 19
13 36 17 36
17 33 21 33
12 41 14 41
21 33 21 35
14 41 20 41
4 29 5 29
42 41 42 46
39 37 43 37
34 5 34 10
32 27 32 38
13 2 13 5
5 23 5 24
37 40 37 41
5 34 6 34
17 38 21 38
44 38 44 39
44 30 44 38
39 22 42 22
40 38 44 38
34 10 36 10
22 1 22 5
24 24 27 24
43 10 44 10
8 37 8 41
37 30 44 30
36 23 36 26
11 14 11 24
17 17 19 17
