227
19 19 18 19
26 26 27 26
3 25 2 25
19 21 19 20
28 13 28 14
1 31 1 30
17 1 18 1
6 4 5 4
25 19 25 20
14 3 14 4
28 18 29 18
26 2 26 1
14 22 14 21
17 21 17 20
17 17 17 18
21 31 22 31
21 16 22 16
2 10 3 10
20 8 20 7
30 0 31 0
23 11 23 12
27 0 26 0
4 7 4 6
9 1 9 0
13 14 13 15
11 16 11 17
8 28 8 27
10 30 11 30
29 3 28 3
14 13 13 13
27 25 26 25
19 9 19 8
28 23 29 23
6 13 6 14
16 24 16 25
29 31 28 31
0 1 0 2
7 3 6 3
26 19 26 20
16 9 17 9
16 25 17 25
16 10 16 9
13 16 14 16
1 5 1 4
10 24 9 24
12 22 13 22
26 1 26 2
1 11 1 12
16 16 17 16
26 2 25 2
6 14 7 14
29 16 29 17
11 7 11 8
30 2 29 2
8 21 7 21
8 18 9 18
9 0 8 0
23 12 24 12
12 23 13 23
16 12 15 12
29 27 29 28
4 11 4 10
18 22 17 22
29 22 28 22
4 27 3 27
6 16 6 15
19 10 19 11
23 6 24 6
23 8 23 7
12 6 13 6
7 19 8 19
27 24 27 23
2 0 3 0
29 2 28 2
27 31 26 31
26 14 26 13
7 17 7 18
21 28 21 29
11 29 11 28
3 3 2 3
8 14 8 13
27 20 28 20
30 29 30 30
1 14 2 14
14 23 14 24
17 25 18 25
19 1 20 1
30 26 29 26
6 28 7 28
21 5 20 5
12 8 12 7
21 30 21 31
8 17 8 18
1 1 1 0
1 17 2 17
8 23 9 23
24 10 24 9
0 19 1 19
13 22 13 21
9 17 9 16
4 22 5 22
13 4 12 4
20 10 20 9
31 24 31 23
30 4 31 4
23 3 22 3
24 3 24 2
29 12 30 12
19 0 19 1
26 10 27 10
14 7 13 7
31 31 31 30
20 5 19 5
6 27 7 27
25 5 25 4
28 12 27 12
2 25 3 25
6 9 5 9
17 13 17 14
16 30 16 31
7 4 7 5
26 5 25 5
4 8 4 9
22 6 21 6
18 29 17 29
3 20 3 21
30 6 31 6
14 18 15 18
1 25 2 25
20 27 19 27
29 26 29 27
31 19 31 20
18 4 19 4
7 9 7 8
4 16 4 15
5 4 4 4
23 0 23 1
3 2 3 1
29 28 29 29
8 2 9 2
28 3 28 4
16 27 16 28
3 4 3 3
8 15 7 15
29 6 29 5
7 15 7 16
18 10 19 10
19 29 19 28
23 22 23 23
23 1 22 1
2 23 2 24
29 27 30 27
24 2 24 3
12 25 12 24
1 24 0 24
0 20 0 21
25 18 25 17
18 17 17 17
4 6 4 7
24 19 23 19
5 20 5 21
22 30 23 30
24 1 24 0
17 5 16 5
0 22 1 22
14 0 15 0
25 3 26 3
8 16 8 17
24 11 25 11
29 30 29 31
24 21 23 21
15 10 16 10
20 0 21 0
1 27 0 27
21 29 22 29
22 20 22 21
27 10 26 10
9 26 9 25
6 19 5 19
7 29 6 29
4 9 4 8
5 21 5 20
17 26 18 26
21 4 21 3
18 24 19 24
20 20 20 21
12 15 12 14
4 24 5 24
28 2 28 1
16 13 16 14
30 20 30 21
1 12 1 11
2 24 1 24
18 7 18 6
23 5 23 4
28 17 27 17
31 8 30 8
7 6 7 7
9 25 8 25
22 3 22 4
28 22 28 23
14 4 15 4
26 0 26 1
7 22 7 23
18 11 17 11
17 18 16 18
25 26 25 27
2 6 3 6
20 21 20 22
28 9 28 10
22 21 22 22
5 2 5 3
11 25 12 25
17 19 17 18
8 27 8 26
17 2 17 3
14 21 14 20
21 19 22 19
13 25 13 26
25 2 25 3
18 23 18 24
29 17 29 16
0 2 1 2
16 3 16 4
14 20 13 20
31 23 30 23
26 10 26 11
173
10 22 10 23
7 16 9 16
4 10 6 10
8 24 8 25
0 29 1 29
28 10 29 10
4 1 4 2
28 4 31 4
11 6 11 8
0 16 0 21
6 6 6 10
13 13 18 13
25 22 25 23
24 23 24 24
15 18 15 19
25 5 29 5
16 15 16 18
28 30 28 31
28 10 28 14
7 28 9 28
12 25 12 29
10 10 11 10
21 13 21 17
25 5 25 8
16 21 16 22
21 3 24 3
7 27 9 27
13 13 13 15
9 6 11 6
0 10 3 10
19 1 19 3
17 29 22 29
18 25 18 26
7 28 7 30
3 28 4 28
25 27 28 27
9 16 12 16
13 15 13 17
31 12 31 20
4 20 5 20
21 1 21 2
23 21 25 21
4 30 7 30
1 28 1 29
17 22 17 23
2 22 2 25
0 9 0 10
4 28 5 28
3 16 7 16
9 2 9 5
19 11 25 11
17 23 17 29
14 28 16 28
5 20 5 22
5 22 5 24
12 11 12 12
12 29 15 29
7 16 7 18
4 18 4 20
5 22 10 22
4 2 9 2
24 23 25 23
17 22 19 22
25 3 25 4
22 29 29 29
2 4 2 8
6 3 6 6
10 20 10 22
9 6 9 15
15 0 21 0
19 25 19 27
17 3 19 3
19 22 20 22
8 25 12 25
24 0 28 0
12 3 17 3
16 9 17 9
28 23 28 24
4 0 4 1
21 21 23 21
19 4 19 5
26 4 28 4
20 9 24 9
18 13 19 13
17 14 18 14
21 17 23 17
5 24 5 28
19 25 24 25
25 24 28 24
4 3 4 4
22 29 22 31
4 2 4 3
28 14 30 14
1 30 4 30
10 7 10 8
19 10 19 11
21 0 21 1
17 9 20 9
25 24 25 27
16 14 16 15
2 22 5 22
0 21 0 24
20 3 21 3
29 24 29 29
28 16 28 19
28 24 29 24
30 12 31 12
19 13 19 20
16 21 21 21
13 21 16 21
25 8 25 11
1 24 1 26
3 10 3 11
21 3 21 6
12 24 14 24
15 29 17 29
25 20 25 21
16 22 17 22
15 17 15 18
24 3 25 3
1 29 2 29
29 5 29 10
5 24 6 24
13 10 13 13
21 31 22 31
28 19 28 20
0 21 3 21
9 5 9 6
28 0 28 1
28 20 28 23
19 11 19 13
28 1 28 4
3 11 3 16
9 15 13 15
14 11 17 11
22 22 25 22
25 4 25 5
16 18 16 21
7 25 7 27
25 1 25 3
9 15 9 16
25 23 27 23
7 14 7 16
27 17 27 23
18 25 19 25
18 6 21 6
1 2 4 2
21 0 24 0
25 17 27 17
11 8 15 8
16 7 16 9
17 9 17 11
5 28 7 28
2 11 2 14
28 20 31 20
25 11 25 17
21 17 21 21
19 3 20 3
1 26 1 28
26 31 28 31
11 8 11 10
12 9 16 9
6 24 8 24
0 24 1 24
0 16 3 16
5 14 7 14
18 31 21 31
7 8 7 14
25 1 26 1
16 14 17 14
13 17 15 17
24 24 24 25
12 25 14 25
