331
46 33 45 33
20 7 21 7
0 9 1 9
17 24 18 24
1 7 1 6
10 24 9 24
17 16 18 16
17 28 17 27
35 37 34 37
28 47 27 47
39 33 39 34
20 11 21 11
9 47 9 46
32 6 33 6
12 8 12 9
22 36 22 35
9 22 8 22
27 28 27 29
14 9 15 9
28 30 27 30
35 15 35 14
19 3 19 2
42 27 42 26
26 39 26 38
25 34 25 33
6 20 7 20
44 9 45 9
33 1 33 0
27 29 28 29
6 24 6 23
19 5 20 5
18 13 19 13
34 26 33 26
7 14 6 14
22 42 22 43
1 6 0 6
6 2 6 1
46 0 47 0
18 44 18 43
43 44 42 44
33 42 32 42
35 20 34 20
3 40 4 40
13 4 14 4
13 8 13 7
33 22 33 21
8 36 8 35
27 14 26 14
19 18 19 19
45 8 46 8
29 43 30 43
24 31 24 30
34 23 34 24
47 29 46 29
46 36 46 35
18 42 17 42
33 10 33 9
33 33 33 34
27 5 27 4
39 13 40 13
12 1 12 2
27 30 27 29
6 41 7 41
22 29 21 29
25 33 25 32
13 3 14 3
15 8 14 8
7 39 6 39
40 20 40 21
2 9 2 8
28 20 29 20
2 22 3 22
4 35 4 36
30 43 30 44
38 18 39 18
1 22 0 22
35 18 35 19
38 34 37 34
36 35 35 35
9 21 9 22
23 24 24 24
36 22 35 22
4 40 5 40
30 27 31 27
40 26 40 27
4 5 5 5
44 15 43 15
26 18 26 19
29 40 30 40
8 35 8 34
27 18 28 18
4 27 4 26
45 11 44 11
26 28 27 28
36 39 35 39
26 37 26 36
2 26 3 26
25 43 25 44
12 27 12 26
19 9 20 9
1 13 1 12
28 22 28 21
3 45 2 45
42 43 41 43
7 19 7 18
39 39 40 39
22 2 22 1
24 29 24 28
42 6 41 6
0 15 1 15
21 7 21 6
7 6 8 6
29 9 29 10
29 37 30 37
18 36 17 36
23 41 23 42
19 6 19 7
1 4 1 5
26 23 27 23
7 44 7 43
5 15 5 16
22 31 21 31
8 24 7 24
3 27 4 27
5 8 5 9
18 37 18 36
45 5 45 4
28 18 28 19
27 11 27 10
26 34 26 35
19 13 19 14
35 25 34 25
45 23 45 24
43 17 44 17
1 3 1 4
24 46 25 46
26 6 27 6
33 29 33 28
15 26 15 25
14 16 14 15
43 15 42 15
13 1 12 1
17 17 16 17
27 17 26 17
44 34 44 35
40 37 40 36
36 8 37 8
12 26 11 26
47 5 47 6
42 18 43 18
17 42 17 43
35 35 34 35
43 11 43 10
34 17 34 16
13 12 13 13
36 34 35 34
40 21 40 22
33 28 32 28
17 43 16 43
15 25 15 26
12 3 12 4
27 4 26 4
2 44 1 44
35 24 35 23
35 9 36 9
39 46 39 45
24 10 24 11
22 17 22 16
30 21 29 21
15 27 15 28
16 22 16 23
38 11 38 12
17 36 17 37
10 46 10 47
40 36 40 35
12 2 13 2
7 27 7 26
42 24 41 24
26 8 25 8
7 36 8 36
28 42 28 41
39 12 39 11
4 34 3 34
0 24 1 24
44 26 45 26
12 12 11 12
40 38 39 38
12 9 13 9
8 43 8 44
35 47 34 47
2 17 2 16
21 31 20 31
23 33 24 33
5 33 5 32
20 21 20 20
13 23 14 23
15 9 15 10
14 44 15 44
5 23 5 22
39 0 38 0
39 27 39 28
22 20 21 20
41 12 42 12
5 16 4 16
34 13 34 12
7 11 7 10
23 32 24 32
31 44 31 45
14 3 15 3
26 0 26 1
7 42 8 42
7 35 6 35
12 30 12 29
26 45 26 46
2 8 2 9
15 30 15 31
26 15 27 15
31 39 30 39
42 33 42 32
30 37 30 36
29 42 30 42
13 20 12 20
20 17 19 17
24 19 24 18
22 16 21 16
7 34 7 33
46 21 46 22
16 21 15 21
34 36 33 36
21 23 20 23
36 18 36 17
13 33 13 34
3 13 2 13
19 4 18 4
4 39 4 40
39 18 38 18
45 21 46 21
35 32 36 32
37 33 37 32
7 24 7 23
3 18 3 19
29 10 30 10
11 28 11 27
7 7 6 7
8 44 7 44
9 12 9 13
45 4 44 4
47 36 47 35
39 34 39 35
16 23 16 22
6 43 5 43
37 8 37 7
40 22 39 22
44 35 44 36
21 3 20 3
0 3 0 4
33 31 34 31
22 22 23 22
37 22 37 21
1 15 1 14
3 30 2 30
19 27 19 26
1 46 2 46
31 27 31 28
40 13 41 13
25 4 25 3
8 6 7 6
4 0 4 1
15 28 14 28
26 14 26 13
34 16 34 15
35 34 35 35
1 44 0 44
41 40 42 40
27 27 28 27
42 28 43 28
2 13 2 14
26 7 25 7
26 43 26 42
45 33 44 33
0 18 0 17
5 28 4 28
15 0 16 0
14 37 13 37
28 27 28 28
12 4 12 5
1 5 2 5
5 24 5 25
29 13 30 13
13 9 14 9
23 23 24 23
22 27 21 27
31 35 31 36
27 44 27 45
6 1 5 1
45 10 44 10
35 43 36 43
6 18 5 18
16 0 15 0
37 21 37 22
28 11 28 12
4 40 3 40
47 7 47 8
28 29 29 29
27 28 27 27
12 1 12 0
43 33 42 33
27 15 28 15
29 11 28 11
38 22 38 21
30 12 30 11
20 27 19 27
13 13 14 13
14 13 15 13
47 23 46 23
9 0 8 0
29 41 29 42
45 0 45 1
10 5 10 4
18 36 19 36
7 29 8 29
36 43 35 43
39 17 40 17
45 37 44 37
22 26 21 26
19 47 19 46
19 7 19 8
21 27 20 27
40 14 41 14
36 47 35 47
22 21 21 21
169
19 46 25 46
19 36 26 36
0 6 0 13
25 10 27 10
5 13 5 14
9 5 9 7
35 44 35 47
0 13 0 17
22 11 22 12
21 10 21 11
33 26 33 34
6 44 7 44
15 0 22 0
15 44 25 44
29 34 33 34
9 45 9 46
9 5 12 5
11 0 12 0
42 9 45 9
41 15 42 15
21 10 25 10
4 20 4 25
18 11 18 12
3 20 4 20
19 32 19 36
7 20 7 23
15 10 15 13
25 8 29 8
20 23 20 24
26 38 37 38
34 19 35 19
16 26 16 38
22 12 28 12
28 12 28 15
12 0 12 5
21 21 28 21
4 25 4 26
2 25 2 30
34 15 37 15
5 2 5 3
33 34 37 34
25 44 25 46
33 26 35 26
20 3 25 3
9 22 16 22
37 32 37 34
29 42 30 42
28 35 29 35
15 10 21 10
19 19 25 19
10 42 23 42
45 20 45 24
25 19 26 19
0 44 6 44
19 27 19 32
28 28 28 35
13 2 19 2
28 19 31 19
1 9 1 12
41 13 41 14
15 26 16 26
12 44 15 44
37 34 37 38
5 3 5 5
43 35 46 35
26 36 30 36
29 35 34 35
19 21 21 21
24 28 28 28
35 23 35 26
3 26 3 34
45 6 47 6
26 38 26 42
15 13 15 19
2 25 3 25
6 39 6 44
25 7 25 8
35 19 35 22
9 7 10 7
39 35 40 35
11 25 11 26
12 5 20 5
38 41 38 42
28 15 34 15
26 42 29 42
26 35 26 36
5 9 14 9
36 29 46 29
28 11 28 12
10 7 13 7
23 42 26 42
4 26 7 26
45 40 45 43
19 17 19 19
35 22 37 22
18 12 18 16
20 3 20 5
7 23 14 23
19 27 20 27
28 21 28 25
28 19 28 21
4 1 5 1
5 5 9 5
3 34 3 40
18 12 22 12
7 26 11 26
30 42 30 44
0 4 0 6
9 46 19 46
28 25 28 28
19 32 24 32
5 5 5 9
37 22 39 22
45 6 45 9
40 35 40 39
25 15 25 19
0 17 0 22
42 12 42 15
25 44 30 44
30 11 34 11
41 6 41 13
0 13 5 13
41 6 45 6
3 34 8 34
40 39 40 45
25 7 30 7
20 24 20 27
28 15 28 19
7 23 7 26
47 0 47 6
15 19 15 21
9 13 15 13
1 12 5 12
28 28 29 28
22 0 33 0
5 9 5 12
17 27 19 27
3 26 4 26
27 10 30 10
26 36 26 38
30 44 35 44
4 16 4 20
15 19 19 19
41 32 41 43
46 8 47 8
27 6 33 6
27 2 27 6
37 16 37 22
24 24 24 28
16 22 16 26
19 2 27 2
46 29 46 35
33 0 33 6
24 23 24 24
35 22 35 23
31 19 31 23
5 13 9 13
30 10 30 11
33 37 34 37
3 20 3 22
34 35 34 37
29 29 29 34
39 11 39 22
34 11 39 11
25 3 25 7
33 0 37 0
11 26 15 26
7 44 12 44
37 32 41 32
