127
25 23 24 23
11 35 12 35
11 28 12 28
2 23 1 23
10 28 10 29
8 23 7 23
3 8 3 9
28 21 28 22
35 30 35 29
13 26 14 26
7 5 6 5
14 18 13 18
15 21 16 21
17 34 17 33
7 17 6 17
34 9 35 9
8 11 8 10
23 0 22 0
19 10 19 9
6 26 6 27
24 27 24 26
32 20 32 21
4 15 3 15
18 26 18 27
12 17 11 17
20 17 21 17
30 19 29 19
10 35 11 35
25 32 25 33
17 3 18 3
18 22 19 22
30 10 31 10
32 15 33 15
18 4 18 5
22 36 23 36
4 3 3 3
27 19 27 18
2 18 3 18
34 32 33 32
6 35 5 35
1 10 0 10
26 8 26 7
20 1 20 2
20 11 20 10
7 21 6 21
17 15 18 15
33 23 32 23
24 24 24 25
35 18 35 19
4 16 3 16
35 27 35 26
6 27 7 27
14 22 14 23
10 9 10 8
3 32 4 32
6 23 6 24
17 31 16 31
16 16 16 15
21 17 21 18
19 22 19 23
29 34 28 34
36 23 36 24
12 33 11 33
35 32 36 32
6 14 6 15
15 28 15 27
11 2 12 2
1 23 0 23
29 21 29 20
10 20 10 21
15 6 16 6
32 6 32 7
9 2 10 2
19 2 18 2
33 11 33 10
14 12 14 13
31 29 30 29
35 14 34 14
6 6 5 6
13 9 13 10
1 12 1 13
33 25 33 26
30 22 29 22
29 31 30 31
18 1 18 0
29 3 29 4
15 27 15 26
13 3 13 2
29 33 29 34
12 7 12 6
19 16 18 16
2 36 1 36
33 10 33 9
20 20 20 21
20 15 21 15
18 29 18 30
6 5 6 6
7 6 7 5
35 7 34 7
6 0 6 1
15 12 14 12
28 16 29 16
32 7 33 7
13 24 13 23
13 1 14 1
4 22 5 22
12 6 13 6
31 32 31 31
31 13 30 13
5 8 6 8
10 36 10 35
23 26 23 27
27 23 28 23
24 23 24 22
4 7 5 7
14 15 14 16
25 7 25 6
21 8 21 9
18 17 19 17
13 34 12 34
19 32 18 32
33 29 33 30
28 25 27 25
24 20 24 19
3 23 3 22
20 28 20 27
4 23 5 23
173
12 1 12 2
24 25 27 25
30 31 31 31
24 19 24 22
14 26 14 29
7 29 7 33
29 9 32 9
6 8 8 8
28 22 29 22
6 3 6 6
26 2 26 3
14 35 24 35
24 22 28 22
30 29 35 29
12 34 14 34
24 12 24 13
18 30 25 30
16 18 16 21
16 2 18 2
24 2 26 2
6 19 10 19
11 29 14 29
13 13 13 18
13 10 13 13
27 18 29 18
6 6 13 6
7 27 9 27
10 10 13 10
23 5 23 6
26 0 35 0
36 13 36 20
16 15 16 18
23 2 24 2
13 6 16 6
14 29 14 32
25 30 25 33
24 22 24 25
18 15 19 15
31 3 35 3
21 2 23 2
22 0 26 0
26 3 31 3
14 32 14 34
10 21 13 21
29 16 31 16
18 13 18 15
0 2 4 2
3 22 5 22
3 3 6 3
26 7 30 7
24 26 28 26
0 10 0 23
10 8 20 8
14 13 18 13
3 9 3 10
22 1 27 1
34 20 34 21
36 29 36 32
35 9 35 10
7 23 13 23
11 33 11 35
33 9 35 9
13 23 14 23
0 23 5 23
33 24 33 26
25 30 26 30
10 35 11 35
18 0 22 0
22 0 22 1
18 12 18 13
7 2 7 5
24 7 26 7
16 18 21 18
3 15 3 16
3 18 3 20
29 18 33 18
18 9 19 9
20 2 21 2
8 29 10 29
33 24 36 24
7 5 15 5
35 20 36 20
23 6 23 12
29 20 30 20
19 9 21 9
0 2 0 10
24 3 24 6
33 7 33 9
3 10 3 15
3 20 9 20
31 10 31 16
4 0 8 0
16 2 16 6
11 15 11 17
35 28 35 29
13 13 14 13
3 3 3 5
25 27 25 30
14 34 28 34
13 21 13 23
5 23 7 23
10 8 10 10
33 32 33 34
30 7 33 7
12 2 13 2
6 21 10 21
33 22 33 24
10 2 12 2
29 18 29 19
11 29 11 33
7 2 10 2
27 14 27 18
8 8 10 8
14 12 14 13
5 10 8 10
22 6 23 6
30 20 30 26
33 15 33 18
21 13 24 13
13 10 18 10
23 12 24 12
4 17 6 17
7 27 7 29
21 9 21 13
17 33 25 33
3 5 3 9
34 19 34 20
8 0 18 0
3 20 3 22
30 20 34 20
13 18 13 21
3 10 5 10
18 3 24 3
32 32 33 32
4 2 7 2
14 26 15 26
30 26 30 29
6 15 11 15
35 3 35 9
24 19 29 19
35 10 35 19
14 23 19 23
24 6 25 6
21 13 21 15
34 19 35 19
6 1 12 1
35 29 36 29
14 23 14 26
28 23 28 26
32 32 32 33
7 29 8 29
23 6 24 6
30 29 30 31
25 4 25 6
3 5 4 5
15 26 24 26
5 22 5 23
21 18 27 18
28 26 30 26
3 15 6 15
18 27 18 30
29 9 29 16
10 19 10 21
18 2 18 3
27 11 27 14
30 26 33 26
8 35 10 35
21 15 21 18
6 17 6 19
19 15 19 17
25 33 32 33
29 16 29 18
18 0 18 2
