232
15 14 14 14
13 14 13 13
12 5 12 4
23 1 23 0
8 8 8 7
10 6 10 7
1 5 0 5
11 5 10 5
19 14 19 15
0 1 0 2
5 17 5 16
14 6 14 5
17 14 17 13
19 6 19 7
17 18 17 17
23 9 22 9
9 19 9 18
16 17 15 17
0 22 0 21
6 21 7 21
12 21 12 20
15 13 15 14
15 7 15 6
1 1 1 0
16 12 17 12
16 21 16 22
8 7 8 8
2 1 2 2
16 2 16 1
7 9 7 10
9 3 9 2
18 19 17 19
3 9 4 9
6 0 6 1
21 19 20 19
7 13 7 14
12 10 13 10
24 6 24 5
22 4 21 4
8 13 7 13
12 9 12 10
19 5 19 4
20 3 21 3
8 5 8 6
23 3 23 2
8 10 9 10
4 2 3 2
1 18 0 18
20 2 20 3
4 4 5 4
11 15 11 16
13 19 13 20
8 3 9 3
16 8 17 8
9 5 8 5
4 18 4 19
21 23 20 23
23 12 23 13
5 16 5 15
15 12 16 12
24 22 24 21
9 22 10 22
23 10 24 10
19 11 20 11
18 12 18 13
16 19 16 20
24 9 24 8
13 6 12 6
23 17 22 17
13 24 13 23
11 11 11 10
7 17 7 18
21 4 22 4
20 4 21 4
9 3 10 3
11 14 10 14
21 24 21 23
17 3 16 3
5 8 5 9
0 20 1 20
12 16 12 15
2 4 2 5
17 5 16 5
14 11 13 11
0 10 0 9
3 13 3 14
8 9 8 10
0 18 0 19
18 21 18 22
4 20 3 20
13 17 14 17
12 10 12 9
8 6 9 6
24 14 24 13
15 23 15 22
11 18 10 18
22 0 22 1
23 13 23 12
14 12 14 11
3 17 3 16
10 23 10 24
13 9 14 9
20 6 19 6
0 14 0 15
23 0 23 1
16 16 17 16
5 2 5 1
18 5 17 5
11 4 11 3
20 15 20 14
13 10 13 9
17 9 16 9
22 5 21 5
12 24 13 24
19 16 18 16
15 6 16 6
10 7 10 6
11 17 11 18
15 16 14 16
22 19 22 20
9 24 8 24
13 9 13 10
17 10 17 11
9 11 9 12
1 6 2 6
21 18 21 19
15 8 16 8
4 10 4 11
19 1 20 1
24 16 24 17
6 8 6 9
0 9 0 10
11 18 11 17
13 4 14 4
17 19 17 18
23 16 23 17
3 2 3 1
1 11 0 11
1 17 1 16
3 22 2 22
24 17 24 16
20 23 19 23
0 2 0 1
24 21 24 22
13 13 14 13
6 12 6 11
11 0 12 0
1 22 0 22
22 1 22 2
9 21 9 22
19 22 20 22
22 13 23 13
6 11 6 10
19 2 19 3
23 21 22 21
2 3 2 4
19 18 19 17
11 16 11 15
13 16 12 16
10 13 9 13
23 11 23 10
20 24 21 24
17 23 18 23
3 14 3 13
21 23 20 23
8 14 9 14
2 24 2 23
24 22 24 21
23 24 22 24
12 6 13 6
22 20 22 19
21 13 22 13
6 22 6 21
23 22 22 22
21 12 21 13
13 18 13 19
9 12 10 12
17 24 17 23
13 19 13 18
16 14 16 13
7 3 6 3
17 21 18 21
22 15 22 14
23 23 22 23
1 20 1 19
17 8 17 9
21 5 22 5
18 4 18 5
9 13 8 13
23 2 23 3
11 24 12 24
6 16 5 16
2 7 1 7
17 5 17 6
7 8 7 9
4 14 5 14
11 12 12 12
21 20 21 21
5 22 6 22
21 4 21 5
7 12 6 12
6 1 6 0
18 9 19 9
2 6 2 7
17 22 17 21
20 5 19 5
6 19 6 20
14 24 14 23
19 24 18 24
7 19 6 19
1 7 1 6
20 7 20 8
20 8 20 9
16 6 16 7
11 10 12 10
8 19 9 19
11 2 12 2
5 7 5 8
3 19 3 18
21 8 21 9
18 20 17 20
2 9 2 8
5 4 5 5
19 10 20 10
10 17 10 16
3 3 2 3
10 11 11 11
17 6 17 5
10 10 10 11
21 21 20 21
23 17 23 16
11 13 11 14
168
15 24 18 24
12 23 13 23
20 13 21 13
19 9 20 9
4 12 4 16
23 14 23 15
6 13 6 17
0 15 3 15
7 20 8 20
19 21 20 21
19 17 20 17
8 20 8 21
12 17 12 18
18 13 19 13
10 2 10 3
11 14 14 14
21 24 22 24
14 13 16 13
15 3 16 3
22 16 23 16
19 3 19 4
4 5 4 6
2 10 2 11
14 9 15 9
4 17 6 17
21 16 21 17
19 23 20 23
4 22 4 24
3 24 4 24
1 16 3 16
7 0 8 0
6 23 6 24
4 17 4 19
5 11 5 12
19 13 19 15
15 22 16 22
13 24 15 24
0 5 0 6
8 4 8 5
17 13 18 13
9 2 10 2
21 19 21 22
2 8 3 8
20 10 22 10
9 23 12 23
6 4 6 5
9 17 11 17
2 8 2 10
15 15 19 15
6 12 8 12
4 3 4 5
8 23 9 23
2 20 2 21
17 9 19 9
6 17 6 18
17 4 19 4
4 19 4 22
19 3 20 3
16 7 18 7
8 8 8 10
23 4 23 5
3 16 3 18
5 13 5 14
7 10 8 10
19 21 19 23
6 3 10 3
3 12 4 12
12 16 14 16
22 2 24 2
3 12 3 13
7 18 7 20
3 13 3 15
8 21 11 21
5 11 7 11
16 0 16 1
23 10 23 12
4 16 4 17
1 9 1 10
5 14 5 15
21 17 21 19
0 1 3 1
6 18 7 18
11 11 11 14
14 14 15 14
10 3 11 3
2 10 3 10
1 19 1 23
1 6 4 6
0 6 0 7
11 19 12 19
20 9 21 9
1 4 1 6
1 12 3 12
20 19 20 20
5 15 5 16
2 7 2 8
21 16 22 16
16 12 16 13
7 10 7 11
7 21 8 21
18 24 21 24
21 19 22 19
1 6 1 9
11 14 11 15
4 3 6 3
6 22 6 23
20 22 21 22
7 16 7 18
15 15 15 17
7 18 9 18
8 5 8 8
11 15 12 15
6 0 6 3
20 19 21 19
16 5 16 7
11 15 11 17
20 13 20 14
12 19 14 19
3 0 6 0
19 0 19 3
3 8 5 8
10 12 10 14
3 1 3 4
12 15 12 16
19 17 19 19
8 12 10 12
2 13 3 13
12 19 12 20
19 15 19 17
8 21 8 22
23 5 23 10
8 22 8 23
6 5 8 5
1 10 1 12
5 12 5 13
1 4 2 4
0 16 1 16
23 12 23 13
19 7 19 8
8 11 10 11
5 8 8 8
8 4 10 4
22 10 23 10
22 4 22 5
14 15 15 15
20 3 20 9
19 15 23 15
22 19 24 19
8 17 9 17
15 22 15 24
17 21 18 21
17 20 17 21
16 13 17 13
14 19 14 20
6 12 6 13
11 9 11 11
11 21 17 21
1 16 1 19
8 11 8 12
21 22 21 24
16 3 16 5
18 7 19 7
8 23 8 24
18 21 19 21
19 9 19 13
19 19 19 21
11 17 11 19
10 19 11 19
