339
12 4 12 5
19 4 19 5
25 11 24 11
27 24 26 24
19 27 18 27
0 15 1 15
7 10 7 9
4 11 3 11
12 17 12 18
7 24 8 24
11 5 10 5
19 17 20 17
22 13 22 14
13 28 13 27
6 20 6 19
21 16 22 16
5 9 5 8
26 7 27 7
3 1 2 1
5 3 6 3
12 13 12 12
12 2 12 1
28 10 27 10
23 5 23 4
13 21 13 20
18 3 19 3
24 16 24 15
3 27 3 26
28 23 28 22
22 27 22 26
7 2 8 2
21 24 22 24
12 3 12 4
9 15 9 16
7 4 6 4
12 27 12 28
25 12 25 13
26 22 27 22
10 15 9 15
14 21 15 21
14 24 13 24
19 15 19 16
9 7 9 6
11 11 10 11
8 16 8 15
2 11 1 11
19 6 20 6
20 20 19 20
5 0 4 0
14 10 13 10
16 11 15 11
20 21 20 20
21 4 20 4
7 12 6 12
7 26 8 26
21 11 21 12
22 24 22 25
27 19 28 19
26 1 25 1
17 11 16 11
13 7 14 7
4 14 3 14
20 28 20 27
8 8 8 9
9 3 9 4
17 1 16 1
27 13 26 13
21 10 20 10
12 9 11 9
14 26 13 26
15 14 15 15
6 15 6 14
5 18 5 17
19 12 19 13
4 5 4 6
14 27 14 26
24 8 23 8
0 14 0 13
6 16 6 17
10 20 9 20
21 3 21 2
16 27 16 28
23 6 23 7
2 7 2 8
9 26 9 25
11 21 12 21
8 7 8 8
1 14 1 13
6 25 7 25
9 25 9 24
2 22 2 21
10 5 10 4
16 20 16 19
24 18 25 18
15 20 14 20
23 14 24 14
13 24 12 24
3 18 4 18
10 1 10 0
0 7 1 7
2 18 2 19
23 21 22 21
13 26 12 26
0 11 0 12
17 23 16 23
1 15 0 15
1 5 1 4
9 9 9 8
20 10 21 10
3 24 2 24
19 26 19 25
16 15 17 15
4 9 5 9
6 19 6 20
23 18 24 18
6 12 7 12
3 25 2 25
21 25 21 24
20 25 20 24
18 15 18 14
12 19 12 20
0 22 0 23
4 21 5 21
8 4 7 4
11 19 11 20
20 14 20 15
0 19 1 19
25 6 24 6
23 20 23 21
18 6 18 7
8 28 8 27
12 21 11 21
11 20 10 20
7 22 6 22
3 3 4 3
10 26 10 25
23 7 22 7
11 9 11 10
20 1 20 0
24 12 24 13
28 21 28 20
17 22 18 22
13 2 13 1
9 16 8 16
12 25 11 25
10 24 11 24
11 17 12 17
25 22 24 22
11 27 11 28
0 0 0 1
15 2 15 3
23 8 24 8
3 16 2 16
9 19 9 18
0 12 0 11
16 10 15 10
14 18 14 17
11 18 11 17
24 3 24 4
15 21 16 21
15 10 16 10
23 0 23 1
1 4 2 4
10 8 10 7
6 1 6 0
8 9 9 9
25 21 26 21
27 1 27 2
26 9 26 10
19 10 20 10
6 13 5 13
21 13 22 13
9 18 9 19
21 2 20 2
17 19 17 20
3 23 2 23
22 2 22 1
20 12 19 12
24 21 25 21
17 6 16 6
24 25 23 25
10 12 9 12
25 25 25 24
5 2 5 1
2 12 2 13
16 6 16 7
7 7 8 7
9 12 9 11
16 9 15 9
2 17 2 18
9 6 9 7
5 19 6 19
2 21 1 21
26 16 27 16
2 9 3 9
22 9 22 8
11 16 11 15
27 14 27 13
11 1 10 1
15 11 15 10
16 3 17 3
18 26 19 26
16 11 15 11
11 6 11 7
27 15 27 14
12 8 13 8
12 10 12 9
25 3 25 4
11 17 10 17
28 11 28 12
18 2 18 3
1 10 2 10
12 11 12 10
18 5 18 6
20 8 21 8
19 7 19 6
13 3 12 3
15 3 16 3
14 17 13 17
22 16 23 16
26 8 26 7
22 8 22 9
0 6 0 5
26 27 25 27
10 23 10 24
2 6 2 7
1 0 0 0
6 4 5 4
17 0 18 0
18 6 17 6
10 19 10 18
23 24 22 24
10 1 11 1
15 18 15 17
11 13 10 13
23 4 23 5
16 10 16 11
7 19 8 19
21 1 21 2
16 0 17 0
10 2 10 1
15 15 16 15
5 28 5 27
0 5 0 6
22 7 22 6
9 24 9 23
1 19 0 19
0 20 1 20
2 15 1 15
7 4 8 4
4 24 4 23
1 12 0 12
19 13 19 14
18 3 18 4
28 15 27 15
20 16 21 16
8 19 7 19
17 0 16 0
23 25 23 26
4 27 4 26
0 3 0 4
1 23 1 22
2 26 1 26
9 13 9 12
19 26 19 27
14 3 13 3
22 22 21 22
12 0 13 0
25 15 25 16
24 22 23 22
1 11 2 11
21 2 21 1
20 0 20 1
1 24 0 24
14 19 14 18
19 25 19 24
27 25 27 24
24 14 23 14
16 3 15 3
8 18 8 19
25 14 25 15
11 28 11 27
4 25 3 25
16 0 17 0
20 3 21 3
26 3 25 3
16 15 16 16
21 1 21 2
19 16 20 16
7 21 8 21
3 28 3 27
26 6 25 6
27 22 27 23
20 17 19 17
15 17 14 17
7 6 6 6
4 15 3 15
27 18 28 18
2 23 1 23
21 16 22 16
14 5 15 5
8 21 8 22
8 4 7 4
24 0 24 1
8 19 8 18
26 14 25 14
10 9 10 10
7 13 6 13
5 8 6 8
12 5 11 5
2 14 2 15
3 5 4 5
0 23 0 22
25 23 26 23
6 6 7 6
0 19 1 19
13 13 13 14
26 18 27 18
2 24 3 24
19 5 18 5
14 17 15 17
26 7 25 7
15 12 15 13
4 28 5 28
4 18 5 18
20 24 20 25
0 22 0 23
23 19 23 18
24 7 23 7
24 13 24 14
2 1 3 1
27 8 26 8
19 11 19 10
24 23 23 23
23 18 22 18
1 17 2 17
16 22 17 22
13 5 14 5
18 1 19 1
161
17 0 18 0
22 3 23 3
4 12 4 13
26 8 28 8
26 28 27 28
20 9 21 9
15 8 15 9
5 23 5 24
24 10 24 11
7 5 8 5
15 1 16 1
20 7 23 7
5 12 5 13
0 15 1 15
14 5 14 7
17 26 17 27
4 12 5 12
23 15 24 15
17 26 21 26
13 17 15 17
15 17 15 19
9 19 9 20
20 22 20 25
13 25 13 27
15 11 15 13
16 2 17 2
26 10 27 10
4 0 4 3
16 21 22 21
26 2 26 5
14 23 14 25
17 3 19 3
8 2 8 3
1 13 2 13
19 3 19 6
12 18 13 18
20 9 20 10
9 7 10 7
17 25 17 26
16 16 20 16
4 8 4 10
22 15 23 15
3 15 3 19
13 27 15 27
2 15 3 15
13 18 14 18
25 15 26 15
7 12 7 14
1 27 2 27
15 27 17 27
17 15 20 15
5 14 5 15
14 2 14 5
1 13 1 15
6 18 6 19
9 15 9 19
2 13 4 13
25 13 25 14
20 7 20 9
14 2 16 2
21 3 22 3
8 7 9 7
5 12 7 12
3 15 5 15
5 15 8 15
24 19 24 20
8 15 9 15
10 13 15 13
17 27 18 27
0 13 0 15
9 14 9 15
10 11 10 13
27 15 27 16
2 19 2 20
2 27 2 28
13 25 14 25
24 8 26 8
7 14 8 14
22 14 22 15
4 0 6 0
2 5 4 5
8 3 8 5
14 23 16 23
24 15 25 15
6 10 6 11
8 3 10 3
25 10 25 13
7 20 9 20
19 2 19 3
2 20 2 25
17 0 17 2
12 7 14 7
27 14 27 15
4 10 4 12
16 19 19 19
2 19 3 19
15 0 17 0
16 12 16 16
16 21 16 23
15 16 15 17
16 7 16 11
10 7 10 10
18 25 20 25
25 10 26 10
22 20 22 21
5 18 6 18
15 19 16 19
25 14 27 14
19 3 21 3
26 24 27 24
20 11 20 13
6 8 8 8
24 20 24 24
22 13 25 13
11 15 12 15
20 22 21 22
20 13 22 13
16 18 17 18
26 5 26 8
14 0 15 0
6 10 10 10
27 20 27 23
8 13 10 13
25 5 26 5
15 16 16 16
27 20 28 20
11 2 14 2
22 16 22 18
15 11 16 11
2 27 3 27
24 20 27 20
26 24 26 25
20 16 22 16
4 8 6 8
22 19 24 19
11 21 16 21
8 8 9 8
22 15 22 16
4 3 4 5
20 13 20 15
27 18 27 20
26 23 27 23
20 10 20 11
17 6 19 6
27 16 27 18
5 27 7 27
3 27 5 27
16 11 20 11
16 19 16 21
9 2 11 2
24 14 24 15
16 17 16 18
25 21 26 21
26 21 26 23
23 1 23 3
14 8 15 8
2 25 2 27
10 10 10 11
11 15 11 21
12 6 12 7
16 2 16 7
