252
18 17 19 17
7 12 8 12
8 16 8 17
15 17 16 17
18 19 18 18
20 6 20 7
17 20 18 20
7 2 6 2
13 1 13 0
19 9 20 9
0 9 0 8
17 8 18 8
18 18 18 17
8 17 8 16
16 20 17 20
7 11 7 12
5 4 5 5
2 6 2 7
18 16 17 16
5 13 5 12
6 10 6 11
8 14 7 14
9 16 10 16
10 3 10 2
5 3 5 4
17 16 18 16
16 8 16 7
4 0 3 0
3 8 3 7
15 20 16 20
15 16 15 17
19 19 20 19
11 6 11 5
15 8 16 8
1 7 0 7
0 16 0 17
7 3 7 2
0 3 0 2
1 6 1 7
20 18 19 18
18 4 17 4
7 14 8 14
4 1 4 0
7 13 7 14
2 8 3 8
6 13 5 13
3 16 2 16
15 17 15 16
7 19 7 20
2 19 3 19
1 16 0 16
2 2 1 2
8 18 8 17
8 11 7 11
17 4 18 4
19 18 19 19
6 11 6 10
0 8 0 9
8 3 7 3
8 2 8 3
5 2 5 3
18 15 19 15
20 5 20 6
3 2 2 2
14 8 15 8
18 14 18 15
17 12 17 11
14 4 13 4
4 0 4 1
2 5 2 6
4 2 5 2
17 3 17 4
2 16 3 16
17 4 17 3
7 18 7 19
1 5 1 6
2 17 2 16
2 4 2 5
16 14 16 15
2 16 2 17
2 18 2 19
15 19 15 20
0 7 0 8
18 13 18 14
3 16 2 16
7 17 7 18
8 19 8 18
13 8 14 8
19 5 20 5
19 4 19 5
18 4 19 4
1 17 1 16
5 8 5 9
14 19 15 19
19 10 19 9
8 1 8 2
1 7 0 7
10 2 10 3
7 11 6 11
17 3 17 4
6 8 5 8
1 18 2 18
12 6 11 6
1 6 1 7
9 2 10 2
6 9 6 8
0 17 1 17
7 16 7 17
17 2 17 3
5 9 6 9
16 12 17 12
19 17 19 18
4 10 5 10
9 17 9 16
8 13 7 13
1 4 2 4
9 18 9 17
8 10 8 11
2 5 1 5
3 17 3 16
12 1 13 1
7 10 8 10
0 6 1 6
18 20 18 19
20 10 19 10
19 20 18 20
0 2 0 3
14 3 14 4
13 3 12 3
3 10 4 10
5 8 5 9
6 14 6 13
8 20 8 19
14 17 15 17
2 9 2 8
7 1 8 1
2 10 2 9
8 10 7 10
18 16 17 16
8 9 8 10
11 1 12 1
0 3 0 2
15 12 16 12
20 19 20 18
2 17 3 17
17 1 17 2
11 0 11 1
4 1 4 0
4 8 5 8
3 1 3 2
14 18 14 17
10 2 9 2
18 8 17 8
17 2 17 1
3 0 3 1
18 2 17 2
16 13 16 14
0 2 0 3
19 19 19 20
16 14 16 13
1 6 0 6
3 1 3 0
18 5 18 4
0 1 0 2
11 2 10 2
9 13 8 13
12 8 13 8
18 12 18 13
13 2 13 3
15 11 15 12
6 1 7 1
18 7 18 8
11 3 11 2
18 11 18 12
18 12 18 11
18 6 18 5
19 10 20 10
1 5 1 6
14 11 15 11
15 11 14 11
13 18 14 18
19 2 18 2
13 6 12 6
17 7 18 7
14 6 13 6
19 18 19 17
2 9 2 10
16 13 16 14
14 11 15 11
18 10 19 10
14 4 14 3
7 14 6 14
8 11 7 11
1 6 1 5
12 7 12 8
20 2 19 2
12 6 12 7
18 11 18 10
19 12 18 12
20 12 19 12
13 19 13 18
20 20 20 19
18 12 18 11
2 6 2 5
15 4 14 4
8 16 7 16
16 12 16 13
18 19 18 18
9 12 9 13
17 16 18 16
2 16 2 17
14 20 14 19
3 11 3 10
0 4 1 4
2 11 3 11
5 8 4 8
17 15 17 16
20 11 20 12
14 5 14 6
17 6 18 6
8 8 8 9
2 7 2 6
2 10 2 9
7 20 8 20
12 0 11 0
16 11 16 12
17 5 17 6
14 6 14 5
12 2 13 2
17 11 16 11
12 1 12 2
5 9 5 8
7 13 7 14
12 5 12 6
3 2 3 1
1 7 2 7
8 12 8 11
9 11 9 12
3 11 2 11
1 16 2 16
7 14 7 13
7 15 7 14
4 3 4 2
6 15 7 15
13 6 14 6
19 11 20 11
1 17 1 16
8 11 9 11
14 6 13 6
3 12 3 11
0 6 1 6
12 6 12 5
124
20 14 20 15
7 3 7 4
9 16 9 17
7 6 7 7
7 4 7 5
14 5 15 5
16 12 16 13
11 19 11 20
11 15 11 16
11 14 11 15
20 12 20 13
17 0 17 1
5 11 5 12
15 3 15 5
6 8 7 8
18 5 18 6
8 2 8 3
16 10 16 11
5 5 6 5
19 5 19 6
11 0 11 1
5 4 5 5
14 16 15 16
9 5 10 5
2 12 2 13
16 14 17 14
14 3 15 3
3 7 3 8
2 19 3 19
8 5 9 5
18 4 18 5
16 11 16 12
14 8 14 9
1 3 1 4
8 14 8 15
1 16 1 19
7 7 7 8
17 14 17 16
17 8 17 9
9 11 9 12
14 10 15 10
7 10 8 10
2 12 4 12
14 9 14 10
10 15 10 16
17 3 18 3
3 8 3 9
0 5 1 5
18 0 19 0
8 1 8 2
0 11 1 11
14 18 14 19
14 1 14 2
15 10 16 10
5 12 5 13
1 4 1 5
15 8 15 9
16 9 16 10
16 13 16 14
12 7 12 8
9 17 10 17
13 0 14 0
8 1 9 1
7 15 8 15
6 10 7 10
3 9 3 10
19 4 19 5
20 13 20 14
10 18 11 18
12 18 13 18
1 10 3 10
11 18 12 18
19 8 19 9
14 7 14 8
2 7 3 7
2 15 3 15
1 2 2 2
2 3 2 4
13 11 15 11
13 18 14 18
16 8 17 8
15 11 15 12
3 9 4 9
6 9 6 10
17 4 17 6
4 9 6 9
19 9 19 10
8 13 8 14
15 8 16 8
6 3 7 3
14 5 14 7
2 2 2 3
8 10 8 13
16 6 17 6
18 2 18 3
17 8 18 8
18 8 19 8
17 3 17 4
9 1 10 1
8 7 8 9
19 10 19 12
18 5 19 5
2 11 2 12
12 9 13 9
1 10 1 11
0 19 1 19
18 1 18 2
17 12 19 12
18 0 18 1
17 6 17 8
1 11 2 11
12 8 12 9
17 12 17 13
8 10 9 10
10 6 10 7
10 7 11 7
8 17 8 18
3 7 4 7
11 7 12 7
0 8 1 8
8 18 10 18
8 9 8 10
17 13 18 13
8 15 8 17
