40 4
0033120010414300030200400000020000200000
3100000000002000000031000000000100300010
0000000000320000000100001000403010000000
0144003030002000000000401000000040003400
0440000000100400000000000001010000100010
0302202000400004000030000040410000400100
1002000200300400001000012010000040004000
0104000003201100300000200000000000300000
0200200100002000100031340000003003000000
2001004402002110000000300000200302000002
0000000000300040100002200400001140240300
0000000000000020010000000000100000000200
0000030030000000000000002002100000000001
3000000030004011400030032020000010000000
0010003000000420034000004000000300300004
0000100000034200022001000200000040300200
0001000000000030000003200400210022000001
0300002040100000001002010040001432000100
0000300003000000200000002400002000000000
0000030342000040000100204040030020040104
3001000020040020000000030400010000000000
0000000000000044010002000302014000402000
0300000004010010000300400140000301202020
0430002000103000040044040042003000000000
0000003000400000034040430300000002030101
0104020000003300200004404000030001044210
3003100000230003002000201000000000000003
2000000000010000000000000000000002000000
0000004040000300100032000013000020000002
1000200302100003002020302010000020000003
0000100002000200000030400000400000040000
0120000001104000320003003000000010000032
0030000000004000300004000000000000040000
0030204000104142011000030244001300020003
0400000000030000220040010020004300000000
0000020300320001030100400000001000100000
4000000000010030000000040013000010002000
4000020000130300000000000004000020000002
0000000000000340120430000000040301000040
0000001000400000000100000000000000423000
