42 4
010000001100300003100204020100000040040300
010000040040410000030040000010000003300100
003300240000000000000204010000100000000000
210010300000000000001101112203000004003000
000001000000000000040000000020000000002002
300000130020004020044040000000403400000000
230400000000200210001002304000000101010003
002000020300102000000000000000001000000043
030003040321000000000003200100000000400000
144020300000300000400000003120400000000000
000000000000000040000040002300000401001012
000001000000000100000300001002000301400000
040000000004210001000000120000033001000000
000000110040020010000000000042000003000000
200030000001004022000021000100000400000000
030402000020000000003040000043000002004400
300000002012200000300000000000130000000000
000000004000003000000000420000000000000000
000000010103000020002000000000400002000100
000000000000000000400004043010040400000000
201000000000000303000300100023000000000000
000000300200000000000000002000000000000000
100000410000401400000020040000000000000000
001000400030000401000000004000000000002000
000003030020001300010001030000004400000002
000000000100000000410000000000000000000023
300000020040000200000020040001004000100000
000300200003103040000004200200420000002440
000030000000000000003130000000100020000000
000040040030000200200040003000000000200000
010000000000100002004001000003001204100404
100000030000440000420000000000313002000000
234303103004040000000101000240200000000004
002000003000000023001000000300000000000100
000000000000001000000000001030040000002002
202234000021000200000002110000000000320200
030002230000022030000000420000204040030343
100000000000320000010000000030400203000000
010020000000200300333003000000040032000001
200000000004100400100000000344024002000010
000000030000002130000030040030000000300300
000000000200000000410130044030040001100000
