39 4
000030000000000020404000004000000004200
300300004000400220010230003000010001004
001032001001000020000040340410000000200
000020000200000000020000442000000000320
000000010000010400330000032400000002000
040000300010000032000000030003030030000
000020200004000000200430000400240020000
004000000000400303000111010304022004400
000000010000000000020033000000210000000
034032030000000000000000033000003000303
100000000034000041000403200000100400200
000000041000104000000004234020040301200
000000020010010220400000142000100000000
000024030200002200000100024300003000040
000000343202000000020000000003000100000
000000000100000024003000000302100100000
040011013330020000003430103200000000200
000000330300001004203003000021000000001
021000000002030030000000020000001004000
000040011303300000000400000020000000030
401000010000004000400120000100000040100
000410000100020000400400200400004002100
300300000010000000003200000200000100010
000000000040000000000301000030000000102
000002230000100003000000000200100000000
000000000000000300000003002000000000011
004001003000023002000000100032100002000
001404000200000400404010000100200000011
042010000000000000004010031403000040300
030000000000040001100002000100400301320
323204000021000000010040040000000000004
010104301000000442032000000000000103101
000040020000000004000000030310000002041
420000020000400004000200003200000000000
000302002000100043004000031000100004004
122000004020000100100333014402004042010
004040000000010004420420100010030303300
022032100400000002020201001000300000000
000401000300000400000000000000000340100
