43 4
0042000000000000021000104000002300000004030
0000000310000000002300000301000000040000032
0210200030000000000000010200000200000002000
0030004000000000304000000000000000030002040
0023000000000004400000000200000000200200000
0000001044000000000400000000001000000032400
4300000000000300000030040214004000000000004
0000000040000301000000000030000000000030010
0010000000000000000440000040300201003030000
0400000000300040000000000001000000000020004
0400000031001023200030040300300000140402011
0000000012010200030002000010100100400040441
2000000030000000000040000200010300010000020
0000000000000000000200000030000000000000403
0100000300000010000030021440001200400001023
2003100000002000011021400000302000300304040
4340010001000002000200020000000002400000000
0000000244000002040000000004000000100002000
0030003000000011000200000000000200000010000
0000130000200000000003003334220010103001000
0000000000003000000000001000302000000100001
2300000030000000002003000000000000003004000
0001004014002030000020000100000320000000000
0100002000000004000000240010300000002100000
0200000040000000000000031230000000000001000
1004200300101020100000000041010440040203010
3000402200000000300140001000300000000000400
0030400000030000000412022000000000402000000
0001000104200000020000300000000404000300100
0320000000000002000100003020100040000001000
0000004000040400003000000000000400000000002
0000100002000310400000000400303040210002000
0000300000000000000020404000000040300000001
0000000004030004040000000000303000000002403
3002003000030020000000000000002004000300003
0200000432030200031100430000000000000010100
0200000000000010220210000020003000000400301
0000000020000000000001000100000000004310400
0000010000000000010130000001000000310000000
0000000041043010030000200000010403000000000
0001000000000000000000000010004100000320000
0000000000040400200000000000020000000000040
0102400032000022420000000000041000000000003
