41 4
00004100300000000103000003000100000104000
10000000440000000330410000000300000004000
00001102003004010002001100000000000000200
00003012300404000000000000001400100000000
00000000004033340000000000310000200000020
00004010004004100210000000023040000320000
00020001001000000040040002030000000030000
00012340400300210130000041100020000200004
20000030304000200000003000100002023002000
00000300010010400020030000000000301020000
00002000000000030000201040000040000100000
01000403400000000000000000021000000010001
40000010001020400000200024000010001000301
10100041000000200000020000040000044300040
00040100000000300000400000010000000000030
00000000022000000000302101000030000000400
40000003100020000403000000000021030020140
00000301000003200004000010000030320400402
00030020010040032000030301203000040000000
00001000041000230003001000020030000010002
00100230120000001303102000000003000000040
00042023010020000100010000202000410000000
03000130000100002004000000000300020010000
00000200000004022000030010203001200003000
03000010441100000040000000000040010020040
13000400030002024000030000000003000041000
34000300000200001000004000000002000000000
00200030100400000042000403003003001000000
04000040010000000000000230000000020000000
02000300410004100124000000040000020300203
00000000000030004000000003000200200103010
00010000000030003000000000020400001420000
00000001000103300000400303000021002004040
00000300000000000004000000034040020000000
00401420004400000000010000100002200000000
40000000000000010000300004000400000000000
00020002204030002000320000400000000400020
00000000000000100242000001300000403000002
20300000000200000000000000203300000040030
00420000000000400000000001100300030022004
00041000023400000000000000402003000000000
