45 4
102000000200030000000001000000021120000000000
000040000001000030000000000300000000000200000
000000000000000000020210010020000000001000200
000000040000000000011400000000002004000230000
000000313000000000000000404000003200000200002
002001120214000000004020000240000004000002000
000030013000000000100040042000020020100000004
201000003000200400000400000014000000040001100
000040000001000300000003000000001014000002004
000004000000000000040400000000000002000000000
000000000000000000040020200100020400000000003
000000040000004030000003200100000400000000000
003002040000000000004000000000000110101012030
030402040000003002300010002000300041000000020
300003030000002020010020003000300000000000001
040010000000300101000000000000000100131400000
001300000000430040300000000100400000040000100
000200000202000000000040300000003000400030000
000014400020001002000410000000200000000030000
030000034000000400200033000000004000000000201
030400000010000000003000000100000000001020000
300000000001040004000000000000000003100000000
030102000040000000000200000100000020000001330
010303000004003000003000000040000200303000000
402010000400003002000202000200000000000300000
000000000000000000000000020004301130204000000
400000002200200000400002020030001000400000200
030200000000310030000000304200000030000020100
000000020000300000000000000000000030000000000
000000004000000012100400200100400010433000000
000000020030300030000030000300014000000000400
000000002010004200000000000200000000000002000
000000000000000000000400300030001000040002000
001000004000000100000000040004300003000201002
300134001030400000000000004002042000000002000
410040000411000200000010000300000003300000014
110000230400004030020001300000400000202001000
000000000100000300000000000000020000400000022
040000030000004004400000002000000004000000010
000000000000100003002000000000004000201010000
011000000200000000000000300004020000300000000
000303000000000000320000000000000000100300040
200000000000000000004100000001000100000000002
000100000310040000030000030000001004000003000
410300200000301000040000000000000030400000400
