43 4
0400103030040010203002020300000330004000400
0020000012300000000000000000002200000004000
0000340000000000340000000000410004300000000
0000340000000000000021200401002110030000000
0300000200042000000000000000000000000020304
0000003404000000000020000103300332000000003
0000030300000000000204000000000000043100044
3402002100000001043000000000000000000300040
0000000000000000000303000010402000000000000
2002000300030000000000000000010200003110000
1000000000100000000000000000200000000013000
0000010010030200040000104010320003000040000
3000040000000000000400210000030000000000001
0000000000011000300000040000000000200402000
0300000110001100030000003040024001020000000
0003400001420000000000400410000000000030000
0000102000000020040000031000200043001000010
0030000000400200001004000000010003020000400
0000000100300000000000000000000400300000000
0000000210000000000000020040100000002000000
0011000000310200303004200200000020000100402
0000000000000400110010013000000000030001000
3040000000000002100000300003100400000040303
0000004000104000000000010000000010003000000
2040002002000030040002020023000104000000230
0000002220000000043220040040040000000011000
0000000100240010000202200002404000024000030
0001400400000400030310000000100200000000402
0003000201000000002340001040000000300000032
0000100000001000000001000010030000020301100
0021020020002040000000000000030010000000300
1210020400000300031000400010000000040040004
0000000030000000400000000000000030000020040
0001000000130000000004020000000000000000000
1020000002000204440000004203300040000000002
0030320000002000000003040000000000302000000
0002000000100230300041000020000010000000020
0041404000000000000400010100000000000000000
3100000020100000400000010000004002000101400
0130200200000000000000000000000002000000000
2300000340004000340003000000102034030423003
0200400000001000000000032000004040001000000
0000100000000040000000000000030200010000010
