45 4
000004200000000000004004004000300200000300030
400003000040000000011000000240000040300300010
000000040100002004030000202000000000001000001
002400320041030000100000040000300100303000020
000000020200000040100030000000040000000410040
000000004000000000000004000000020013000000030
030004000010400000000000000020001300000000311
003000000001000000000000400300003023030202000
003000000400000003013100003000014002000000000
040000000000103100200000000000040013000002000
000030030002000000000000000000300000300000000
000000200004302100200000000300004002001000000
210100000000000200000000000020000020000000000
020300101010000003001000100400003000033000000
030100040000010000011040202000000000000000400
000000010200000000101302000100004000003200020
020000000000001000000300000020003400040030300
000400000400000300400000100000440000000034000
004000000020400000200201000020000000000040000
030100001002000400040000000000000000000000000
004030000000000001000000000030000002003000202
010000010000010000000040000041000200000000000
030000000000000202300000003000000000033000000
004300000200300000100040000000000003000040002
000000300000000000000000030002000004000000001
010000201400000040000000000000000003010040000
000000200000030000000002302000000000000000040
001003000002021010440000030103000000004020430
000000020000000010000024040010000003002000300
000100010200404000000000400000000000030013000
000000004000000000400000000000000000000000004
000000040002043000010110010000000000040000000
000002000302000020004000000000000003320100040
220004000101004232000000000000003000010400014
100000222002004110010400000001000000034040000
000001400020020003000401000200000000000030000
400010000300000002000001000300000001000000200
400020040000001000001000000020000000001000000
120102100000043000000030000300040000000100000
000000002000003100002000030000200000030000000
000200000000010330000400100000300300000000000
000000024000000000000000140030000040020000020
020002000044200000000020000000000023000304000
000000000000001000100000200300000000000010000
000010020004013410002004000000000000000200040
