39 4
040000000100100000410424420000004230400
040000200002030400340000004000000400000
010002000000000000004000203000020200041
440001000114000214100000030202003000000
200020000003300400030000400300022200002
004310200002003100402030002030400010200
000100004040000002020000000000001000030
100200003002020002000000102020000300400
002000402000100001030030401210004010000
000410002240000341041000020000120021000
301210000400100001010003021030001001000
000003000400300000000020000000000000000
031021000000300000000000020010000003400
040404000004400200000000000004104030000
000030000000000000000300040400330000200
000310100020000200043003024004021100000
002000002420010010004002004000000001200
000000003100213102010000400000400004100
300020100000020000320210000000204002003
230400000021000100111200004100000000014
000223004000003000030000000000300022400
000003000200030430004313000034400000000
000000100000004020003040000300200000200
000300000002003004000001400001000040000
000020300000100030000004001310000030300
000000000020020000003031003030030400004
003400000030000000040000002200020203001
000020000200400000000000000000000030000
020000304000000310000003001010000000000
003000002000040020000100000001210300010
000010320000000000100030010040000100000
000000010000001020100020300400403030100
000000004000000003334000000302200401000
000000002000010002010001000004040100303
000000000000300000000000410400000400010
010030030300000000400000400104000000030
240010002004000400002000000010000000100
000330200104000000001030000310030200403
003000044000000040300300010000040000000
