42 4
000000000000000000000200000104011040004000
310200001020003000004020000200000100400040
304000000200000010002003000400002400203000
000000202000200002004100042330000003400000
000004004000100200231200000000000000000000
010044002002210000002000013000000000030010
300300043031000300300203020002040002000000
000030400000000003131001040000000020000400
000000204200020000004040142000030000440000
440400403000020003200002040000200040000040
040010000003000401000004000032000300000002
131003000020030030003000000300100010000000
010000000000000400300040020120020000000010
000300133003400400000010010030001010000000
400000010000120100000000142003002000000000
000100300000130040000000012002000040000000
020000004000000103000030010000000000003000
000004300000002002400001003004040130000000
000200000041010000400030002002000000000000
420000000000000000000000000001300100400000
000000000000040000304300400001030040001000
040100300000300000232004001004000003400000
000241000010000200000030014000400000002000
000034100020000000002040000000012004000020
000040000000400000040000000000000004030040
100000000100000000000300000000000010000001
200003000000020020000000030004000000400400
000200000100300000320101000000330000000003
020000000140001000000000002000000100010200
000000001000100000024000000000400000000030
002000000000002000000000000000210000000000
004043003000004000000100040001030042200000
000030030000200000000000020000000040001040
000000000300000300000000004000000000000100
302040000000002001000000300000000100000020
002200040000200002000200000001030000000000
000003001040000000000300100001000000004010
203102002100000003200220000204002003030300
020100021000001000301010030000001000300000
000001001204100200003004340120000000010400
003004004000100330000203000000000010000000
000000000100400003000000023000400000303131
