45 4
000010000040000001040120000002040010000010000
000000000000000304000030000000001003200000010
300002000000000200400004440030000000023000100
000003000300300000300000204000000022030000000
000001300004000030040002000410000002000033020
000000300002003010000000000000000020000000000
000200002000001000000000000000030303000000200
201000200400000000000100000401004000200000000
000040000000413000000001100230000022100000000
031000000000000003001000001000002010000002000
040000004004100104000000440200000010004000003
000300000000000200003030000000400000300000002
000000000000000001004000000232002000300002200
000013400403400001000020000000004100400000004
000000000020030002400104000000000001020010000
040103000000230343000010000000000000400001001
100101100000100003040000000040000300000000000
003000000413000400000000000003000000000201000
003000100000000000000400000022004000000420000
000000000100300000000000200000000000000004000
000000000000040000002020400000000000001203030
400000000000000100401000040000000304400020000
000004003030000000400300000000001003010000001
003103000000000000030000230000400000300021004
003010000000040000042000240200100010021000040
300000004002000002003200300300000000310000000
042400000030010000100400300000000000003000000
000000020400204042000400200400001000000000004
000000000000000000030030000040001000000004000
000400002000021000000000004000000000402000340
000000000000001000120002100030000000200000000
000030000004000000120000003000002002000000000
002000200003000000020000123200002200000040000
010000000001000200000000020000000000000300000
004000000000002000000000000100000000000000402
000000111020000000020000030040000000000040400
000000200300000100000040300010000002000000110
001000001000000000001020000000000000000103000
200000040300021000010030000000100000010000004
301000000400000000003000000000020000000200000
030000000200000003002200003030300000030014000
000420004004000200300100001000000000004000004
000000002300000000002010000000100040004001031
003004040030130200324000000100030300000000000
000001000100000000300030004000000200100400000
