42 4
000000000001000000001001030000000004000300
301030320000040000000001000002040000040120
040020000000010000202030340000003040030000
000010000000004000000040000000300010004000
000000001200002200000000000000400000000300
000002000000020000000001400201300200000000
000002020000020010300000203000041000000000
030000000010000304441300032300310010100030
102004000000130000000000034000000010001002
030300000100000001000000000002000202000000
000000010000000000002303041003040000333200
003000000000000100000040000000320100000000
004114000030000400000220031404000000000000
003000130300000400200000001000300400020000
000002000002030000000000000000420040300403
300000000213000040000300120210020010002000
000000000101000040000320000020000200001230
030000000200440020000000000100100031000310
040001300020000031040100020000100002200000
000030400020400000000001000000001000103400
004022000020040020000030000000030000400004
030002024000000003000000040000000000002400
040000040000001000000000003014000300000000
010204300400003003000000110000401000100040
003000000100200000000001000000000030000210
040000001000100000000300000000000032030000
200000200200020000000000020000000040100000
000034000000000002000200001020000000000000
004000400300100040000300002000100440400110
020000000000000010000400403000000020000014
000400000000100000420000002002003320010000
000000001200000000200041040000000000200400
002040000300000000000104400000000020010040
343100200103000000020430202001000100004300
032000001000000204023010000100000000440404
000000000000003002040000004000440000030000
000000004033000000330133200042001200021004
000000030000000000000000000202002000000010
000410040000000030002040003100000001000010
001100000000004000000004000000402000000010
043000010000001000000000020030000000000010
001000300000000340030400000322000000004030
