44 4
00000000012000000000040000400000042000000003
00100003000000100400000040000000020001000012
00000000300000100002100040000000300041000000
00000020242000000000403302200000000010000040
01000031010000000000000410000304300140000301
10100000000004020032000000000000330020001000
30000000004000400000020000002000000000000022
01000000003030042000001133000000020000000130
00000000010000000302020000000003300000200400
00000000000303002100000004000030000010030002
00004000000000000000000002000000100030000003
20200000000003000000004000000000000000000400
00000004000200000000000004031204000030020010
00000030000002020010002000000030140000043021
00000010300000000000000003000010020410000201
01100040020300000304013000000000000044010000
00000100110000040000000000000000000001000001
10000000000000000300000000400003400030000001
00000000000400000000040110400044000003200000
00003004040000004040000000004304000004000000
00010200030040000300200000000030000400000001
00004102000001002030004000000000100100003000
00000400010000300000020000400003003302003000
01101000000000003000000422000010010000000300
20000000303000000000010234300000002100000000
00000040003000000000320300004000000000040000
00400000010020004002000000000003000000004000
03000200000003000120000000032000000030300000
04000000000000030000000002000200000000010000
00400000000000000040030000000002004400000003
02001000100000230000000300440200010000000000
03010044130000013002030004104000042010000000
00001000030000000000002000000110000000004000
00120000000031020000000000000400000002200000
00202000000000210000040000020004001000000000
22000023004000030003040001000030000103022000
02000020220002402000000010300000000020000000
00004000010034310010000000000032013000002000
40000000140000000040000020001000002000000002
00340014000100000000004004000010000000000300
04000030300000040020030000003010200031040000
00204000400000000200000010000100000004000000
00220020203000000020000400000010000000000014
00004100100000400200000000000030000040200000
