43 4
0000400002000000000100000004100100000000040
2002100000001000200020300000000000102001000
0300020230002100000000343000302204010000020
0041000000000004000000010440000010000000000
0000000003003000000004000000040130000003000
0000000000402000001040000000000000004000203
0000000000000200021000030000400000301002000
2000000031000403003000010000000230000000002
0000000421002000000100000001001100000040000
0000304000000100400000000010302421000000003
0000040000003000000000000040000000100000021
0000000400000000001040000020014000002000200
0003003300020300000200000000004000400040000
0300000030000000400200000004000010203000000
0100300010000204103400000000002200001200000
0200000000000000320000003041000020000003000
4000000010000000000200301300000000000010000
0200320000404300300000004440000320300300000
0001000304030020433020000202001000000000000
0000410120240200000000330400010002000000000
3000000400000002004000001001000200140000002
0000000000001000000100110300100000000000011
0000000000400000044000303000020000001410000
3300200003000000004000000300000020400203000
0401010002000300000000041040030000000000020
0012300041003001000000400010000000000000000
0000000000000010400200000004000400040003140
4000014000000002010000000000000000010000000
0000000000000002421000000001300300000002030
0040030100000031000000000000000000000440020
0003000403000300001000003000010040034000100
0024040000330004000000110000003000000010000
0001020000110400000040000000002000000000000
0000400040003000400300300200000000000010000
2000000000000200011400300100010000004003200
1000040002000400030003000000204000030000000
0000432000030320030000000000004030000030012
0040000000400311000200200010000000010000000
0010000003004000000003030000000000100004400
0000001010002300000240200200104000220003002
0000020000000000000000000003000332000040000
2000140204200020000020200210000000200030300
2000200400000000003000000000000000000004010
