44 4
00020000000003010000000030210001000103100000
00000020303000000000000000000004011000340000
00400000000010040000000003200033000000000000
00100000010000020300000300040000400000003000
00010100004024040000000000000000004020000400
00000000204000243210000000002303200200010000
03002300200000000000100001100000000000000000
30000000030002043000040000000000000020200000
04000000420040000043000040400020000000003000
00000300430402000000000030020103000004000200
00400004000000300400400300000000010000000040
01000000430000000030000030000200000120000400
01000000010000000200000000000000000000304000
00200030020000000000001020000030344000000000
30000000020012420003001300030000003000400010
00020003042000000000004010201000000001400000
00000200000001140000000000000020000000001000
00420010040000000203000000100200010300101220
03000400001000430020000000002002032000000000
00040000421000000000000030000000100004010301
00000010201000200000000000000000000000000030
00000000300000020010000330000220401000010020
40000000040000000001000000000001400002003220
00002004000430000000000000000000030000000400
00000010000000040000100000002020020020000021
00000000042000000004000000000000000004000020
00000300300000000004000000033200000101000040
40013000000004000000020000200203000000000000
12000000040200013000400000300000024003000000
40240000000003001042300010003000000104004000
00400010000000000000000000000000000000400000
00003310004040200000000000000000000010000000
40000000021000400000000000010000300000033400
00100000000030000000000000300000000000032300
00000040002000003300000001000000400100001300
00003001000000300020020420230000200100100002
00000000200000000320000000000000001000000401
00003000001020000001000400044000001033000210
00000000003000000420000000300004010004000000
00000004000100000000000302001010031020300000
02040000400000001001103001001230000002000000
00001040000000011000000400400000020400003111
00200000200000100000000000000001130040201200
00000140404030000040033000330400000020000020
