41 4
00420000013000004410003400000004030030403
00000002000003000100000000003000000400000
03000020000440401000000000200010001300000
02400003003001124004100003004440100000202
00001020000200042000404000141100000000000
00030000000103303000000001000000020000000
00000000020010000003000204031000000000000
00200300003000004140001001000000002400000
43000002040003003000002030001000001000000
01020000000004100031002003000000002000000
10233040210000030000300340132000000300400
02000001040020120002001000001000000001000
04003010040022000100400002040000100000000
00000000203000044000404021000300000100000
00000000000300400030000000403000000100003
00000400004002042011010000000302000444000
00000000000000032000000013000002000000200
00040000000020000000240000000200000000400
00030030040202000000030000030000103000100
20300003000030020001000000200004003040030
34100000003000440020002000202000000040000
04003003210002002000402000002400000000310
00100000000000400000000000200000010003010
04000200000000100022000200030000001000000
02000000041000030000110400030001042000000
20000011004000000000000200100200000000000
00000002210300000002000002000000000300000
00020001020000010000000000000000300000000
30000000000000000000300002000041002001000
00000000100020314040000000000003000000210
00000141004000000000200002004200100003000
00002300301000003100004000004000100022001
00200100440040040000000000000000040043000
00040400410100000000000010002004120000003
00030000100300000001000020020000040300010
20000004220300040000002000000010040040000
03030003000011000000044020000000310002000
04000030003003000300400000000030201000000
10330003000020100000012003033200200040003
03000000001200231003000000004000001000040
00000340100400300000001040040100000000100
