44 4
10000000000030000000303103000000200000020000
00020000004000043000002000330000000000000000
10031403004330000000301000200300000000000002
44300000030000040104400000000000020010000000
00040000000000000004000000030001040000300000
00000104000120002000000000000040041303003000
00003020000000000400300003000000000000301142
02000404003130040000210100000000000000300000
00000000000402003000001041300030002030200000
00004000002003022004000040000000100402000000
01000103014000000000010200000033030403000000
40004420000400001000000200300000403003000300
01020000412000000000000100030040000000002002
00000000200004401301300002014000000000000000
02000020000310410100003000000000000000020200
00000013000003000003000000021100000000000001
10030000000000300210000000000020000000300000
00040100040014000000000000000000000300000040
00000000000000000020000003001040000000002000
00002000030020300041000000040000010210000040
40102000000000000300000000000000001000000000
00024000030200000000010000021000000000010000
03000040000000000000000000003422040000000000
00202330400340000002100002000000004100000000
20020020000100002000000300010003003040000100
00000000300404000000000004000003000000100044
00000000400000000003020000000000000000000000
00003000000001000000102403000000000000001301
00012002002000100000434000002000000000300000
03020000002000020000400020000000000020030300
00100000000402011000403010000000310000240000
00310000030200000000100000004010103000000000
00000030200010040010011010000000000014000000
04000203040000000020030002000100000000000000
00000000004000000010000000013000400011002000
00000000040040004023040003000203000030000004
00400000220000000000030000000043000000000000
00040000000000000200000000010000000000020220
00004030200400300100010000000000010010000000
00001002000000000200000000010020020001300000
00030020000003000400033000040000004140001004
00000100001000001040002002002400000030000400
00000000400200000011200402020000004000000000
00040104100002000102000042000000000020200000
