41 4
30000201000000200030000020014000001100040
00000030024300300030402000001000001010000
00303300010000000000031000100320300000000
00030000004302430030000004002000000000000
40000430004000000002020000040040020000010
00000030000101000004030303000000400210001
00000400232000000000000000001000000000001
00003004010023000103303010000000000000004
00030000000004001000000000000030000000100
00100024002020014000200400002000000000000
02200124040000001000000000101000000020000
23000400230000040100004410000000000000000
03014000000400010300200003000020000300301
01000000020240000020044000003400301200000
04022333004000000030040000000100002300230
04000030001002000004000000000000042000000
01400040003000000003120030000000304002000
04000000000400013000002023003000000002000
03004001000000020000100000400420000000400
10000001000000020300000000000000003200104
00000030000020030004000001001000100000000
00000000000300000003000103000000022101000
00200200101300100003000000401210040001300
00000340200100300000000030010000200000020
03400000300220002020000000000023301030000
00000010400110000100000020010000400030103
00000021000000001000020004420003100001400
01000004000200002000040000030001030002201
44004000000040022400000000003001040000000
00000100000030000020130400041200000000000
00041004040000020000000000104000020000203
20400000410000100000000000000000003400000
00003140000001000004103040000030100000000
00000000004000000004000002000000400002100
21000400001000001000300000000020000000000
00000020400020000000002000000000020034220
04000100304000000000100000000400000040000
00000432020013100401200003000030001220000
00030004100000010030303000000000000100300
00000404020040000220002304000200000000041
10402003002000000002000004000000003040030
