42 4
000300300000010000001000000004014030034000
000000000000400000000001004300423000200000
003004000000000000420003110300000000001003
001000000200040004002020320032030000000000
000000400000410030040042000100000000000004
000100000000040200400000300012223002402430
231400000430000000010030103042000000000000
003000104000000000000003003000203032000000
020100000024000030000000000200000200000000
000003440001000300030000000000200010000010
020000000000000104000100000040200010020040
200000000000100000000001001041000000044000
000003000002000001004001300000000000023000
200000003002004000002410000000000300000003
400000000000000200000001000004030002000000
002030000003002300120003204000000002001020
000402003010032041000030003204000000000040
000040101400010100000000012020000030000000
001040000330000003000000000003100000000001
000000000221000000000200002000000000301000
000000010400400000400000100400000020100100
010210402010302014000000040000000000000000
000000223000010020010001000400000000000044
000000140000000200100003000000410000400000
000000000000000030000300000330020000404000
003033400000010000000000000020300010034003
000300002400000000000030010000000000100000
000400000410000240000040300020000130000402
000000000004000031001000230100000004004000
000000000100000103000024000300000100020010
000300030000000000004000300000000300000200
000000200021000000404000000041200000001000
000000030004000010100000400000001100000302
000104400000001001000000004000030000020112
020000000230000240000000000200000000000300
003000003004000000000202003000203000400100
030040200001002000000001001000200004002020
300002000000000000000004000200100301000000
004001002141000000000003403110300004000000
000200000003000000003004040123403030002000
040000000023202000000440001040020000002020
400000100100031003000000002000300000420000
