40 4
0000002000001000003000410002300000303000
0030022000300000110000030010003003000310
0442000001001304030000040000001400200000
0003430000004003000100400030200300003003
0000000003000010200000000000000000002000
0000030400000040302000000000000000310000
0000003200000300000003004220000200000000
0003003010020300200010000000000002000203
4000000102000000000100000100300100000000
1302014000003000023001001000003000004000
0040030200400000000000114000000003003000
4000020000000000000320044004000000000010
0200010002000000204403400002000000401302
0000030010040000024000000310302001001401
0000004200000002000030000030002000000000
0000400020200000030403010000100300001000
0002400014400000002010403000010000100000
0001020000400030400000010000003000000020
0000004030001000000000400000000400234030
2000001044004002000330040400204000000000
3100003200000300010000000000002004213000
0000320000200000300010000002000000000004
4210000044020000140000000011000030400020
4140000001000002001004010220300003140020
0004000003000000002000000000000043000000
0000100003000010100000000130000000102000
0200400000002002030013020040000000000000
0020000003210000300302101020104000220000
0000430200010000000000000040000000102410
0000020003004000202040020000403000000000
0200104203200003000000000000300002100002
0000300040000200000104040000020000000000
0002000310002014000001103030004000300000
2010401004000400101001000000000010000002
0000000000000044000000000000011000012104
4300004000200000020000000000000000102001
0000000000030004000003000120304434010343
4043000140004000303000000022240000100003
0000041021300011002000001020000004000000
3000100020300010000004100040200020040040
