40 4
4000020000030001000040000000000200340000
0000000000020033000000000000000102001000
0040040400003000302010000000000400210020
0004000040000000000000002000100340020000
4001000204024000000030010101004410000002
0400000000210000000000000000000000002000
0004000411000040010000000020020012000200
0000024020020400100010030003000300030102
2020000040001000000001200410000030000040
0002400000000030000100400000000002000000
4002000430000040400230020000000000002030
0000014040000444401000003024000400000000
0004101000000003001000020010000000300013
0030000023000000001000104204000003000002
0000203004040000200010000200102002000010
0303220000001020000000400000003000000040
0040300000003400000104000000040000000003
0003134030003000000003000004104304003030
0000000320300102000430004000220001000300
0400202300000010004340000000410300000040
0040000000000000000000000100003000010003
0023000010000000000000002000020000000100
1400204000312203230000000100040401020000
0000010000402230000001010000300000000001
0002000000000400104030000000000010000010
0002003000000401100000000000001200003000
4300000000000000000002000012220101002400
0003003100300300300000000020200000010000
0103041202003400100001300000001000020000
0000300000000000004201300040000004020230
0000000001000014000103200300000002000000
0000012300200001000020300142430000000000
2000000003000000040000300001000000030210
0400004040030430300200000000000020000004
0010020000000000000103000404000000000000
0000010000000030001010010000000000000000
0331002014120313000100220430300200100230
1000000000000004003420104300422001023214
4400030400000130300020000000044000000002
0003300010004003100000000010000003000003
