41 4
20000001000240000001103000000000000000001
00000400002000100000020400200000004002000
00000020000000000000000000001002000100032
12002100000000000003100004100022300002020
00000000030000004000020000000100030340424
10410000000000010000000000000000214010202
00100000300000000000030023001030043000000
00100003400034004000000401004000003204001
00003004000001400100002003000100000000040
10000003130000032000000000003440000000300
00000000000200020000002130030020033042000
40000300010000402000000000000400002000000
00011300030000000012004003000030410323140
34400000000000000400000400010314004000000
31400000000000001002000003300000000001000
13200000000002000000004120004000000000100
00004002300000300040401000000040000030000
30000430000000002004000000000010000134000
00000040001401000400313000300000102001400
20000300000004000000420040200022000003000
00000400030000000000300000030000000000020
00000103000020400200401003020100002000000
00000000210310200003001021100400000002000
02320000000010000100000300000000400030004
10300000004000200310010000010200000000000
00020000220000400000040000001010010101100
04202030003000000002000000000200000020100
10400000003000403220000020000400000000200
40400000000003011003003000000000300000300
00012000000000000002003000000400200000340
00210000011030000000001000200040000000240
00001000030300002304000000010030000000000
00000020302001100001000300000300000000302
10000000000314130040400000100000000000402
13000030000100000000300100000000000020024
00001100000020400000000040000000000000000
10030040000000020004000300340200000200000
00040004000000400040100040000400000400004
41420430030002000002420223000000004000002
30204410042020000103000000000000000000000
00100304000032000200000300031000300020000
