42 4
034304020100023002000040401030004000002000
000003000000000020000000003000002001000020
000110201000000000000000000000402000030300
000000003000000000000101000031000000000000
002200400000000003003000000200000000000000
400100003200301004000140001010000000034020
200000100300011200004200000004004000034104
000000001000000000000001022300300000041200
000000100000000100000001040200000010000000
000003000020000000042000030000200002010000
003000000000000014300240330030001003000400
000003000000300000400000040204300401002120
004023000000400002001000000000030113000000
000040000000000000000000310000002010030400
000000200000400000000000002040402000000000
000303213220004000300020004000004000000000
100400000300000003000033000002000000010003
000040000004000000300000400210000400000000
003000120010004000000010000000201003010433
003040000040000030000200400012000000400000
000000030104030000002000000020100300000400
001000103000043220000300022000100000000000
420200000300004000040004000010400000000030
300000000300400001000000000000300003000000
003100020020000101000000020200000004100000
200200041000100000004000000000303000000000
000003002001000302142000000230000000044000
040210000430002000000001000030000000000000
004040042001020000200000200000100000000000
020000142203100000000000000001304001403023
100000000411000100003200230000000000000400
100002000020030304201310040000000030000230
000400030100000030000000040000000110000000
000004002004000000000003002000000000002200
112000200000004000000000430000001203200010
000010300004301002004004000000013000211000
000000004300000013400020100000000040000000
000032400000000030004000000001400400012004
004000410010000003000000400000003400004001
000100000000030200203000200000100100000000
040214300011000000002000000000000000000300
000000040000020000000000000020000000020400
