40 4
0010001000000032004000020000000044000000
0000300004000330300000113100023000000000
0000000410000020020000003003024200000104
4000000000440001000002400013000010040004
0400011300000000000000000000000000044000
0020002000000004000001000000104040000011
0012430303300200420001400000420004000020
0000002001000000000002003110040000200020
0000001240000001000000000000100001330000
4003030000430240000000323000000000020010
3000000000000302020130000000030403000020
0000000000400003200004200420200004040022
0000000400000300000003040030200000000000
0000000010003041000000003004300000000000
0401100000000040244000000000003000000000
4400010200000430000200000000400044000000
0000100000000000000000000000000333400200
0130010000040122003000040140010000300002
0024003210003000100030000000201003002000
4230000000001000430000300000000000000000
0300400012400020400000003000000000002002
0020001000000340023020000000000012000120
1014000001300000300003040200200210000000
0004020000000000003240000400000030010000
2420010400000000001020030000000000000201
1000024000102000000003000030300003110030
0010000004300040100402000004303242010000
0430033000400001000000001000000033000141
0040000204002000020400000000000000202000
0100000000200103000000000002000000030340
0000300041001003100200002040000000000000
1010042000000000400002201000001000331003
0030300001000000000000000000014000000040
0022000433011000104004000000010000000002
0030330000000020301011043000000000001020
0220000030000004113000002000000020000000
1200400410040002200000000100002404000000
0012100100000040000000000000004001100000
2200134000000002000300000001000000003023
0000000113300000001000033200200000000400
