43 4
0030300000000000000010300000002002400000000
0000000200000200020000023000032001003000030
3000000000001000000041000002400000040000004
4400000000030000000000003000030000202004000
0000040020000000400000000000004300100000040
2200201002023000000000000000220320000020001
0000000300000001020400002004300003000004400
0000000040020100300000041001001000003000000
0030400000000010000024033004020000000000200
0030000000041000240002020400000000000002000
3000004000010000004002000000100010301020000
0000020200014000002000000000000000000000000
0000000000103000100000200000000300020200000
0000000030000000000000004010003000000000030
0030000002200004002300400000000102003000000
0001040000201300003003000033000100000410300
0201400003010004000040020000000010000000402
0000000041000000040200030000100000010300003
0002400000130001000000303000020000000010001
0300100010001002000000000000000000000304100
0400000002000000020000440000000000000040403
1300020110001100010100400200102000000040010
0001000000000030000003034004300001200400000
0400000002102000000100030000000000000001000
0043000020000000003024201000000004000021000
0002124000300000001000000004000044000000001
0304040000002000020000000000000000003000100
0020300040300030000010000020004000300024020
0000000404030000000004000000000404300000001
0000000301030100100000000032000000000200410
0400000013000000033000044000000000000000000
3300200000000000300000000100000004001000000
0022012102420003002300000304000000030000002
0000000000010414000300001110000000100020000
0002000000000403000001200110301000300000020
0000000014003000000000001003020010000400004
0000000300000320002030000002000000000002000
0000000000100400002020000340000414000000100
1000100000204000004001010200000000002000000
0000300302404003000100001000004000300004104
4000400300000000000003002000200100000000020
0000100000000000000040040040100103000040000
0300000000000230000020001000000303040400000
