42 4
003004000030014001200000304000000000040200
000030000000000303000010000400004300200000
020000000001040000100001000020200041000000
200320000003000000000000004030030002000200
324200200000000000000400000010200000200000
200300002010000000000200000000000000000000
002200000000000000002000034010000100300303
000004020000000000000022303200110000040000
010000000000030000000303010000220000200000
000100010310000023000000000000004002100003
400000000004000002000404011000000000030000
000300000000100000000040000000002002000000
000304000300040002000040000000002102000000
000000300000032300000000400000240020003000
000000000001000010000014100000000001200320
000200200001100000000200003040000000000000
000000232000002000300000000000030020004030
001000000000200001000000040010000000040420
000000304030000000000011001000000000010004
000010000000040000403330300003401110000403
002000004030000000000000000000003000010320
000030000004200002001000000010300000410000
000000030020020400400000004000000000000003
040020001000300000000400003000000010100000
300000000400000000030001300000100000040000
200100000002000040000000002040100101040000
002000004000003210000004000001004000024140
100000003002020000030014300400000200030000
000000000101000200000000000000403001004200
100000000000000000000000000020100002000000
041030000430300000020400101020000043001002
040100000000000000040010200000000300124104
000000220400200030000000002300400000000030
012000000200040000000000010000030000040402
000200103000040400000000001000004030000040
000032000310030002040000301000103000000100
020030000000001000014000001440000010000002
200000100010300000000020000021040010042203
030000000130403004330000100012100000000000
000000022004003010430000200030400140140200
400000000010300203403004304000003420000030
044002034001400400000001410100000003000000
