43 4
0204000003300300020003000004230000000000030
0000003000030002030004400003000010010000000
2000004000330002000000000014000000030400000
2300000000003010000000004000001001000001000
4010300100030000004020000000003000011200000
0004000010003030001001000000000200000000000
0300000000000000000000010040020000400000000
0000004200100000204000010130000020000004000
0000001000010004004000010000030003000000000
3000000014000004001041400400100000320004020
0400040000011032000002002000010000040000000
0000110003004000000400014020440004034000010
0100000010200002000100000000000000203004000
0041201000003000000400001000000100021000200
3000000400000301100000000000010003000000000
0000000000003001400000000000000000000000000
0000000001030000040010002000400101000000000
0000040300030014010400200030000000200402000
0040000101000000000000020040200340004000200
0000300024000300043000000200330040000000000
0000202000001000002000000000000200001003000
0140000000000003000200000000000301000200000
0000000000014030000000000000000000002030000
0000031400020000000100000134100220000000300
0000021000130004000000010200002000000000000
2004000040000230002001000004000000000302000
2042030000004320000000004000002000001000003
0000000042002000300000000000000000003000000
0001000440000000210000000001000000000000030
0100000010000000040000000020040400004000100
0000210300423040000002000200040424000000000
3200140000000200210024003120222000000000134
1000000000300200030000000400014000000003300
0010040000000020000000020103000000002000000
0002312000020004000000012022000010000000040
4000000230040400003030000000302023000100000
0001021300000000004200200000000200000010000
0300003030400032003300003100313000000000000
0341000020040043000200000400202000000000010
0000033000000000000040034010001320040000000
3030030004100001400000000200000000000000000
0000100000400000000300034000000001000000002
0010000000000100004000000030200020000000000
