44 4
00130002000040000000100000010040000001020000
00000003021000002000000000000000330000000000
01004000040400000000340000003000000002000311
10102000100000020000200410003000000030400100
00000002000000000000000000000000000000004400
04000000300000000000034431020330300200000000
20000200000001000400002300002000100300003000
00001300200030000300010100000200000110000000
01000000000000034000000000004000000303000300
00000103030000002012000400000040030004001001
00003000430100000304000000410010001140000100
00040003000000000000030000000001010000020000
02001000200020203000200000020400000000000120
00000000010300000000000000000000300000103000
00000100003000000000000400040010000000000300
00003404300000000000001000000200000001000000
00200000200002300000000200002000000010020401
03010020002000303020000020203203000100001100
04040000200404000000003300000002200000000001
00000010000100000000003000000300000000334004
00000042000000210010000020003000030001024003
03000310020000000140000302100004103200101010
00002140000200010310000000400000100000000001
40000040004001000000003004001000100000220200
43034000103400003004000002000000000004200000
00000000100000000030000400000003000004340000
00000300000000030003000000002010000200200000
20020003000000040200000000000004000000300000
00010000000040000400300002030000000030404000
44000000402000000000000000000000000201004000
20202000304000200400300300040000000000040020
00400400000000000000000000300004114140000004
00000300000220440000002000040000020030023001
04000022400100000020030002000000300000000000
00300001024000000110002000000000001000404010
04233102000400000000400030000000000002000020
00000000000000100000020000400100003020000000
00100010020000003000400400000000000000041020
30000000003000000000000000200100000000000000
00400000422000000020000010000010030000000000
00000000000040000000200000001000000004000000
00000000010000000000000000000000030010000030
02100001403000000400010400000400000000000000
02000000000000020000030020200000403010000440
