40 4
0400400000003000004100041000000240000003
0000001000200000000000001000103100002001
4000220012140000040020000303403030000030
0000000004002000404000210200002000300000
0100201000000004013200000404000420000003
0200004032040000043000000000000000310000
0012000000003000200020001000000000000000
0000000430000002000100002402000210000000
0040000400301020042000003100003004210000
0000040400020000010020010400000000140000
0003301003302341000400000300000000000000
0020400400400020000000010000003020011301
0000000010300301000000000300202000300010
3021000000400012000100000200000000020000
0000120000404300030000200000000000000000
0003200300310010010300000000203004000010
0100000040000000423012000000020000000030
0000000100000400004040003000002100003040
0001333000100000400000400000100100000330
0300030002400000400000000010000030303001
0003000002010000040000000010000200020000
2000010000020000000000000000000000300003
0310000300041000040000104030300222004200
0040034123300410000200302000300002000032
0000140000002000202300000332033100000000
0000104010020000000000000040000200323000
0002000120004004000000100000020000000400
0120002000431000420300000000400000000030
0020000140001000000300003110343020100300
2000021000000000000022110004000200003040
0000004040001000300000000000000040200040
0100000100100000000204000020403040203000
0000000400000000010030000003144000000220
0000200003200004030000000000000000030000
2000040000020010000000424100000000000000
0000000000400002000010000001000032000403
4000100003100000003000000010000000000001
0400424004310000030404040000001300010010
0100000003400400000010040000000200004000
0200000001400200000031402041001130002000
