45 4
000030000400020200400000000010001000000300000
000030000000000000300000000000010003000104000
000000000040000000200301000030010103300401000
423000000400000000230301020000000000300000000
000020000020200020020000000100000000304300000
000040003200010000000020001000114001000000000
000000000000000000400000010000300030000300000
000000010003000202000000000000010000001000000
000030000000000000010401000000300004000000000
200000001200420300023000000400000200000000000
010004000000033000004000040010120001004000000
000000000000000400000022010000100004430400240
002000200043000400030040100041200400000000000
000000010002200000000031000140102000000000404
001030002300002000300000004400000030001300010
000004000400001000204000004000020000000002004
000000000000000200100020210000000300030200000
000000000000100000004000200000300400000000020
001001000000000003013003001100000004000040002
000000020000000400000000031300000000003000002
000100020000000000000000001000004000000000200
000200004000000000000400004200000000000300000
000000000000342000000000000013004000000000010
000001103020000000003000000000000032020020000
000001000100000004000000200310003000000300003
000000000300033000000000030000000000030041003
000000300400030000401004000020000000000000200
300000000000100004000000003100100200000000000
000000000002003000012020031200000001202000000
000002300010000000003000000130000110003000000
002000000200003001004003000000002002000000000
000020002000000300024000000000000000000300400
010030030000000000210030020200304000000001001
000003004300400000010000000001300000000000000
003000144420000000001300113000200000004000000
000000000000004000000030001000000030000000010
000000000000000004040000000002030040000000020
014010030040000010000000040400001000002000000
000000040000000020004040041000002004003040032
000000000030000000023300000000340000204301000
020000200004002202403022000000030020000003000
000000000140002044034300000020001000000000000
004000420000001440020000011004000410004000000
000000000001000100100000000200000000040010000
400000140200000000000004000000020014021000000
