34 2
2000002100201000001000000000000020
0000000000000000001000010200000100
0000000000000002000000000010000002
0000102000220000001000000100000002
0000000000000000101000100000000000
0000001000000200000000000001022000
0101002000000222000020020010000000
0000000011000000100000000002000000
0020110002000200020000001000000202
0000011120002001202200000001000010
0012000012200000000000020100000000
0000220221001000000200020210000120
0000011000010000000001000200000001
0101000020000000200000020020002011
0200002020020000000000000000021000
0001000200000000001000002100000000
0010000001000000000000000000000000
0100102001000000001000000001000200
0000000020010020000010000001000000
1002002000000000000000200000102010
0000200200000000000000000002000012
1220001000000000000000000000010200
0000000200000000220000000000021000
0000002100001000000000202000002000
0000000000000001010000000000200000
0002120000000000200000020000001000
0000000100000000000020000000001000
0000011102010000010000000000100000
0000001200002000000000000000000000
0120000000000010001000200000000000
0000000000200000022000001000000000
0010000010000002020010000002010100
0000000200100000010002000000100000
0000000000000000000102010000010101
