34 2
2001001210000100000000000020000002
0001002020200000120000001000000100
0000020000000220020000001000000020
0000000002001010101200002000000122
0000020000000010100010000200200120
1000020000100000200001200000000000
0020000000000001000000220000002000
0201210000100020000200000000000000
0200000200001001000020200000212000
0000000000000000000000000200000000
1000000010200000200000000210000000
0000000002010000100000000000000000
0000000020000001000001000001000000
0000020121000000000000200000200200
0000000000001010200010220000120000
0000201000002000200000001000201000
0000000000010000200000000000020002
0000000000000020000000000000100000
0210200000100000200000000001000000
0200000000002000120000000000000000
0000001000000000010000200200010000
0100000001100000000000020000200000
0000000200002002002000000000200000
0210000020000000100000110000000000
0020010000000000000012001000000000
0000100001000010000001100220200000
1111000002000000000200000000000000
0200010000100000001000002000011000
0020000110000000100002000000000100
0000000000000000000000000000001000
1100001021000000000100000020000000
0000010000010000000020000000100000
0000202000000200110000020000000200
1001002200000001100000101000000100
