37 2
0000002000002000000000002001110000000
2000100000000200000000000000000010000
0000000200000010000000010020000200000
0000000020000000000000000020010000000
0000020220000000002002000000000000002
0000002000000000022000000020000000010
0010022020000000000000001000000000010
0000110000000010000011000000000000001
0000010000002000000001000200010000010
0200002200000020000000000002000000002
0100000000000000000000220000000000000
0000100100001000200000000001000000000
0000000000000220000012000002000000010
2000000000200000010000000000000210200
0002200000000200002000000001000010000
0002000000000000000000011001000000000
2100020000000010200000000000000020200
0002010000000001101000000000100000100
0002100000001020000000000000000000000
0000000000002020000100000000020000000
0002000002000100200000001000000000101
0201100002000000010000000000010001000
0000002000000000010000000000000000100
0100020001000000000000020000000000000
0000002000000022000000010110200000000
0000010001000000020000020000000000001
2000000022100100020000000000000001100
0000020000012000210000020000020000001
0000000000000000000000100100000020002
0000000000101000000000200200001000002
0000000000000000000000000000000000020
0020001000220000020010012000010002100
0000000002002000000001000000000011000
0000000000000001001000000000010000000
0000000001100000010002000000011000120
2000000000000000100000000000010000000
0002000010000000001000001000000200000
