36 2
202000020000020000002000000000002000
000200120000000002000000000000200000
010000000001000000010020000000221002
000010000000020102000000020001010000
002000000000200000100210110000022000
000002000000202200000000000002002200
001000100200000000001021000000100000
000000000010000000000001010000000000
020000001000200000000200100000011201
000000000000000000002000000000000010
000100000000000000020000020000100000
000000000000001010000000010200020000
100000001000000000000000020000000000
100010000000000000000002010100000000
000000000000100010000100201000000000
000000000021000000010001010000100000
000000000000000000000000000000002000
000000000010010000000000120000110000
000000210010002000000010000200000002
002000000000000000100020200000000000
000000000010000000200020000001000000
000000000000200000000000010000000000
020000000200000200020001000100200000
000211020000000000000002000000010010
000200200200020101000000000000000022
000020000200100000000020000000000000
021021002000000000001010010000020000
000010100110000000002000002100100010
000001000000020100010000022000020000
000200010000020000010001002000010000
020000000001010000000000000000200000
000020200000002000002000100000000020
000010000000000000001002000000020010
000020000001000000000000000000000000
000000000000000200000000020002010010
000000000020000000000011000001000001
