39 2
020002000000000001100000000010000000000
000000000000000000002200000002000200000
000000000000000000001000000000000000000
201000100000000020000002100100000200000
000100000102000010200000002102000000020
200200011000000000000000010010001002000
000000000000000010000000000000100200121
020000000000000000000020002020200000000
200000000000000100000000020000010000000
000000200000002000200100000002001000000
020000000000001000100000000000000000000
000000000200000000020000000000020000000
000000000002210000000000000001000002000
000000000000001000000000000200000000000
000000101002000000000000000000110001000
000000000001000000000000100100000020000
002000001000000010000000000000000100010
000000002001000000000020000210000002000
000000000100100001020000000001000002000
000200000000002100000000001000002000000
000000100000000000010010021000000002000
000000000000000000000000000020200000000
000000000000020000010200021020100202000
000002000000000000010001000000020022000
210200000000100000000100000000000010000
000000000101000000000000000000000002000
000000001002000000000000000000000000011
010000000100001001020020100000000000010
000000000000000200000000000000000000000
000010000020000010020000000000000000000
001000000001000000000001000000000000000
002020000020000000000100000000000000000
000000000200010020210021000200000001200
000000000000000120011000000000200200000
020100101000000000000000000000010000002
000000010000001201200000020200000000020
000000000000000000000001010000000000002
000002000000000200020000000010000001000
000010000000000100020000000000200200000
