33 2
000000000000000002000000001000000
100000002000001000220000000000000
000002010000001010201000201100001
000000000000201001100000000100000
000110000000010010000100000100001
000100000000200001000001002000000
000000000020200000200000010000000
000000000000000000010000200000002
000200000001000000000000000200001
000020000000000020012000200200000
120020001000020000100001020000010
000000000010000002000000000010000
000000000010020000001000000202000
001000000000000000200000020000000
010202000100000000000100001020010
000220101111100210100100000210001
010020001000001000000020200220000
100000000002000010010000000000000
000100000000010020001000200100200
010000000001000000210010000002020
000020020000002010000020022100101
000000000000020002000000000000000
000001000022000000020020000110000
000002000000000002000002020000000
000002000000000020022000000000010
011000000002000000000021012100000
000100000200000200002200000010100
000000100020000000000000000002012
000000022000000000000020201020000
201000000000000011020000000000100
120000000100200000020001000200022
001200201002000000010000000002000
020000200000000000001000000100000
