37 2
0000202000000000000020010000120000010
0000000000000000010000000001000202020
0000000001000000000000000000000000000
2000000000000100000000000000000000000
0000000000000000000000202000000000000
0010000000000000000000100000000000200
0000000001002100200000000000000000000
0020200010000000000100000000012000000
0002200000000100002000020000000000000
0000000000000000020000200000000001000
0000020002001020000020001000000012000
0000000000000000000000021201000000000
0000000100000120110100000000000000000
0010000000000002020000000000002002002
0000000000002000020000000020000200000
1000021000000000002000010020020001000
0000001000000000000000000010020000022
1000002110200000000000002000000000200
0000000000000020000000200000000100001
1000002000000020001000000000002200000
0010000000200000021002000000000000000
0002000002000201000000000000001100000
2000100000010200000000100000000010000
0002000120102000000002000000010000000
0002000000000000000000000000000102110
0000001200000110000000000002000000000
0200000000000120002000000100000000210
0010101000102000001000000000000002000
0000010000000000000011000000000100000
0000011000001200010000000000200100100
0200000000000000120000000100000000000
0012200100000000000002000010000001000
0010000000000000001000100000200000002
2221000000000000000000000000010001000
1000000000000000000100000000000010010
0000000000200200100201000000000100021
0022000110002000020000000022000001010
