35 2
00020000000000200000000102000000100
00000010000000011020000000002012002
00000100010011000002000000000000010
00000000000000000000100000020000000
00000000200000002000000100000000000
00000000100000000000000011200000000
00000010000000001000000000100000000
00000201000000020000001001000000000
00000000010020000000200000110000000
10100000000100002010020000000000010
02000000000100000000000000000000000
00000000000000000001101000020000000
20000000210001000000000000000001000
00000000020000000010000020000020112
10000000000000200001000001000002021
00000002022000000020202200000000000
00000000010000002000000020000100000
00010000000000000001000000000000000
02000200000000222000000010000200000
00000001002000000020000000100000001
00002000100000000020002002000000000
01000000001000000000100020000000100
20000100000000001002000000100200002
11000001000010112000000200010000000
00210001000220010002001000222000000
20020010000020001002000202001000000
00010000000000000021021200100000002
02000000010010000200000100001000000
00000002000000100000000200100000000
00000000002000020000020000000020000
00002000000001000000000000000010000
00102200000011000200000000000120000
00000000200000000000002000000000000
10100002012000010020000020001000202
00100000000112221000100000000200002
