33 2
002000000100000000000002000020000
000120000000000200000000202000000
000000200010001000101020002002112
000002000002100002100000000100100
010100000000210012000002200002000
002000000010100100000200000010010
000000000000012110002210020001102
000000000000000000001002000000000
020000000000000000100200000000000
100200000100020020000000020000002
000000000200000000120000000200000
000001000002200000000200001000020
000000000000000000000200000200000
000000020010000100020200020000000
000002000000000000002000000000110
000000000000000000010002000000202
201100000200020002000011000000000
000000000000012000001001000000200
000000200010001010000100200000000
110000000102010000100000001000022
000100000010000000000200000000200
200200000200000000000000100000001
000001020000000101000001021020000
000202001000001000000110000000200
000100000000200100000020000010000
200000000000000000000002000000000
000200020000000001010100201011000
202000000001000000000000002020001
000210000000001000000000000100011
000200010000100000011200000000200
000200000001002000000000000021020
100100001102000000000000000110200
200010000002012002000000000000010
