38 2
00020000000002000000000000000000120010
00000000000002020000002000000002002000
02020000000002000200000020000100000000
00000000100000000000020010000002000000
20200000000000220100100000000102000200
22000000000002000000000100000000000000
00001100000000000000000000000000000000
00021000020110210000000200000020200010
01000000200000010000202000000000100001
00000000000000000002000000000000000000
00001000000100020000000000000010000010
00020000020000000000010000000200000002
00000000000000010000000000000000000011
00000000001000000000000010000001000000
00000000000000000020000000120000120000
00001000000000000000000000020200000000
00000002000000000001200000000000000000
00100000000020000100002000002000000000
01000010000020000000000010000001100200
20020000101000000000000200002202000000
00100000000010010000000000000100020100
01000000000000000000102011002000000100
00000020001000000000000000000000000002
10000000001000000000000000000000100100
00000001000000000000000000002120000010
00201110000000000000020100000020202010
00010200200000000000000020000011000200
00000000000021020000012000002000002000
00000000200100000020000000110002002002
12000000000000000000001000000000000000
00000010020000200000000000000000000010
00000000000200001000000000000000000022
11000000000000101000000001000001000000
00000000000000000012100000200000000000
22000000000100001000000001000000200002
11000000000001000010200000000000000100
00000000010000000000000000000000012000
00001000010000002000000020000020000000
