37 2
0000020200000000000100000000000000000
0102001020010000000000000000000010120
0000000000000000000000000000200000000
1000000000010202000000200120000000100
0000000000002100000002010000000002000
0020000000000000001000001210122000000
0000002000002000000001000002000000000
0002000000010000000000020210000000000
0000000000000100000100001002000000000
0010100001000000000000000000000000120
0000000000000002000000010000020000000
0000000100000000000000002000000200000
2000000002000000000000000002200000200
0000000000000000000000002200000000002
0000010000000000000000000000101010200
0001000000000000000001000200001001000
0002000002000000100000010000020000000
0000100201000000000021010000000000000
0000000000000000102100000000100000000
0000000000010002000000020000000000100
0002000000102000000021200000000000000
0000000100000020001000000000000100001
0200002001000000001000000000000000000
0002000020000100200001200001000000000
0000200000000000000000000010000120000
2000000000000000000000020000000000000
0000000000000000000200000000000000010
0000202020020011001000010000000001010
0000000220002000002000000210102000000
0110200000000100000020010001010210000
0001000020000020200000002110020001022
0000000120000110001200000000000000000
0000100000020000000002000022000000000
2000000000000000020000100020010000000
0200020001000000001000000110000002010
0000200000200000000000010100000000000
0100002000000020000100001100000010210
