36 2
000000200000002020000100100000000201
000000010000000101100000001000000020
000000000000000010102000000000000000
002200000100100012000020001000020000
000020000100020010000000000000020000
000000021100000000010000000000020000
000010002202000000002020000010000000
000000010000001000000000000000002000
000000000000000000000000022020000000
002000200000000000022002000000010000
020000000020020020000002000010000012
000000001000001000000000220000000100
020002000200020000000011000000220001
020000000010000200000000100000000002
000000000000000000000000000000000000
100000000000000000001200101000100102
000000201000000000000000101200000000
000200000020000001001000000000200000
000000100000100000000010000000000002
000000000000000000120100002000000020
100100120000010000001000000000000010
010002000202000001000001000000020000
000001000000020000200000000000000200
010002000000010000000100000000000000
000000000000000010001000000200000000
000000200021000010000000000000000020
200000000000000200000000020000020000
100200000000000000000000000020000000
100200000000002000120000000001000200
022000000000000001001020000000220200
000010100010000000010001000000000010
001000220000200011000000020002000001
000000002110000000010000000002200000
001100000000010011000000000000000000
001000000000100000000000000000000010
010200010000000021200000001002021010
