38 2
20020000000000000000000002000102000000
00001010000000000000001001000000000000
00200000000200000000001000102010000100
00000000000000100000000000000000000210
00200020000010000000000010100010000000
02112000000000000000000000220200000000
00100021000000201000000200000000000101
20002000001000000001100001000020000000
02000000000000020001000000000000000000
01000000001000000000000001100000000000
00020002201000012000020000000202000000
00000001020100000000002000000100000002
00100000000000000000000000000000000210
00000000010000000000002000010000001001
00000000000000100200020200000200000000
02000000000000000200001000000002000000
00100001000000000000000000110000010021
00000000000000001000000000200000000000
00002000100000001000020000000000020000
00100000000001001000002100020000000100
00000200200020100000000020000020000000
10002000000010000000020000000000000000
00000000000000000000001000000000200010
00001000000000000000000000020001100100
00010000002000000000000000000001000000
00000000001000000020000000020002000200
01010020000000121000001020010000000000
00200000000000002000010010002000200000
00200000000001000000002100000002010000
00000100020000000000000100000000000000
00000000000000202000200000222000021000
00200000000020000010000000000000000000
00002000000002210020000000000000000100
00020000000000000000000010000000000010
00000000002001000020000000000000120000
00001000000000000000000000201200001000
00200000000000000200010000200100000000
00000100200012000200000001001002000000
