39 2
012001000002000000000000000002012000100
000000002002000010000100000200020010000
100100020000000000000010000000000000022
010000020000020000020000000010000000200
000010100000000010002000000000000000200
200000200000000201000000000000000200000
000000000000000000000000000000200000000
002020010001000020000000000000000000200
021010001000000100000000000220000020020
000000000000000000000010000000001021001
000011011000020000000000000012020000000
000002000200020000000002000000002000000
000000201000000000100000010000000000000
000000000100200000000002000001000000000
000001000000000000002000000110010200000
000000000000100000000000001020020010000
000000000000000001210020000000000000000
200000000000122000000000000000000100021
000000000000000100001000020000010001000
000000000020000020000000200000100000000
000000002000000000000000000220000000001
000202020000000100021000000000002000000
000000020020000001000000000100001000000
000000200012000000000000000010000000000
002010100000000000002000000000000002000
020000002000000010002020000010100000200
000012000000100000000010000000000000000
000000200000010100000010000000000000000
010000000000000001000202000120001020000
000000000000000000010000000100000100000
200000002000000000012000000000000100000
001000000000000022000000010100000001000
010000000000000000000002010000000001000
000000000100000000000000200000010022002
000000000000000101000000000100000000010
000000002000000000000000000000000000002
000000100000000000200000000000000010000
000000000000000020000000000210000000120
000000010000000000020000000000000100000
