36 2
000000000200020000020000000100200000
000000020000120000000000100010000100
000010000200010000000000000000000000
020200100000010000000000210000000010
000000100000000001001000100000201000
000000000000002000000002200000000000
010000010002000000000100001000001000
010000000000000002000000010000000201
002200000002000100000200200000000010
010000000001000000000010022001020000
001000210000000000000000000000200001
010000000000000000001000000200000100
000011000000000200000000000002012000
000000000002000000000100020000000100
000000000001000000000010000000000000
000000001000000000000000010000000200
100102000000000002000001000002101000
010200000100000000000002000000000000
000012120000000100000000000010202000
001000000010100000011002100001000000
210000000000002020020000000000000000
112002022020000000000000000000100100
200000000002000000000020200000020010
020210000000200122001000110000000020
000000010010000000000000000020020200
000000020000000000120000001200000001
020000000000000200000100000000100000
000000000000000000100002101002020000
000000000000000001000200000000001010
000100000100000020000000001020000120
200100000000001002000000000100000010
020020000000020200000020000000000000
020002000000002000002000000220020010
000000010000002000000000000000000000
001000020000000000020000200020000000
000200000000000000000010020000010000
