39 2
100000000000010000000000010000020000000
202002000120000000000000001000000000001
000010000000000000100001000000001000000
000010100000010000001000000020000000000
001000200000000022000200000000000001000
000000000000000000000000000000000000010
000002000000000010000000001010000000000
000200000000000000020001000000000020000
000000000000000001000101000002200000020
100002001000000000000000000002001000000
000001000000000001000010000000000000000
020010001000000000000000001000000002000
000000000000000000000020000000000020100
000000000000000000001000200000000000000
200000010000000000000000000200111000000
200000000010000201000000000000000100000
010000000000000000120200000010020002000
000000000000000000020000002000010000000
000100000200000000000000020020000000000
000020000000020000000120000000000100200
000001000021000000020000000000000001000
102000000200000001001000000200000000000
000100000000000200000000020010022000000
000000020000001000000001020000100000000
010001000000000000000000000000000000000
000022000000002020000101000200000000020
002000001000100000020020010000010000000
002100000000000000000000001000200000002
000010002000000000000020020000100000000
000000000100000002200010000010000200002
000000001000000000021020000000000000000
000000000010010010000010000000000000000
000002000020000002000002000012010020000
000020000000200001100020000000001000000
000000000000010020021200001000000000000
000000000200000000000001000000000000000
200000000002000000000011022202010000010
000000002010000000200002202000020100000
001000000001100000001200000000000000020
