33 2
000001200010200000000020000000000
000012000000000200000100200000000
000200012010001000002002001200000
000002002000000101000000022000000
000022000000000000001000001100020
100000000000001000100100000120200
000001001000000102000000000010000
000022000001000010000020200000000
000000000200000100000000000000020
000200010120200000000020000100020
200000000200000000000000102020000
000000020001002111000000210202200
000000101100000002002010000100000
000002000100000000020000020020001
020000010000001000000100000000200
002000100001000020000100020210200
000000200000100000000002000200002
200000000001000000000020000000000
001001000002000000000000000100000
010000000001010000001000020000200
000010001000000020200200000000001
000000002202000000000100000002000
010020002000200002000000001000010
001000022000000000010001020000000
000001100000010002000000202100100
000010000210102000010000000100000
200000000000000010000000100010000
000011100000020010000100000100000
200000010010000001002020000020000
000200000000001002002001010000000
000000101000000000002020000020000
120000000010010100000000000000000
000220000000000021000200000010000
