35 2
00000001200220100000010000000100000
00000000000000200000100012000001100
01120000000000002000010000000000100
02000000000000200000020000012002000
00020100000000100000010000020001210
02002000100000100001000000000020000
00021000001020000020010000022002000
10000000100001000000210000000000000
00000001002200200000002000000000002
00000000000000000000010002000000000
00020001200200020000000000010000000
00000000000000020200020000001002000
00002022000100000000020010000000000
00000000000000000020000002000000020
00200200000000100020000000000201000
00000000000011001000000000000010000
00020000100020000000010000000201000
00000000000000000000000000010000020
00000000000010100000100000002020210
00000100000100000200000000000020000
20000000200002010000000202000100000
10000000002000020000000020200010000
00000000010000022000000011000000010
00000000001000000000001012002010000
00020000000000022000000002000200000
00020001000001000201010220000000010
00000000001010000000000000000000000
00000001000000000000000000200000100
00011000020000000000000000000000000
10001000002000000000000000100001020
00110000000000000000100000001200000
00000000101001020000002000101201010
00020010000000010000010200100000020
10000000001000001002200000001000000
01012000000000200222020010000000000
