38 2
00000000000021200000000000000000010001
00000000000100000100000000100002001000
00200202000100010100000000000020200212
00020100000000000010011000000000000001
00000000110000100020100010100002000000
00000000000000001000020000000000000001
00100000100110000100000100000000000001
00010000010020000001000000001000100000
00000000022001022002020000000000000000
00000000201000010020020010000020000000
00020000001000102020000000001000000000
00000111000000000000001200000100000020
00001200000101000100000000010000000000
00000000000200000000021000000000200000
00002002200000020000000001000000000000
00000000000000000000000000002000000100
00020000002000000000000000001000000100
00000000001000020100000000000000001000
21000000200000200000000001020000001010
00000010000000000000010020002000000000
00000000000000000000000000000000200020
00000000000020000000000100000000100200
00000000200002000000000000000202000002
00002000000001000010000010000000000200
20000000100000020000120000000000000000
00110000100000000000000000020002000000
00000202000000000002000002000020002000
00000000000102000020000000000002000000
00000020020012020000000010002001000022
00000100000000000000002020000000100000
00000000000200000000000000000000000000
00000000000000000000002000010010001202
00000210000001200200000000002000010200
00000000000000000000000000000000000000
00000000001001000000000000002000000100
10000000000002000000020000000000100010
00001000000000000202000000100000010000
00010002000100020000000002000000000002
