35 2
00000000020010000000002000000002000
00001200000000000000200200000010202
02000000200000012002000000000000000
00000000010021000100200000000020001
00010000010200100000010000010000201
00000000000100222000000110000001001
02000100000100000200100010000000000
01000000100000000000001000021200200
00000000001000000000020000000000010
00002102000000000000000010000000201
00000000000000001000000100200000000
02000000000000010200001201000000000
00001000000000000001000000000220000
21000000000000000200000000200010000
00000000000010000000200000000000120
00001200000000100000000000000200020
00100000000000100000200000000001000
00000200000001002000000000020000010
00020200000200200000010000000012000
10000000000002000020000200200000110
10000000002012000000000000100001000
00000000200000010000000010010000001
00010001000201000200000000000102000
00020120020000010100000001000000200
00000200000000000100001000001000000
00002010000200000000000100000000000
00000000000000000000102000000002000
00012000000000000000001020200020000
00000000000211000011001000000012120
01000200100200000000001000000200000
00000000100000000000200000020001020
00001002000120002100000000200000020
00000000102002000000000001010202002
00000020220001000000000200000000001
01000000000002000000000000020000000
