39 2
000000000010200001000200020000000000000
000001000000000000000000000011002001020
000012010200000000000000000002000000000
002000000020100102020000001000000001000
000020000220000000002000000000020010000
200000001220000000000000200200000001000
020000000002020000000002000002001000000
000000000000000000000000001000000000000
100100001002000000000200000200000110000
000000020001000020000000000000010000000
000000010002000202002000000000000000010
000000000022000000000010000010002002000
000200100010000000020101000000000000000
000010000000000001000000000100000000000
000000000000020000101000000000000000000
000000000010000000000000001001010000000
000000200000000000000000000020200000001
000102000100000020002000000000000000000
100000000000000102000001000000000000000
000220000020000000000010001000000000020
000202020002000000000220000000000000000
001000000000000000012000200000000000010
000000100000002001000100000220000000000
000000000000000000000000000000101000010
000000000000000000000000021002000000010
002100000102010000000022000000000000000
000000000000200000000100000000000000000
001000000200002100000000021000000000200
001010000010000010000000001000000000000
000020000000000000000000200000100210000
000000000102000000000000000000000000200
001000001000100020000000100000000200001
000001000001000000020000000001001000010
000000000000001200001000002100102000100
000000000000000000000000020000001020002
002000002000000200000000000000000000200
000000020010000001001002000000000010002
000000000000000001000000000100020000020
000000000000000011002000001000000000000
