37 2
0000000000000000100000000000000000000
2000000000001000000200000000000000001
0000000000000010000000000010001000000
0002102012000000100000001002002000000
0001000200120000000000000000000100020
0000000000000020000020200000000000000
0000000010000000000000200200200200000
0000021002000220020002000000100000001
0000001020012000020020111200000001000
0120200000000100001000000000000000000
0000002001000100000000010000001002000
0200002000000000200000010001000010000
0200000122100000000000000000000200002
2101000001110000000100000200000100000
0000000000000000100000000000002000001
0000001000000000022000000001102001000
0000011000000000020000200001000001000
0020000000000000000020000000000002200
0000000000000000100100000000000000010
0000000010002000000000000000000012000
0000200002000200002000000000000000000
0000200000000000000002000000201002000
1000000000200022000000000000000002200
1020000000000010000002000212000010000
0001000020000000012020000000000000010
0001200000010000000220010010002010120
0010002001000000000000000000000000000
0000000000000000001011000000000000000
0000020000000000000000000002000000022
0001000001000000010000021000000000020
0200000000000000010010000000000001002
1000000000100000000000000020000000000
0001000000000000000000000000202000000
0002000020000100000200000000000000000
0200021000000000000000000100000010000
2000000111000100000001000000000000000
0001000000000010000000020000102201000
