37 2
2000100000011001100000010000202200000
0001000000001000002000000000000000000
0000000201000000000000000000000000000
0000000000000020000012010120200002000
0000020000010000000000001010200000000
2000020000220000000010000020000000000
0000000000010020000000000000000000000
0000010221010000000202000000020012000
0000000200020002000000000000000001000
0000000000000200000001200000000000000
0000000002000010000010000000000100010
0010000000000000000002000000000000000
0002000200000000000000010000000000110
0000020010000000000000001000000000000
0001000210002002000100000000000202000
0200000001200000000000000020000000201
0000000002000000000000201000002000001
0010000100000000001002011100020002000
2000100000000001000000000001000010000
0000000020001000001001000000000000000
0000000000000000000000000002020000000
0002000000000000000000001002000000001
0000000001000001100000000201000000020
0000000000000002000000110000000001000
0000020010000100011000000000000000210
0001001002000000000000001000220000201
0000002000001020000100000000020002000
0022220002000000000000100000211010020
0000011000000000010001000000002000000
0000000000000000200100002000000000000
0010010000000100000000000000000000000
0020000000010000000200000000002000000
0000000000000000102000000200000002002
0120020000000002000100000100000000102
0000100000000001100200120200000100000
0000000020000000000000000200200000000
0100000200001000000010220000001200000
