36 2
002000000002000010020001000000000000
000000000010000201020000010000000210
010000000200000000200001000000000000
000001100002000000000000001201200000
000000000000000000000000202000000100
000000002000100102002000200000000000
000000111000000000000000020000000200
000000001000000000000000002200020000
010010000000000000210001010000000000
000100001000000000001002020002000100
000000000000201000010200000020000000
000000000100000000000000100100000000
020000010100000000000002000000000001
000000000000010200000010000100000010
000002021000000200100001200210000000
000002000000000000000000220000000000
000000002210200000011000000000210000
000000000000000100010020000000000001
010000001000000020000001200200000200
100000000000002000210101220001010020
000010000000000001002000020000000200
000000000010100000200000000000020000
002002000000000000000000001000001001
000001000000001000000000000000100000
000001000000020000000020001002000010
000010000000000000200120020000010000
000200201000000000002002100000000000
000000000200000000000010100020200202
000200200000120000000001000000001000
000000000100000100000000000220020100
001000021000000000120200002200002000
000000000000020000000000200000020000
200000020001000002200000000000000100
000000000000000000000000010000001000
010000000100002000000000200211000001
000000000100000000000000200000010200
