38 2
00000000010000000000000001000001000000
00000000000000000000000000000000200000
00000001000000010000200000000002010000
00000000000200000000000000000000100000
10000000000001000000000000020100101000
00000000001000200002000000200000100000
00000000000001000000000000200000002000
00000001020001020000001000010200001000
10000002001000000000002000000000000000
02000002000010000002000002000001000020
00000000100100221000000001000000000000
00000010000000000000100001002000100020
00000000000000000002000000000000000001
00000000100000000000010002000000000002
02022000011010000000000020000002001020
00020000000000000000010002010020100000
00000000000000012002000000101000000000
11000010002001000100000000001000002000
00000000000200000002000000200000001000
00000200000000002000000010000000201000
10100022000100020000100000000010002000
00000000000000000000000000000010000001
01000000010101000000000000000000002002
00200000000000000001010000000000020002
10000000022000000100001000000000000000
00001001010000000000200000001000000010
00002200010000000000000000000000000000
02100000000020200100000000000000000220
00002000000000000200000000000001020220
01020000000000000000000200000000010000
00002000000000000002220002000000100000
00000001000022000000000000011001000000
10000002001100000000020000000222000000
00000000000200100000100100000202122000
00000002220000000010200002000000000000
00000000000000002000000001000000000000
00000200010010000010000200000000010200
00000000200020000000000000010000000000
