33 2
002001120200001220000000010002000
000000000000001200100000200010000
002000002100000010100000000001000
000000001000000000000000020000000
000001000000020000000010000000000
000200002002000100010000000000200
102100200000100000000001021000000
020010110000020000020000000000001
001000022000200200000000000000000
000000000200000000000000000000000
002100010200011000200000000021101
000200001000000002020002101000000
000100000002000000012000000100000
010010000200001000100000000001000
000001000000000000000010000000000
020000021020020000002000000000000
000000002102200020020002000000100
000110000000100200010101000000000
000000010010000000001000000001000
002200000000002000000022020000000
000000000000000200000220000000100
010000000000001001000000000000000
000001002010100000000210200012000
000000200020200000020000100100100
001000000012000000001010000200200
000000100000020100000000011000200
000000000000100210200200000100000
000000000000100000202000020100020
001000200000021000000000000100000
020020000010200000102010220000000
000000000000000001100011200200000
000010000000000000000001020200201
010100200020202001000002000020220
