36 2
100200000000201010001020002000010000
000001000000000001000100000012001000
001000000000000010000000000000020020
020000020002200000000210000000000000
020020101000200020001000000000000000
001000000000000010001000000000000000
000011000001002000000100000001002000
201000000020000000000000000001001000
000000022200000000000100020000000100
000000000000000210002220010202000020
002010000002000000000001000000000000
000000000000000102100000002002000000
000020000000000000020000020000000000
000000000000000002000020000000101000
001000000000000200000000000000000000
000000200000000000000002000000000020
002000000002100000200000200001000000
000000000021000020000200000000020000
000000101002200000000000000001002000
000001000000002000200000020100000000
000000022000000000000000100000000000
020002000000000000002000020100010000
000000120000002000200022000010010000
002001000000100000000000000100100000
001000000002020011000000000000022002
000020000001000000000000000000200000
000010000000000000000010010101000010
110000000002020000000000000001020000
100010000210000000000000201001000000
020002200010000000000001000000000000
000010000000000010000000011000102001
000000000000000000000021000020000100
001110000000200000010000000200100002
000101000010000000000020100000000020
020000010001000200100000000101000002
000000000002000020000000000010102000
