35 2
10000000000000100000000000002000000
20000000000020000200000000000000012
00210000000000000000110000020020000
00000000000000000000000000000000002
00011000000010000000000201000200200
00000000000000000000220000210000000
00000000001000020001010000002000201
00000000000220000000010000000000000
21002010000000000000010000000000000
00000000000000000000002210000000001
00100000000000221001000000102101000
10000000000000010000100102000200000
00100000000000000000000200000000000
01000000000000000200001000100000001
00110000100000000000000002020000001
02210020000002002002001002000000000
00000000211020110000000000001000000
12001002000000000000001000012021000
00000000000000012200100000002002000
00000000020000210000100021010000200
20000200000220010000210020000010000
00200200000002000002020120000020002
01000000020000000000000100020000000
10000000000000000000000002000000000
01020000001000001000000000000100000
00000000001020000002010000001000000
20000000020101200001100000000000001
00000000020000000000201000001000000
00200010000000200000002002000000000
00000000001200000000000000000000000
00000010010020120010001200000020000
00200100102000000000001022110000000
00001000000000000000020200002001000
00000000000020010000002010001000011
20000001000000200010002000000000000
