38 2
00200000000001000002000000000000000000
00000200000110000000200000010000000000
00011000010000000001000000000000000000
02001000001002000000000000002200022020
00000010000010000200100001000000000000
02000000000000000000220010000000100000
10020000020100000000000000000000000000
00000010000020002000001200000000000000
00000000000000101000000202001000002000
00021200020000000200000000000000001200
00000000010202000100000010001000000000
00000010020002200000020020000000000002
00000200000001010000000001101000000000
01000000100000000001011000000020000000
00020000021000000000000102000001000002
00200001001000102000001000021000000000
00000000000000000000000000200200000000
01000000000000000220000000010010011000
00000100000000200000000000000000000000
00000000000000100002000000000000000000
00100000000020001000000000000000000100
00000002000000001000000000000000000000
00020001020000000010000002000000000000
00000000001020000100000010000000000000
02000020000200000000000000000020001000
00200020000000000001200020000000020110
00000000000102100000000000000000001001
00000100000100000010000100000000000000
00000020000000000000000000002000000010
20200002000002000000002000000000000100
00000000010000000000002000100000000010
00000000002000000200000100000000200200
00000210100000002000002000000010000010
01000200000000000002000000100000000100
00000222000010000000000000000002001000
00000200000000000020020000000000000012
00000000010020000000000000000200001010
20020000020002020012010000000100010010
