38 2
00000100220000000000000010000200000202
00000000000000000000000000000110000020
20000000200001100000000000000000220200
00200000000000002000001000020000000000
00000000200000000010200000002210100001
00000002000000000000100011001202000100
00000200000000000010002000001000000000
10000001000200000010000101100020000000
00000000000000000000200000000000000000
01201000000001000000000000001100000000
01000200000000001010000000000100000000
00000100200000000000000000000000001000
00000000000200000000000010000002010000
00000000000000000020000000000000001000
11000010000000002200000020000000100002
00010000000000000200100000000000012201
00100000001000000000000000021000100100
20100100000002000000000200100000000000
00000000000000000000000000000020200000
10000000010100000000010010000000000000
00020000000000000000000000100000000000
00000020200000000020002000200000000000
00000000010001200000200000000020000002
00000000020000000100000020000000000000
00000000200000002000000000000000002200
00000000000000002000000200100001201000
00000000020112000000010000000200000020
00000001000010000000200020000000000000
01000100000200000000000000000100002000
00001000110000000000000010000000000000
00000000000002000000002020000000020000
00020001000000001000200000000020001000
02000020000000000100000100000201000000
00200210000000020000020000200200020000
00000000000000000010101000000000000201
00000200020010001100020000000000010000
00000000002000002012000000000000000201
00000001002000001010100200000100000002
