35 2
00010002000000000000000000100000100
00002000022000000002000000000200002
00000000000010001010010000100010000
20020000000000000010000200000000000
10200001000000000000100010000001002
10000002000000000010000000000200100
00000000000000200002000000000000000
00000200020000001000002000100011000
20002000000100000001000000000000000
00000200000000020200001000000000001
02200010000000002002100200200000000
00000000200000200000000000000000000
00020000100020201000002000010000000
01002000100010200000001000010020001
11000000012000000000000000001002000
20000000200002000000100000000000020
00001000000100110000020002000000001
00000000000100020100000000000002200
01001100000000101120000010000010000
01000200000020010100200000000020120
12100110000010000010000002000000000
00000100000020000001002020001000000
00000001000000002000000000200002100
00020010000010102000002000000000000
00020100000000022201100200000000000
02000022000001002000200000000001002
00000000000000002000000000000000010
10020010000200000000000000000002000
00000000002000000000100000000010200
00000000002000010000000000000000000
02002100000000000000000000000000000
00200000200000011000220100000000010
00200200101002001000000010000000000
02001002000001000000010200010000000
20000010000000000000000000000020200
