36 2
200000000000200000220000000000020002
000000000000000022100000000020220000
000000000000201202000020000000200000
000001000200000010000102200010020000
100000001000202000201200002000000000
000000000000000000000000000021000000
200000100200000020000010000000010000
010000000010010110002000000000000000
000000000020101000001000000000000220
000000000000100000001001202002000122
000100000002000000020000000200001000
020000000000000000000000100000000000
100100000000000000000001000000000000
100000000000001000000020000000000100
000010000000000000000000000000000022
001000100000000000001100000000012010
000000000000200000000000000100000000
000001000100200000000000000000000100
000000000000000000021000000000020000
000200000100101022012000010000002100
000000000000000000000000210001200201
000000000000210000000000020100000000
012000000000210010001000000000000001
000000000000000100000000000000001000
000010000002000100002000200000101012
200000000000000002001000000000000002
000020020000000202000000002000000200
000200201000000020001000000000100000
001020000000002000001010100000000000
000011001001000000200210002100201000
000000020000000000000000000000000000
000010000000010120020100202000000001
000000000000000200000000000102000002
200000002000000010000000102020200000
000001121000000210001000000200000000
000000000000001000010000000000000001
