37 2
0000000220002010200000000000201000000
2001010000000000000000020000000000000
0000010000000002000002020002000000022
0000000000000202000000221000000000010
0020200002000000000000000000000200200
0210000100000000000000001000000022100
0100001000000010000000000000000000000
0000100000001000000000012000020000020
0020010000000000000000000000000000001
0001000000000100000000001000002000002
0000201000000000000000000010000000000
1000000002000010000000200000202000000
1122200000000020000100000000000110220
0000000000000102000000100000000000000
0000000100000000000000000200000000100
0020001000001020010000100000200000210
2000000000000000000200000000000000021
0000200000002010021000000000000000000
1000000000002000000010000010000000001
0000000002000011020000000001000000000
0100010000001010002000000000120000000
0000000010000000000000000012002000000
1002010000001000000000000000000200000
0000200000200000000000000000002000000
1000000000200200001000000000000002000
2000000000000200011000000001000002000
0000001001000000000000001000100000000
0001000000200002001000000020000000010
0000020000000000020020201000000000000
2000000000000022010000000000002002020
0000000020000000000000000100000000001
2000000100000000001000000012010000100
0000000000000000001000000000021000000
1000012011000000000200000102000000211
1000100000002000001002000000002010000
0011000000020000200000100200000000000
0000000000000001000100100002000000000
