309
36 22 36 23
17 17 17 16
22 17 23 17
23 3 23 2
30 29 30 28
29 26 29 27
31 11 32 11
38 23 38 24
15 11 15 12
19 15 20 15
30 28 29 28
11 9 12 9
31 3 31 4
0 18 1 18
6 26 6 25
30 21 30 22
34 13 33 13
4 24 4 25
31 6 30 6
31 21 30 21
5 13 6 13
38 24 38 25
36 11 37 11
19 37 20 37
15 19 15 20
21 15 21 16
10 18 9 18
23 37 23 36
26 37 26 36
4 23 4 24
26 17 26 16
6 25 6 24
29 27 30 27
27 18 26 18
4 22 4 23
7 7 6 7
19 20 19 21
4 2 4 1
6 31 6 30
20 16 19 16
16 9 15 9
0 24 1 24
2 23 1 23
31 7 31 6
18 33 18 34
32 6 32 7
27 33 27 32
32 7 33 7
21 8 22 8
7 26 6 26
6 1 6 2
23 2 24 2
26 20 27 20
33 33 32 33
26 16 26 15
38 21 38 22
33 23 33 22
20 28 19 28
5 24 5 23
10 3 9 3
17 33 17 34
6 30 7 30
20 10 20 9
21 3 21 2
21 6 21 7
3 3 3 2
30 33 30 32
14 3 14 4
15 20 15 21
23 13 23 12
22 36 22 35
21 26 21 27
12 15 11 15
24 5 25 5
24 21 24 22
36 10 36 11
36 17 35 17
33 14 33 15
4 14 4 15
18 9 18 10
19 16 19 17
16 10 16 11
24 4 24 3
23 17 23 18
27 24 27 25
33 15 32 15
27 32 28 32
1 12 0 12
2 16 2 15
2 15 2 14
8 27 9 27
6 2 5 2
9 29 8 29
7 30 7 29
0 21 1 21
37 37 38 37
17 21 16 21
25 20 26 20
30 12 29 12
12 32 12 31
21 29 21 28
9 3 9 4
7 10 7 9
35 17 35 16
25 25 24 25
21 16 21 17
7 11 7 12
34 3 33 3
17 10 16 10
2 14 1 14
14 14 14 13
27 22 26 22
8 11 8 12
30 27 30 28
21 7 22 7
8 1 8 0
21 27 22 27
9 37 8 37
35 12 35 11
35 28 36 28
22 0 23 0
37 10 36 10
11 13 10 13
36 7 37 7
22 7 23 7
5 23 6 23
24 3 23 3
14 11 13 11
23 7 24 7
16 36 17 36
16 37 15 37
20 27 20 26
13 31 13 30
13 26 12 26
1 24 2 24
29 36 28 36
26 4 26 3
23 19 23 20
23 20 22 20
38 17 37 17
23 5 22 5
20 8 19 8
33 13 33 12
19 14 19 13
7 2 7 1
35 23 35 22
31 15 30 15
18 32 18 33
37 17 36 17
15 10 15 11
2 10 3 10
29 12 28 12
5 9 5 10
6 24 5 24
24 12 24 13
19 28 18 28
7 36 8 36
14 13 13 13
31 12 31 11
3 4 3 3
29 28 29 27
32 14 33 14
30 26 30 25
12 33 12 34
28 32 28 31
25 35 26 35
17 34 17 35
4 9 3 9
8 29 8 28
15 37 15 36
1 21 2 21
35 32 34 32
35 16 35 15
26 22 26 23
5 2 4 2
24 11 24 10
34 32 34 33
22 20 21 20
35 15 35 14
36 23 35 23
21 17 22 17
29 27 29 26
38 25 37 25
32 18 33 18
3 11 3 12
17 36 17 37
1 18 1 17
20 26 21 26
21 30 20 30
14 31 15 31
24 32 23 32
18 33 17 33
23 18 23 19
33 31 33 32
10 4 10 5
3 16 3 17
23 12 22 12
36 12 35 12
12 9 12 10
37 25 36 25
20 37 20 36
18 28 18 29
3 27 3 26
7 9 7 8
36 17 35 17
7 29 8 29
23 19 23 20
31 6 32 6
3 3 4 3
19 6 18 6
20 12 19 12
35 11 34 11
28 31 28 30
0 25 1 25
10 31 10 30
9 27 9 28
35 25 34 25
10 0 10 1
16 17 16 16
22 17 22 18
22 8 22 7
15 21 14 21
4 3 5 3
22 18 23 18
35 23 34 23
35 2 35 1
16 16 16 15
1 25 2 25
25 1 25 2
16 15 17 15
35 17 35 16
3 10 3 11
3 11 4 11
12 18 12 19
17 12 16 12
27 27 27 28
10 20 11 20
23 18 23 19
36 2 36 3
32 22 32 21
19 32 18 32
3 12 3 13
28 30 29 30
35 14 34 14
32 6 32 5
3 13 3 14
20 35 20 34
10 21 10 20
14 21 13 21
17 15 17 14
13 21 12 21
17 14 17 13
27 28 28 28
36 25 35 25
19 35 20 35
35 16 35 15
18 10 17 10
24 1 23 1
5 3 5 2
34 25 33 25
12 21 12 22
23 1 23 2
23 2 22 2
34 14 34 15
35 25 34 25
8 22 7 22
15 33 15 34
22 2 22 3
18 6 18 7
29 30 30 30
32 32 32 31
3 26 3 25
11 29 11 30
18 7 18 8
34 23 33 23
23 20 23 21
26 36 25 36
8 29 9 29
24 7 24 8
22 7 23 7
33 25 33 24
25 2 25 3
18 32 18 33
12 22 12 23
12 23 11 23
25 3 25 4
17 13 17 12
22 3 22 4
33 23 32 23
19 12 18 12
23 21 24 21
33 24 32 24
5 2 5 1
30 30 31 30
4 11 5 11
22 4 23 4
23 19 23 20
20 35 21 35
11 21 11 22
5 11 6 11
23 20 23 21
34 25 33 25
23 7 24 7
5 18 5 19
33 25 32 25
20 36 20 35
3 14 2 14
23 4 24 4
2 14 2 15
190
21 28 21 35
33 0 33 3
5 1 7 1
30 15 30 21
21 26 21 28
2 21 7 21
33 16 36 16
7 21 7 22
6 34 7 34
7 1 10 1
21 20 21 26
6 12 6 13
12 34 13 34
8 8 11 8
29 24 32 24
29 26 31 26
2 15 2 17
19 10 23 10
17 33 17 35
9 18 9 20
18 8 18 11
32 23 32 24
17 33 18 33
7 31 7 34
11 17 11 18
7 8 8 8
9 28 21 28
34 15 35 15
30 15 32 15
30 28 30 32
7 3 23 3
11 17 19 17
6 32 6 34
34 7 34 11
7 22 10 22
32 11 34 11
25 4 25 5
9 11 13 11
29 24 29 26
24 13 26 13
13 11 13 13
35 1 36 1
26 7 26 13
33 3 36 3
9 15 9 18
33 7 34 7
16 10 17 10
19 10 19 13
3 33 3 34
23 21 24 21
33 12 33 14
23 0 23 3
13 13 19 13
26 24 29 24
31 28 31 30
9 29 13 29
26 3 30 3
23 3 26 3
24 22 24 25
18 8 19 8
2 17 2 19
7 1 7 3
20 35 21 35
33 22 35 22
9 18 11 18
26 13 26 15
26 15 26 18
2 19 2 21
9 4 14 4
7 3 7 5
17 35 20 35
21 26 29 26
11 23 11 26
21 20 26 20
9 28 9 29
26 18 26 20
28 12 33 12
31 26 31 28
9 12 10 12
26 15 30 15
12 31 15 31
8 31 8 36
2 21 2 24
25 5 25 7
36 1 36 3
32 24 32 25
23 10 24 10
30 32 33 32
25 5 28 5
37 32 37 38
12 10 16 10
30 3 33 3
6 23 6 26
28 5 28 12
23 32 23 36
36 15 36 16
24 21 24 22
2 25 3 25
5 12 5 14
1 14 5 14
34 6 34 7
14 4 16 4
4 15 9 15
13 29 13 30
31 18 33 18
23 3 23 10
7 5 7 8
36 32 36 33
5 14 8 14
17 12 18 12
25 33 25 36
33 32 33 36
33 32 36 32
25 36 28 36
6 11 6 12
1 26 6 26
36 30 36 32
5 10 5 12
4 2 4 4
34 11 34 15
33 16 33 18
16 21 19 21
14 30 19 30
35 22 38 22
36 3 36 10
1 23 1 26
6 11 9 11
28 28 28 36
8 12 9 12
19 8 19 10
1 14 1 17
10 12 10 13
4 7 4 10
19 21 19 22
7 21 16 21
1 26 1 34
12 31 12 34
24 10 24 13
1 11 1 14
8 26 11 26
4 4 4 7
2 15 4 15
33 3 33 7
28 28 30 28
24 22 28 22
5 10 12 10
2 17 3 17
23 36 25 36
15 31 19 31
2 24 2 25
11 35 11 37
6 26 8 26
1 34 1 35
3 2 4 2
15 34 15 36
37 30 37 32
0 26 1 26
15 36 19 36
16 21 16 25
33 18 33 22
4 23 6 23
24 7 25 7
8 4 9 4
19 36 23 36
19 30 19 31
19 13 19 17
30 22 33 22
8 12 8 14
36 28 36 30
33 14 33 16
8 36 8 37
1 17 1 23
24 4 25 4
38 22 38 26
16 4 16 10
19 30 20 30
28 22 30 22
17 10 17 12
33 22 33 32
8 31 12 31
4 10 5 10
8 28 8 31
36 11 36 15
32 5 32 9
8 26 8 28
28 5 32 5
1 34 3 34
36 32 37 32
24 7 24 8
15 31 15 34
