39
27 14 28 14
24 11 24 10
15 27 16 27
24 7 24 8
27 13 27 12
14 25 14 26
28 24 27 24
27 9 27 8
16 18 17 18
20 15 20 14
21 26 21 25
28 9 27 9
13 9 12 9
17 11 16 11
7 6 7 5
28 3 28 2
4 8 4 7
25 8 25 7
26 22 25 22
8 15 8 14
26 20 27 20
6 4 6 5
9 9 10 9
19 21 20 21
21 13 20 13
5 5 4 5
11 2 12 2
20 17 21 17
6 22 5 22
23 18 23 19
21 12 21 13
8 26 7 26
1 18 1 19
12 18 13 18
26 19 26 20
24 5 23 5
23 26 23 25
2 20 1 20
0 12 0 13
161
13 25 15 25
12 1 12 2
1 19 2 19
2 16 2 19
8 4 8 5
2 19 2 25
26 20 26 21
20 23 23 23
21 15 23 15
14 22 14 23
26 6 26 7
8 3 8 4
11 15 11 21
11 14 15 14
7 27 9 27
26 8 26 10
16 9 18 9
20 13 20 14
4 1 4 5
27 12 28 12
20 24 24 24
20 13 21 13
23 19 25 19
26 11 26 12
8 5 8 8
16 8 17 8
11 15 13 15
24 8 26 8
26 10 26 11
21 15 21 17
5 26 7 26
14 11 15 11
9 4 10 4
13 18 13 22
5 16 8 16
28 2 28 10
4 5 6 5
17 14 20 14
23 20 23 23
1 7 4 7
26 12 26 13
10 15 10 20
28 10 28 12
17 8 18 8
24 6 26 6
23 11 23 15
16 27 18 27
15 3 15 11
10 9 12 9
10 15 11 15
9 4 9 5
18 8 18 9
11 0 18 0
16 11 16 12
11 10 11 14
1 27 7 27
18 20 23 20
10 4 10 6
23 2 23 5
20 10 24 10
5 22 12 22
3 12 4 12
19 4 19 5
26 21 26 23
25 19 25 20
26 7 26 8
3 26 5 26
10 9 10 10
25 14 26 14
4 10 10 10
3 15 9 15
20 6 20 7
17 14 17 18
26 8 27 8
25 14 25 19
26 23 28 23
13 25 13 26
7 26 7 27
23 2 25 2
4 7 4 10
6 9 10 9
24 20 25 20
20 19 23 19
12 22 12 28
8 16 8 17
2 16 5 16
20 7 25 7
9 24 9 27
2 0 11 0
5 22 5 26
18 7 18 8
18 4 18 6
13 22 13 25
20 24 20 25
15 11 16 11
13 28 15 28
13 22 14 22
16 16 16 27
9 12 9 15
4 5 4 6
20 23 20 24
12 9 12 10
18 4 19 4
25 19 27 19
16 12 16 16
10 14 10 15
3 1 4 1
16 27 16 28
23 25 28 25
4 1 12 1
16 9 16 11
23 15 24 15
20 16 20 19
25 20 26 20
18 1 18 4
17 18 18 18
1 7 1 19
20 21 20 23
15 26 15 28
25 2 28 2
15 14 15 25
10 7 10 9
12 8 12 9
25 22 25 24
6 5 7 5
25 24 27 24
10 6 10 7
21 14 21 15
20 14 20 16
15 11 15 14
25 12 25 14
14 26 15 26
25 10 26 10
24 3 24 6
4 6 4 7
16 28 22 28
27 8 27 9
27 12 27 19
21 25 23 25
19 5 23 5
3 13 3 15
5 16 5 22
19 10 20 10
12 8 14 8
12 1 18 1
20 1 20 4
20 21 22 21
18 0 18 1
10 10 10 14
23 11 26 11
8 3 13 3
13 3 15 3
20 10 20 13
18 6 20 6
8 2 12 2
9 15 10 15
18 20 18 27
12 28 13 28
24 24 25 24
28 23 28 25
18 8 24 8
