218
20 6 20 5
12 4 13 4
23 25 23 24
2 9 2 8
1 9 2 9
9 11 9 12
2 24 1 24
19 6 19 7
20 21 19 21
7 0 7 1
25 18 26 18
7 15 6 15
3 25 3 26
23 24 22 24
20 10 20 9
21 26 21 25
3 5 4 5
14 2 15 2
7 4 6 4
19 7 18 7
16 2 17 2
13 26 13 25
8 12 7 12
0 9 1 9
0 10 0 11
0 26 0 25
19 19 19 20
22 25 23 25
20 9 20 8
25 16 24 16
8 26 8 25
13 4 13 5
6 21 5 21
7 25 7 24
8 20 8 19
20 25 20 24
5 26 5 25
24 13 24 14
9 25 10 25
15 24 14 24
19 5 19 6
1 25 1 26
0 17 1 17
9 23 9 22
7 26 8 26
2 25 2 24
2 5 2 6
15 19 14 19
27 10 27 11
26 14 27 14
12 6 11 6
2 26 2 25
6 25 6 26
13 3 13 2
9 20 8 20
3 6 3 7
10 23 10 24
4 27 4 26
12 22 12 23
19 3 18 3
8 25 7 25
21 25 20 25
17 23 17 24
3 3 2 3
26 13 25 13
5 3 4 3
25 12 26 12
26 10 27 10
2 20 2 19
12 5 12 6
2 3 2 2
27 11 27 12
9 24 9 23
0 14 1 14
23 17 22 17
4 6 5 6
1 26 2 26
1 3 1 2
18 5 18 4
13 0 13 1
6 22 5 22
18 12 18 13
12 3 13 3
8 15 7 15
0 25 0 24
25 9 26 9
20 24 19 24
26 12 26 13
16 13 17 13
4 5 4 6
9 26 9 25
21 23 22 23
26 19 25 19
7 19 6 19
1 24 1 25
19 21 18 21
19 4 19 5
13 5 14 5
9 15 8 15
11 4 12 4
25 19 24 19
21 17 21 18
20 12 19 12
23 14 22 14
17 13 17 12
22 9 21 9
15 14 15 13
1 15 1 16
15 2 15 3
2 13 2 14
24 10 24 9
18 21 18 20
4 25 3 25
9 10 9 11
24 19 24 18
4 17 4 18
24 18 24 17
22 22 21 22
3 7 3 8
21 21 21 20
26 6 25 6
14 1 15 1
2 11 3 11
22 21 23 21
11 10 10 10
18 20 18 19
4 26 4 25
5 19 5 20
24 24 25 24
21 18 22 18
3 8 3 9
14 21 14 22
16 1 16 2
14 4 13 4
19 24 18 24
19 5 18 5
13 1 14 1
0 11 1 11
5 22 4 22
10 1 10 2
22 23 22 22
14 3 14 4
21 19 21 18
1 10 0 10
12 10 12 11
15 13 15 12
20 5 19 5
18 5 17 5
16 2 15 2
9 23 10 23
11 22 12 22
8 18 9 18
5 25 6 25
13 4 13 5
14 1 14 2
23 21 24 21
15 3 15 4
9 5 9 6
9 6 9 7
20 25 20 24
1 9 1 10
21 20 21 19
6 19 6 20
15 2 15 3
22 10 22 9
17 24 16 24
16 24 15 24
22 22 22 21
24 8 24 7
22 21 23 21
20 24 19 24
3 26 4 26
12 1 13 1
3 9 3 10
11 9 11 10
3 10 2 10
18 24 17 24
19 24 18 24
27 12 26 12
1 11 1 12
18 24 18 25
14 2 14 3
26 12 25 12
22 9 22 8
2 10 2 11
19 5 18 5
21 27 21 26
18 25 17 25
10 9 11 9
11 16 12 16
11 9 12 9
26 7 27 7
12 9 13 9
13 3 13 4
5 9 4 9
17 25 16 25
1 10 1 11
6 2 7 2
4 24 3 24
21 26 21 25
14 8 14 9
15 15 15 14
21 25 20 25
21 4 21 3
22 5 22 6
21 12 21 13
17 5 16 5
20 25 20 24
8 7 8 8
9 27 10 27
17 24 16 24
9 11 8 11
17 7 16 7
8 8 8 9
8 9 9 9
23 20 23 19
8 11 8 12
18 0 18 1
182
14 19 14 22
8 23 8 26
10 10 10 11
14 9 15 9
19 8 20 8
20 19 21 19
8 21 8 22
17 22 17 26
2 11 2 14
22 14 22 17
4 19 8 19
22 24 25 24
10 12 10 13
22 20 22 24
11 26 14 26
0 16 0 24
2 1 2 2
4 6 4 9
14 9 14 11
21 18 22 18
4 9 4 10
15 12 17 12
4 3 4 6
15 20 17 20
16 5 18 5
20 8 20 13
4 12 4 13
8 16 9 16
21 6 22 6
7 13 7 14
7 13 8 13
12 17 12 22
25 1 25 3
27 15 27 16
14 19 18 19
0 10 4 10
12 11 12 12
17 2 19 2
2 24 3 24
26 21 26 22
26 22 26 24
14 26 15 26
12 4 13 4
19 6 19 8
10 22 12 22
6 13 7 13
12 4 12 6
6 20 8 20
9 4 9 7
18 15 20 15
2 26 2 27
0 15 4 15
18 17 18 19
14 22 15 22
19 20 22 20
8 22 9 22
4 15 4 18
1 11 2 11
2 6 4 6
4 25 6 25
21 24 22 24
2 18 4 18
22 8 26 8
8 17 9 17
16 24 16 25
8 26 11 26
24 17 24 21
10 11 12 11
0 8 0 10
25 24 26 24
3 13 4 13
22 17 24 17
23 1 24 1
0 24 0 27
20 13 20 15
22 18 23 18
15 4 16 4
19 6 21 6
12 6 14 6
17 2 17 3
17 3 17 4
24 9 26 9
26 9 26 11
26 8 26 9
21 2 22 2
0 27 1 27
6 15 7 15
20 17 20 19
0 13 0 15
6 24 6 25
25 12 25 13
6 26 8 26
14 4 14 5
8 17 8 19
4 26 6 26
4 15 6 15
7 1 13 1
26 4 26 8
8 12 8 13
4 11 4 12
18 6 18 7
11 17 12 17
9 22 9 25
19 20 19 22
18 19 20 19
9 22 10 22
12 22 14 22
12 16 12 17
2 14 7 14
22 13 22 14
17 22 19 22
2 1 3 1
17 20 17 22
16 3 16 4
17 12 17 17
3 24 3 25
14 15 14 16
23 21 24 21
26 4 27 4
0 10 0 13
16 17 17 17
8 13 10 13
18 5 18 6
14 16 15 16
14 3 15 3
12 6 12 11
8 20 8 21
4 18 4 19
24 12 25 12
6 25 7 25
22 13 25 13
7 11 10 11
20 2 21 2
20 15 20 16
13 1 13 2
20 8 22 8
20 17 22 17
4 11 6 11
22 24 22 27
15 22 15 24
19 16 20 16
9 7 9 9
15 3 16 3
17 17 18 17
23 4 26 4
25 15 26 15
9 14 9 16
10 16 12 16
6 11 7 11
14 3 14 4
24 1 25 1
23 1 23 4
25 15 25 24
26 11 26 13
15 16 15 17
22 18 22 19
2 26 4 26
11 12 11 13
16 4 16 5
15 24 16 24
13 9 14 9
3 24 6 24
11 12 12 12
11 25 11 26
22 19 22 20
13 2 13 4
17 12 19 12
15 26 17 26
19 2 19 6
0 3 4 3
13 2 17 2
7 14 9 14
9 16 10 16
19 11 19 12
4 10 4 11
15 4 15 9
14 13 14 15
0 24 2 24
15 9 15 12
26 13 26 15
6 20 6 24
11 13 14 13
