304
5 38 5 37
43 20 43 21
39 19 40 19
14 8 14 9
39 9 38 9
8 9 7 9
20 32 20 33
41 20 42 20
19 14 19 15
24 1 24 0
24 19 25 19
26 4 27 4
3 18 4 18
33 31 34 31
6 8 7 8
43 1 43 2
14 40 14 39
14 32 14 33
43 22 42 22
30 18 30 19
17 5 17 6
17 34 17 33
35 5 36 5
0 42 1 42
42 35 42 36
8 14 8 15
25 19 25 18
36 19 36 18
44 4 43 4
36 18 35 18
26 36 26 37
39 14 39 15
28 20 28 19
10 36 10 37
15 33 15 34
11 37 12 37
3 13 2 13
18 0 19 0
2 11 2 10
8 18 7 18
8 44 8 43
38 9 38 8
28 37 29 37
17 32 17 31
40 32 40 31
20 18 20 17
24 18 24 19
40 33 40 32
42 41 41 41
9 19 8 19
40 14 40 13
10 8 11 8
23 29 23 30
22 29 21 29
34 36 34 35
16 12 17 12
43 2 44 2
3 11 2 11
7 8 7 7
5 20 6 20
34 19 35 19
1 8 0 8
19 36 20 36
29 22 28 22
38 3 37 3
27 3 26 3
38 8 37 8
24 29 24 28
18 2 17 2
32 13 32 12
36 14 35 14
34 12 34 11
7 0 7 1
41 19 42 19
20 19 20 20
39 3 39 4
32 12 31 12
23 18 23 17
30 37 31 37
20 25 21 25
2 42 3 42
21 37 21 38
37 27 37 26
16 1 15 1
11 4 10 4
22 4 22 5
4 3 3 3
8 0 9 0
5 37 5 36
21 38 21 39
4 15 5 15
27 26 28 26
15 9 15 8
23 42 23 43
28 6 28 7
13 32 12 32
41 41 41 42
7 18 6 18
42 44 42 43
25 0 26 0
8 43 8 42
33 18 34 18
0 3 1 3
35 36 34 36
2 40 2 41
0 37 0 38
27 21 28 21
32 35 33 35
41 27 40 27
5 2 5 1
9 4 8 4
16 44 16 43
8 24 8 25
29 37 30 37
34 31 35 31
19 0 19 1
29 35 29 34
41 21 41 20
3 3 3 4
16 43 16 42
22 5 23 5
34 15 35 15
43 4 42 4
44 3 44 4
42 22 41 22
17 43 17 42
44 1 43 1
34 18 34 17
9 42 9 41
6 20 6 19
42 20 43 20
1 40 2 40
2 40 3 40
4 8 4 9
21 18 21 17
33 28 34 28
17 42 17 41
29 34 30 34
28 7 28 8
39 8 38 8
1 42 1 41
34 36 33 36
2 10 2 9
9 0 10 0
39 21 40 21
15 6 14 6
33 29 33 28
37 15 37 16
35 29 35 28
5 40 5 41
15 1 15 2
4 36 4 37
0 5 0 4
42 40 43 40
18 27 19 27
44 15 43 15
40 32 39 32
10 37 9 37
42 4 41 4
2 41 3 41
17 14 17 15
15 34 14 34
4 28 4 29
38 2 37 2
5 15 6 15
9 15 10 15
41 22 40 22
13 8 13 7
7 37 7 36
24 8 25 8
42 27 43 27
21 39 20 39
37 8 36 8
28 26 28 25
35 18 34 18
23 5 24 5
16 42 16 41
10 41 11 41
5 34 5 35
32 11 32 10
23 17 23 16
3 9 3 10
34 38 34 37
15 37 16 37
16 24 16 25
23 16 23 15
43 21 43 22
31 37 31 38
10 0 10 1
41 18 40 18
39 32 39 31
3 40 4 40
22 43 22 42
13 23 14 23
19 7 19 8
3 15 4 15
3 0 3 1
34 18 33 18
31 13 30 13
14 25 13 25
15 31 15 32
30 7 31 7
37 23 37 24
28 24 29 24
4 40 5 40
18 3 18 4
4 37 4 38
39 31 39 30
23 10 22 10
37 14 36 14
7 9 6 9
30 13 29 13
3 27 3 26
35 14 34 14
29 13 28 13
22 2 22 1
40 28 39 28
34 37 35 37
6 15 7 15
32 7 33 7
20 20 20 21
21 35 22 35
24 28 25 28
3 42 4 42
4 42 4 41
35 15 36 15
40 27 39 27
1 41 2 41
14 9 15 9
40 13 41 13
9 37 8 37
19 25 18 25
21 32 22 32
33 32 33 31
20 39 20 40
6 19 5 19
13 27 14 27
34 40 34 39
2 18 1 18
15 32 15 33
20 40 19 40
30 34 31 34
43 20 44 20
3 41 3 42
31 34 32 34
3 4 3 5
16 37 17 37
17 15 16 15
11 18 11 19
11 41 11 40
37 16 38 16
15 9 15 10
32 34 32 35
27 41 28 41
6 18 6 19
33 37 33 38
34 39 34 38
11 8 11 7
7 20 8 20
32 25 31 25
25 18 26 18
34 38 34 37
10 1 10 2
44 23 43 23
22 15 21 15
28 13 27 13
39 27 39 26
2 41 3 41
29 16 29 17
18 4 18 5
26 24 27 24
18 19 19 19
19 1 19 2
34 37 34 36
4 41 4 40
37 5 37 6
35 40 35 41
16 41 16 40
11 28 10 28
41 40 41 39
3 41 4 41
4 34 5 34
1 19 0 19
27 13 26 13
35 10 34 10
11 39 12 39
17 12 17 13
14 34 13 34
37 24 38 24
3 5 3 6
15 33 15 34
22 37 21 37
17 25 17 24
39 15 39 16
18 17 18 18
4 2 4 1
10 28 10 29
3 6 2 6
42 34 42 33
12 28 13 28
17 41 16 41
10 15 10 14
14 6 13 6
11 19 12 19
195
0 1 1 1
39 16 39 20
39 28 39 30
5 36 5 40
33 17 34 17
17 33 20 33
20 42 22 42
38 30 39 30
8 15 16 15
4 29 10 29
7 15 8 15
8 15 8 19
31 12 33 12
16 10 16 15
41 9 41 13
36 6 36 8
40 22 43 22
23 6 23 15
4 9 6 9
10 2 10 4
2 6 7 6
16 40 16 41
3 20 3 26
18 5 24 5
26 37 26 40
26 3 37 3
15 2 17 2
28 19 28 21
11 40 13 40
8 20 8 25
44 34 44 35
0 8 0 10
34 17 34 28
8 25 13 25
16 25 16 28
11 36 11 40
41 43 42 43
20 21 24 21
44 2 44 4
26 0 26 3
6 13 6 19
17 31 17 33
14 21 19 21
20 36 20 42
13 34 13 40
34 35 35 35
2 9 4 9
25 6 25 8
26 40 43 40
21 12 21 15
10 42 20 42
34 28 34 35
33 36 34 36
41 42 41 43
28 18 33 18
17 31 18 31
15 8 19 8
28 19 30 19
10 13 10 14
17 2 17 6
3 42 8 42
37 2 37 3
7 7 9 7
1 20 3 20
14 33 17 33
4 40 4 41
38 16 39 16
31 8 31 12
30 19 30 30
8 42 10 42
19 21 20 21
17 2 19 2
17 30 19 30
35 28 35 31
1 0 1 1
40 31 40 34
20 33 20 36
33 18 33 28
35 31 40 31
44 4 44 20
23 6 25 6
13 25 16 25
34 28 35 28
41 13 42 13
16 15 19 15
26 3 26 6
13 22 13 25
31 6 36 6
5 36 6 36
3 20 8 20
18 31 21 31
21 25 28 25
4 40 5 40
13 34 15 34
3 10 3 14
2 6 2 9
40 22 40 25
5 18 5 19
0 38 3 38
13 40 16 40
32 28 33 28
38 16 38 18
33 35 33 36
40 25 40 31
6 13 10 13
16 18 18 18
22 42 41 42
8 37 8 42
19 28 25 28
26 29 26 37
1 3 6 3
35 35 44 35
30 37 35 37
10 4 10 13
9 3 9 7
19 28 19 30
25 8 28 8
4 31 4 38
27 37 30 37
28 8 28 10
0 10 3 10
3 38 4 38
24 21 28 21
39 4 39 11
12 0 24 0
28 8 31 8
39 20 41 20
4 18 5 18
38 24 38 30
39 4 41 4
6 9 6 13
20 21 20 24
16 28 19 28
15 10 16 10
3 30 3 38
24 0 24 5
28 22 28 25
18 18 26 18
12 8 15 8
36 5 36 6
17 6 23 6
13 25 13 28
21 22 21 25
21 29 21 31
26 18 28 18
19 8 19 10
10 4 13 4
26 6 31 6
16 25 18 25
16 15 16 18
34 11 34 14
21 29 26 29
6 3 9 3
1 0 12 0
3 14 3 20
5 19 6 19
39 20 39 26
32 28 32 35
17 33 17 37
30 30 30 37
13 28 13 34
0 1 0 4
1 1 1 3
35 35 35 37
8 19 12 19
0 26 3 26
24 0 26 0
39 26 39 28
37 2 44 2
6 36 7 36
21 15 23 15
3 38 3 42
34 14 34 17
20 33 24 33
32 35 33 35
41 20 44 20
19 26 19 27
15 2 15 8
4 29 4 31
26 13 26 18
11 21 14 21
16 40 19 40
19 27 19 28
34 11 39 11
14 27 14 33
7 36 11 36
8 19 8 20
33 12 33 17
26 37 27 37
41 4 41 9
0 4 0 8
18 25 21 25
31 6 31 7
28 25 29 25
10 2 15 2
