40
11 31 11 30
32 25 33 25
21 8 20 8
19 19 19 18
15 1 15 2
30 34 29 34
25 7 26 7
29 8 28 8
30 4 31 4
12 12 13 12
11 27 12 27
32 33 32 34
21 20 21 19
18 30 18 29
6 2 7 2
26 2 26 3
12 34 12 33
20 34 20 33
8 0 7 0
35 17 35 16
12 35 12 34
15 33 15 34
7 26 8 26
32 3 32 4
30 9 30 10
15 25 14 25
3 33 2 33
27 29 27 30
0 14 0 15
11 3 11 4
25 12 25 13
17 6 17 7
26 19 26 20
1 15 1 16
3 11 3 12
9 21 9 20
1 21 0 21
9 34 9 35
19 1 20 1
5 22 6 22
160
2 33 2 35
29 16 29 24
27 1 31 1
19 10 19 13
22 3 26 3
14 1 20 1
12 16 12 27
17 16 19 16
12 8 12 10
2 35 9 35
12 14 12 16
11 4 12 4
15 16 17 16
1 10 4 10
26 24 29 24
5 15 5 16
29 9 29 11
29 9 31 9
2 28 5 28
5 16 5 28
7 20 9 20
20 3 20 7
26 7 26 8
9 4 11 4
1 1 1 10
29 34 32 34
7 0 7 1
2 26 2 27
11 20 11 30
1 1 7 1
19 13 19 16
29 11 29 16
26 3 26 7
15 8 20 8
5 28 7 28
15 34 22 34
20 30 25 30
3 12 4 12
2 27 4 27
2 16 5 16
0 15 0 18
31 4 31 9
26 3 28 3
16 27 16 28
17 19 21 19
2 31 2 33
21 19 23 19
4 5 4 10
17 16 17 19
7 13 10 13
26 8 26 15
0 15 5 15
11 30 14 30
29 32 29 34
7 13 7 20
17 7 20 7
2 27 2 28
2 12 3 12
12 27 16 27
11 4 11 20
22 34 29 34
12 10 19 10
12 4 12 6
12 10 12 14
7 1 7 2
3 0 7 0
5 12 5 15
29 3 29 9
12 8 15 8
4 10 4 12
28 3 29 3
12 6 12 8
32 4 32 5
20 7 20 8
7 2 7 13
31 1 31 4
4 12 5 12
15 34 15 35
27 30 32 30
20 1 20 3
25 13 25 18
2 28 2 31
21 13 25 13
25 30 27 30
0 18 0 21
18 18 19 18
2 5 4 5
9 20 11 20
20 3 22 3
19 22 22 22
22 8 23 8
25 26 25 29
28 3 28 6
22 6 25 6
25 18 26 18
31 4 32 4
15 20 17 20
17 20 17 25
33 23 33 24
27 22 28 22
33 30 33 31
2 31 5 31
9 35 15 35
35 16 35 25
6 22 6 26
15 18 15 20
14 33 19 33
19 33 20 33
28 8 28 22
30 10 31 10
18 27 18 29
25 4 25 6
8 25 8 26
19 31 33 31
17 20 26 20
8 26 8 33
34 16 35 16
33 25 35 25
12 33 12 34
31 10 31 21
8 33 12 33
14 25 17 25
31 21 32 21
20 25 33 25
19 18 25 18
21 10 21 13
6 3 6 22
33 25 33 30
14 30 20 30
20 25 20 29
32 21 32 22
33 31 33 32
14 15 14 25
31 24 33 24
8 21 8 25
20 29 25 29
9 31 19 31
13 25 13 26
30 10 30 14
18 29 20 29
14 15 18 15
34 7 34 16
26 20 27 20
33 24 33 25
26 18 26 20
25 6 25 13
6 26 8 26
22 22 27 22
9 28 9 31
33 30 34 30
32 22 34 22
17 25 20 25
13 12 13 25
22 6 22 8
27 20 27 22
19 31 19 33
13 25 14 25
31 21 31 24
12 33 14 33
14 13 14 15
