120
5 20 5 19
1 6 1 5
1 13 2 13
1 9 0 9
17 19 17 18
13 20 14 20
20 15 19 15
2 4 2 3
1 8 1 9
2 2 3 2
11 0 11 1
10 6 10 7
12 21 13 21
0 8 1 8
1 4 2 4
10 16 11 16
5 4 4 4
13 17 14 17
0 10 1 10
8 8 8 9
14 17 14 18
5 19 4 19
6 1 6 2
5 8 4 8
10 8 10 9
4 4 3 4
7 14 7 13
21 15 20 15
9 19 10 19
21 16 21 17
11 3 12 3
16 8 15 8
7 12 7 11
13 3 13 2
16 10 16 11
14 7 13 7
0 6 1 6
18 6 17 6
19 6 18 6
0 5 0 4
3 1 4 1
7 7 7 8
8 2 8 3
13 21 13 20
20 9 20 10
19 13 18 13
9 11 9 12
11 7 11 8
13 19 14 19
12 7 11 7
2 3 3 3
17 20 17 19
2 4 2 3
3 7 4 7
17 9 16 9
17 6 16 6
19 11 20 11
7 13 7 12
5 16 4 16
5 21 5 20
19 16 19 17
3 3 4 3
18 2 18 3
2 15 2 14
12 10 12 11
1 14 0 14
4 14 5 14
9 2 8 2
10 12 10 13
6 5 6 4
2 3 3 3
13 15 12 15
0 3 1 3
7 8 6 8
5 20 6 20
6 13 6 12
6 19 5 19
17 11 18 11
19 12 19 11
20 13 20 14
8 15 8 14
3 5 4 5
10 7 10 8
19 10 18 10
6 17 5 17
12 11 11 11
17 1 17 0
1 15 2 15
3 6 3 7
4 3 5 3
20 14 19 14
18 10 18 9
18 16 19 16
10 11 10 12
17 19 18 19
7 21 6 21
9 1 9 2
18 6 17 6
4 15 4 14
9 16 10 16
21 1 20 1
5 14 5 15
17 3 17 4
7 17 6 17
2 6 3 6
6 17 6 16
13 7 12 7
14 20 14 21
20 10 19 10
19 10 18 10
3 3 4 3
17 21 17 20
9 2 10 2
17 20 17 19
10 3 9 3
10 2 10 3
18 19 18 18
7 10 7 9
17 4 17 5
6 16 5 16
180
9 20 9 21
5 2 5 3
14 10 17 10
3 0 4 0
13 1 14 1
13 5 13 6
5 2 6 2
19 20 20 20
12 15 14 15
19 7 19 9
7 20 9 20
20 20 20 21
6 8 10 8
19 9 19 11
16 15 17 15
15 0 17 0
10 14 10 16
12 5 12 6
12 8 13 8
5 7 6 7
11 11 11 12
6 9 6 10
4 0 5 0
10 19 10 20
19 2 21 2
7 11 8 11
15 15 16 15
17 14 19 14
11 6 12 6
0 2 0 4
21 14 21 17
13 18 14 18
15 17 15 18
17 7 18 7
11 15 12 15
13 4 13 5
16 13 16 15
9 14 9 15
14 1 14 2
19 15 20 15
16 4 18 4
0 14 2 14
0 0 1 0
17 19 19 19
13 5 16 5
7 11 7 12
4 7 4 8
12 6 12 7
18 5 18 7
3 0 3 2
13 18 13 20
11 19 12 19
5 3 5 5
16 6 16 7
10 17 10 18
12 9 12 12
17 14 17 15
11 12 11 13
16 7 16 9
18 9 18 10
14 19 17 19
4 14 6 14
17 17 18 17
9 13 10 13
16 4 16 5
0 9 1 9
0 4 3 4
11 13 11 14
0 7 0 9
12 12 12 14
0 9 0 12
8 19 10 19
4 8 6 8
0 20 1 20
16 6 17 6
19 15 19 16
6 3 7 3
3 19 4 19
20 17 21 17
8 13 9 13
19 14 21 14
0 12 0 14
8 14 9 14
1 8 2 8
5 0 6 0
6 18 6 20
2 9 2 13
12 7 16 7
16 2 16 3
15 13 15 15
5 12 6 12
14 2 16 2
6 2 8 2
3 7 4 7
19 9 21 9
6 14 8 14
14 18 14 19
18 4 18 5
17 0 17 2
5 3 6 3
2 20 6 20
12 17 15 17
6 10 10 10
6 14 6 18
16 9 18 9
17 10 18 10
15 17 16 17
8 14 8 19
10 3 10 8
10 17 12 17
14 15 15 15
4 19 5 19
3 6 3 7
9 15 9 17
18 17 18 18
10 16 10 17
2 20 2 21
10 14 11 14
6 10 6 12
8 0 8 2
10 3 12 3
2 8 2 9
17 16 19 16
19 17 20 17
2 14 2 15
3 2 3 4
1 0 3 0
2 15 3 15
8 2 13 2
8 0 12 0
6 8 6 9
18 7 19 7
5 5 5 7
4 17 4 19
3 4 3 6
8 11 11 11
4 16 5 16
18 11 19 11
17 5 17 6
3 15 3 19
3 12 3 13
19 2 19 4
6 20 6 21
2 13 3 13
10 20 12 20
0 4 0 7
4 16 4 17
17 10 17 12
4 3 5 3
3 13 8 13
19 17 19 19
6 12 7 12
14 12 14 15
21 3 21 7
13 20 15 20
17 2 19 2
8 13 8 14
12 3 12 5
13 2 13 4
11 15 11 16
8 5 8 6
21 2 21 3
12 20 13 20
11 8 12 8
21 0 21 2
18 4 19 4
19 11 19 14
17 16 17 17
12 14 12 15
2 18 2 20
16 17 16 18
20 19 20 20
12 8 12 9
16 17 17 17
8 12 8 13
17 13 17 14
5 5 8 5
0 18 2 18
1 7 1 8
6 7 9 7
