112
31 25 31 24
11 35 11 34
10 2 11 2
25 33 24 33
1 2 2 2
3 23 4 23
26 34 25 34
3 0 3 1
1 25 2 25
10 0 10 1
30 16 30 15
5 11 6 11
15 33 15 32
35 26 35 25
1 4 2 4
4 11 5 11
1 9 0 9
1 21 2 21
19 4 20 4
22 1 22 2
34 23 34 22
7 24 7 23
5 11 5 10
22 27 22 28
28 6 27 6
17 21 17 22
9 10 9 9
19 32 19 33
7 34 6 34
30 6 30 7
6 34 6 35
31 16 31 17
27 1 26 1
35 6 34 6
1 14 1 13
3 24 3 23
2 21 3 21
34 18 33 18
20 11 19 11
30 7 30 8
16 1 16 2
16 21 16 22
10 13 10 14
21 8 22 8
35 25 34 25
26 29 25 29
22 10 21 10
14 7 15 7
31 17 31 18
6 20 6 21
9 18 8 18
29 31 29 32
14 31 13 31
1 23 1 22
24 16 24 15
30 29 30 30
22 28 22 29
33 3 33 4
11 34 12 34
25 24 26 24
27 6 27 7
8 26 8 27
32 28 32 29
19 3 19 4
11 2 12 2
1 13 2 13
15 24 15 25
23 35 23 34
15 25 16 25
8 18 7 18
15 7 15 6
17 8 16 8
8 6 8 7
7 33 7 34
22 8 22 9
34 22 33 22
12 2 12 1
29 5 30 5
16 12 16 13
13 25 13 24
23 34 23 33
17 30 16 30
6 21 5 21
29 16 29 17
20 27 21 27
3 6 3 7
27 29 27 30
17 13 18 13
10 3 10 2
21 20 22 20
3 31 4 31
33 7 33 8
24 28 24 27
22 29 22 30
8 0 8 1
28 16 29 16
0 10 1 10
25 8 25 9
17 20 16 20
22 25 22 26
8 10 9 10
30 5 31 5
20 35 21 35
5 21 4 21
33 8 33 9
11 8 11 7
34 1 35 1
33 9 32 9
0 14 1 14
19 17 18 17
27 30 27 31
1 10 2 10
188
1 14 1 22
4 22 4 23
26 30 30 30
25 4 26 4
13 26 13 31
26 16 26 18
21 34 21 35
6 35 7 35
32 29 33 29
26 4 26 8
19 34 21 34
34 26 34 29
6 28 6 35
22 16 22 17
1 22 4 22
26 26 26 28
13 24 13 26
22 30 26 30
22 17 22 20
1 22 1 26
22 20 22 21
0 26 1 26
6 16 8 16
7 35 21 35
25 32 25 34
26 24 26 25
25 32 29 32
22 20 23 20
35 21 35 28
23 20 23 24
29 16 32 16
4 22 8 22
6 0 13 0
26 8 30 8
4 31 4 35
13 8 15 8
12 5 12 6
15 8 16 8
22 16 26 16
29 13 29 15
15 22 16 22
29 15 29 16
26 18 26 24
32 9 32 16
19 4 19 5
26 10 26 16
21 34 25 34
26 24 28 24
12 1 12 5
26 8 26 10
19 5 19 11
12 5 19 5
26 25 26 26
9 9 9 10
1 26 1 28
16 20 16 22
26 2 26 4
12 14 12 18
18 4 19 4
12 6 15 6
13 0 13 1
10 14 12 14
29 32 30 32
22 2 25 2
16 8 16 9
3 7 5 7
6 9 9 9
34 29 35 29
4 35 6 35
10 34 12 34
15 22 15 32
15 6 15 8
1 0 1 14
12 1 13 1
5 0 6 0
1 28 6 28
26 26 34 26
8 16 8 22
16 2 21 2
1 0 5 0
13 22 13 24
21 0 27 0
3 1 3 2
13 3 18 3
34 13 34 14
9 9 16 9
1 26 13 26
10 8 13 8
26 28 26 30
33 29 34 29
5 10 7 10
19 33 20 33
20 31 20 33
30 30 30 32
5 13 9 13
15 32 17 32
26 1 26 2
28 24 31 24
23 25 23 27
10 24 13 24
12 31 13 31
4 23 7 23
10 14 10 24
22 5 22 9
25 10 26 10
5 16 6 16
16 13 16 19
25 31 27 31
13 22 15 22
2 2 2 4
20 4 22 4
35 28 35 29
7 30 7 32
7 34 10 34
20 25 20 31
27 18 27 19
27 18 31 18
16 11 16 13
4 19 4 21
34 33 34 34
22 2 22 4
20 31 25 31
8 7 11 7
26 16 29 16
22 9 22 11
19 26 19 33
12 33 19 33
27 7 31 7
23 27 24 27
3 21 4 21
3 14 3 21
24 9 24 15
2 13 5 13
17 19 17 22
21 2 21 3
3 2 3 7
18 15 24 15
34 14 34 19
5 7 8 7
16 19 17 19
20 33 23 33
9 13 16 13
34 8 34 13
22 11 22 14
2 24 9 24
9 14 9 24
5 5 5 7
17 22 20 22
31 5 31 7
16 25 16 30
20 22 20 25
5 7 5 10
29 25 34 25
10 1 10 2
22 4 22 5
21 0 21 2
13 19 16 19
8 2 10 2
18 13 18 15
30 33 34 33
16 13 18 13
2 10 2 13
7 32 7 34
3 14 9 14
24 9 25 9
9 13 9 14
2 2 3 2
18 15 18 17
34 19 34 25
17 19 21 19
31 7 31 8
34 6 34 8
4 17 4 19
2 24 2 25
22 9 24 9
16 25 20 25
27 0 27 7
20 25 23 25
10 11 16 11
31 8 34 8
5 16 5 18
5 10 5 13
27 19 34 19
12 33 12 34
27 19 27 22
21 2 22 2
18 3 21 3
8 2 8 7
