309
5 33 4 33
14 28 14 27
37 15 38 15
19 20 18 20
10 31 9 31
34 14 34 15
30 18 30 17
2 21 2 20
39 16 39 15
30 3 31 3
34 36 34 35
43 9 42 9
44 28 43 28
41 18 41 17
0 13 0 14
31 6 32 6
23 41 23 40
27 42 26 42
15 40 14 40
2 20 3 20
21 36 20 36
34 32 33 32
41 17 40 17
20 12 19 12
12 7 11 7
21 11 20 11
41 4 42 4
6 34 5 34
8 14 8 13
10 2 11 2
25 25 25 24
23 19 23 18
23 16 23 17
2 29 2 30
16 15 16 16
25 10 26 10
15 42 16 42
13 11 13 12
21 19 21 18
20 43 21 43
16 42 16 41
39 18 38 18
5 34 5 33
0 29 0 28
26 22 27 22
8 20 8 21
9 35 9 34
37 12 37 13
5 41 4 41
27 41 27 42
7 30 7 29
2 24 2 25
0 14 0 15
29 5 29 6
18 10 19 10
2 38 3 38
10 16 9 16
8 1 7 1
8 32 8 33
10 37 11 37
32 30 32 31
41 43 42 43
39 1 40 1
21 37 20 37
32 11 31 11
44 34 44 35
26 10 26 9
28 27 28 26
30 17 30 16
0 28 1 28
31 3 32 3
43 28 43 29
25 21 25 22
38 2 37 2
14 42 14 43
21 18 21 17
0 8 1 8
5 36 4 36
36 21 35 21
1 28 2 28
40 17 40 16
43 14 42 14
25 17 24 17
37 35 38 35
37 36 37 37
42 25 42 24
20 44 20 43
37 37 37 38
4 4 5 4
42 17 42 16
35 21 35 20
10 6 10 7
39 20 40 20
4 5 3 5
1 30 0 30
7 1 7 2
7 35 7 34
18 35 19 35
19 5 19 6
21 43 21 44
8 13 8 12
21 33 21 32
42 14 41 14
27 18 27 19
4 33 3 33
41 22 40 22
12 3 12 4
21 6 20 6
8 33 8 34
16 27 16 28
14 34 14 33
5 4 5 5
38 11 37 11
15 43 15 42
29 6 29 7
21 27 21 28
12 4 11 4
34 31 34 30
27 24 27 25
26 42 26 41
16 3 16 4
30 22 30 23
14 5 13 5
37 39 38 39
44 16 43 16
16 30 17 30
21 32 21 31
43 16 43 15
42 24 41 24
10 7 9 7
13 5 12 5
21 31 21 30
35 28 35 27
42 16 42 15
0 27 1 27
19 28 19 27
0 15 0 16
0 2 1 2
33 6 33 7
3 38 3 39
1 8 2 8
9 30 10 30
21 26 22 26
37 2 36 2
18 26 18 27
40 16 40 15
23 22 24 22
5 42 5 43
29 11 30 11
22 16 23 16
14 33 13 33
7 2 7 3
40 29 39 29
29 42 29 43
42 8 41 8
23 3 23 2
33 0 33 1
16 4 16 5
4 18 4 17
36 2 36 3
26 41 25 41
6 41 5 41
43 30 42 30
39 25 40 25
13 33 13 34
12 2 12 3
30 39 30 40
37 38 37 39
43 31 43 32
2 28 3 28
30 11 30 12
3 28 3 29
23 2 23 1
3 29 4 29
16 5 16 6
34 7 35 7
41 24 41 23
12 5 12 6
5 19 6 19
25 24 24 24
39 22 38 22
18 33 17 33
43 35 43 34
41 14 41 13
12 3 11 3
36 15 37 15
36 31 35 31
43 15 43 14
27 19 27 20
3 5 3 4
29 7 29 8
33 25 32 25
6 18 5 18
42 4 42 3
33 32 33 31
28 7 28 8
40 22 40 21
3 39 4 39
15 42 15 41
41 23 40 23
38 24 38 25
42 32 41 32
1 27 2 27
37 11 36 11
30 40 30 41
40 21 39 21
32 29 32 30
12 6 11 6
33 5 33 4
13 40 13 39
38 25 38 26
11 3 10 3
5 15 6 15
15 41 15 40
39 0 39 1
8 35 7 35
5 41 5 42
43 14 42 14
10 3 10 4
40 15 40 14
0 19 0 18
10 4 10 5
10 38 10 37
9 16 8 16
4 29 5 29
41 32 40 32
24 24 23 24
5 18 4 18
40 32 39 32
4 34 5 34
1 2 2 2
0 16 1 16
32 20 32 19
16 6 16 7
19 12 18 12
12 37 12 38
15 40 16 40
3 33 2 33
4 39 5 39
16 7 16 8
3 9 4 9
42 21 41 21
44 12 43 12
40 23 39 23
12 41 11 41
43 12 43 11
23 1 23 0
19 35 19 36
24 2 24 1
5 42 4 42
36 3 36 4
16 16 16 17
2 27 2 28
8 21 8 22
3 8 3 7
20 8 19 8
3 4 2 4
35 42 34 42
6 11 5 11
4 18 3 18
38 26 38 27
32 31 31 31
37 39 37 40
22 26 22 27
1 36 2 36
44 20 43 20
35 20 34 20
3 18 2 18
32 30 32 31
2 8 3 8
42 31 42 32
32 25 32 26
32 4 31 4
32 31 32 32
42 14 41 14
25 41 24 41
2 28 2 29
1 6 1 7
29 8 29 9
11 6 10 6
1 16 2 16
16 40 17 40
16 17 16 18
7 3 7 4
35 7 36 7
39 23 38 23
39 32 39 31
8 2 7 2
43 11 42 11
7 27 8 27
29 43 28 43
23 40 22 40
8 15 9 15
37 40 37 41
1 14 1 13
42 43 42 44
39 31 38 31
29 9 29 10
20 3 21 3
7 4 7 5
24 41 24 40
36 7 37 7
2 29 3 29
38 31 37 31
42 11 41 11
2 16 3 16
25 13 26 13
30 15 31 15
5 5 5 6
191
13 28 13 34
11 2 11 4
3 16 5 16
5 39 11 39
21 39 22 39
37 7 37 13
19 30 19 31
32 3 32 6
20 33 20 36
40 13 41 13
19 27 19 29
3 29 5 29
19 34 19 36
37 21 39 21
11 7 18 7
38 35 44 35
15 0 23 0
0 18 2 18
17 37 17 40
19 27 22 27
37 20 37 21
7 29 7 34
5 34 5 39
22 25 22 27
3 8 3 10
8 16 8 22
36 35 38 35
39 29 42 29
8 22 12 22
21 30 21 39
28 43 28 44
9 6 10 6
2 18 2 25
17 28 17 30
24 22 25 22
18 12 18 18
30 12 32 12
21 10 23 10
34 34 34 35
32 12 36 12
18 18 23 18
13 28 15 28
38 27 38 35
27 22 27 25
8 12 13 12
33 7 37 7
39 15 42 15
2 4 2 13
5 10 15 10
25 16 30 16
11 41 16 41
20 43 28 43
32 3 37 3
23 10 23 16
10 8 16 8
20 40 22 40
15 28 16 28
23 16 25 16
35 26 39 26
0 30 2 30
39 27 39 29
10 5 10 6
39 15 39 21
7 34 8 34
8 4 11 4
11 4 11 7
2 4 8 4
40 1 41 1
5 11 5 16
5 6 9 6
16 36 16 41
9 34 13 34
32 26 35 26
5 39 5 43
0 30 0 31
40 3 42 3
37 13 40 13
42 3 42 9
33 4 33 7
38 27 39 27
7 5 8 5
17 30 19 30
8 28 13 28
19 36 20 36
40 3 40 7
18 7 19 7
34 30 34 34
27 20 27 22
11 39 11 41
15 6 19 6
3 13 3 16
35 27 35 31
29 26 32 26
2 2 2 4
11 37 13 37
43 29 43 32
23 17 23 18
21 10 21 12
5 34 7 34
3 8 10 8
41 0 41 1
18 7 18 12
30 41 37 41
2 15 2 18
39 26 39 27
37 13 37 15
16 18 18 18
16 36 19 36
27 20 34 20
26 9 32 9
38 39 42 39
10 6 10 8
27 22 32 22
21 12 21 17
35 31 37 31
32 12 32 13
11 37 11 39
40 1 40 3
44 33 44 35
0 42 4 42
14 27 18 27
2 33 5 33
5 16 5 29
20 17 21 17
7 29 11 29
8 5 10 5
8 27 8 28
0 31 0 42
15 28 15 30
23 0 41 0
0 11 0 18
32 13 32 15
41 13 41 14
18 18 18 19
22 40 24 40
13 12 18 12
19 36 19 37
23 10 28 10
40 13 40 14
2 25 2 30
18 27 19 27
18 19 18 20
15 0 15 6
33 4 36 4
38 35 38 39
9 31 9 34
42 29 43 29
2 30 2 33
17 30 17 33
5 43 14 43
2 25 3 25
5 16 8 16
36 11 36 12
5 10 5 11
3 10 5 10
22 27 35 27
21 30 34 30
32 9 32 12
32 24 32 26
37 3 40 3
28 10 29 10
34 15 34 20
34 35 36 35
14 43 20 43
13 12 13 28
17 33 20 33
20 41 20 43
19 4 19 6
34 15 37 15
3 12 3 13
17 40 20 40
25 16 25 22
40 11 41 11
19 6 20 6
42 9 42 15
22 25 27 25
2 13 2 15
19 6 19 7
39 21 39 26
20 41 30 41
23 18 23 24
26 13 32 13
41 11 41 13
32 6 32 9
32 22 38 22
38 22 38 23
5 29 7 29
25 22 27 22
42 39 42 44
22 39 22 40
19 29 19 30
