120
16 20 16 21
2 19 3 19
7 2 7 3
19 17 19 16
4 17 3 17
2 6 3 6
14 13 14 12
10 8 10 9
9 12 9 13
15 12 16 12
14 9 15 9
14 18 13 18
7 1 6 1
21 17 21 16
16 13 15 13
17 5 17 6
18 20 17 20
5 3 5 4
18 17 18 18
4 4 3 4
2 18 3 18
18 21 18 20
6 5 6 6
14 1 13 1
11 13 11 14
3 19 3 20
1 15 2 15
13 20 12 20
16 3 17 3
1 13 1 12
6 6 7 6
6 1 6 0
11 10 12 10
3 17 3 16
21 4 21 5
20 14 20 13
5 2 5 1
7 19 7 18
10 7 10 8
21 5 21 6
10 20 10 19
16 15 16 14
5 7 4 7
0 2 1 2
5 14 5 15
4 5 4 4
6 15 6 14
8 22 8 21
5 22 6 22
20 3 21 3
21 15 21 14
0 7 0 6
22 0 22 1
12 0 11 0
6 4 6 5
13 1 12 1
6 21 7 21
6 22 6 21
21 18 21 17
21 16 21 15
6 5 7 5
2 13 1 13
5 6 6 6
16 21 17 21
16 12 16 13
2 11 2 12
9 11 9 10
17 20 16 20
21 15 20 15
3 5 4 5
20 13 19 13
14 8 14 9
11 12 11 13
21 14 21 13
14 10 14 11
20 16 20 17
13 8 14 8
7 6 7 7
18 13 18 14
0 1 0 0
9 4 10 4
13 0 13 1
16 11 16 12
22 6 22 5
13 7 13 8
2 1 2 0
11 0 10 0
4 5 5 5
3 6 3 5
5 5 6 5
1 18 1 19
19 3 18 3
7 21 7 20
5 15 5 16
8 20 9 20
5 16 4 16
22 5 21 5
5 4 5 5
6 21 6 20
16 4 16 3
8 15 8 16
12 1 12 2
14 7 13 7
4 16 4 17
0 6 0 5
10 0 10 1
12 2 11 2
14 9 14 10
11 2 10 2
22 18 21 18
13 9 14 9
5 17 5 16
3 5 4 5
7 5 7 6
13 19 13 20
3 4 3 5
10 2 9 2
5 18 5 19
7 7 7 8
11 17 11 18
180
17 6 19 6
1 2 1 3
8 7 12 7
3 20 5 20
10 15 13 15
4 3 4 4
18 14 19 14
2 2 2 4
15 21 17 21
3 16 3 18
0 10 1 10
10 12 13 12
9 20 12 20
13 13 15 13
16 19 16 20
18 3 21 3
5 21 8 21
13 12 14 12
17 17 20 17
4 5 5 5
8 9 10 9
19 6 19 8
3 7 3 8
7 17 7 18
2 0 2 2
0 0 0 3
2 2 6 2
7 11 8 11
21 1 21 2
19 13 21 13
8 8 8 9
18 1 18 3
8 14 8 16
17 3 18 3
21 3 21 5
6 13 6 14
14 4 14 6
4 4 7 4
21 1 22 1
10 13 11 13
21 2 21 3
13 8 13 10
12 21 14 21
12 18 12 19
0 13 0 14
17 17 17 18
7 8 8 8
0 17 1 17
15 11 17 11
8 0 9 0
4 4 4 5
6 20 7 20
4 18 4 19
15 7 16 7
16 13 17 13
14 8 14 9
16 12 16 13
6 0 6 2
7 10 7 11
13 13 13 15
6 2 9 2
10 4 14 4
2 12 2 15
3 18 3 20
8 0 8 1
7 18 8 18
13 10 13 11
9 1 10 1
9 3 10 3
7 18 7 20
15 11 15 13
10 8 10 9
16 0 17 0
15 20 16 20
17 21 19 21
21 13 21 17
13 15 13 17
9 19 9 20
12 8 12 10
0 11 0 13
7 17 10 17
13 17 13 18
12 21 12 22
18 3 18 4
20 6 21 6
0 5 2 5
20 17 21 17
18 14 18 15
5 13 5 16
0 0 2 0
6 5 9 5
0 18 0 22
10 13 10 15
2 12 5 12
2 7 3 7
19 6 20 6
15 0 16 0
2 4 4 4
6 6 7 6
15 9 15 11
14 4 18 4
4 19 5 19
15 7 15 9
3 16 5 16
9 15 10 15
14 9 15 9
18 15 18 16
17 18 17 21
12 11 13 11
2 4 2 5
1 9 1 10
21 17 21 18
14 0 15 0
12 7 12 8
13 11 13 12
7 6 8 6
8 11 8 12
4 17 4 18
10 18 10 19
9 2 16 2
8 16 10 16
13 15 18 15
6 14 7 14
4 13 5 13
5 20 5 21
19 11 19 13
13 10 14 10
14 21 15 21
17 13 19 13
15 17 17 17
8 19 9 19
12 18 13 18
8 19 8 21
3 8 4 8
5 8 5 9
5 12 5 13
14 21 14 22
10 17 10 18
17 0 17 3
6 10 7 10
9 3 9 5
0 18 3 18
8 12 10 12
10 16 11 16
5 9 5 10
0 15 2 15
1 12 2 12
4 0 6 0
5 12 8 12
18 4 19 4
12 20 12 21
9 10 12 10
3 11 7 11
6 6 6 8
9 0 14 0
0 11 1 11
14 6 14 8
3 13 3 15
10 19 12 19
5 5 5 8
13 20 15 20
18 15 20 15
7 8 7 9
7 9 7 10
11 13 11 14
4 18 7 18
11 16 11 18
9 1 9 2
7 4 8 4
8 6 8 7
6 5 6 6
11 14 12 14
19 8 19 11
10 3 10 4
7 14 8 14
5 13 6 13
1 10 5 10
3 5 3 7
13 18 13 20
5 10 6 10
