41
19 16 20 16
4 21 4 22
25 2 25 3
34 10 34 11
14 5 14 6
8 15 9 15
29 8 29 9
23 0 24 0
11 36 11 35
32 24 33 24
1 7 0 7
18 16 18 15
8 25 8 24
14 0 14 1
12 12 13 12
13 36 13 35
8 0 8 1
20 17 19 17
23 13 22 13
26 12 26 13
2 30 3 30
35 10 36 10
5 32 4 32
29 32 29 33
28 33 28 32
5 23 5 22
6 30 5 30
11 5 11 6
10 0 10 1
9 6 8 6
20 7 19 7
24 31 24 30
33 23 32 23
10 32 11 32
3 31 3 32
3 13 4 13
6 4 7 4
26 23 26 24
12 29 12 28
9 34 8 34
9 25 9 26
159
18 36 20 36
21 13 22 13
12 4 12 6
4 22 4 25
3 32 4 32
20 36 23 36
29 4 35 4
17 2 17 15
15 22 18 22
9 16 9 26
4 32 6 32
9 15 9 16
10 26 10 34
13 0 24 0
27 28 27 29
3 32 3 33
36 10 36 11
10 17 10 26
0 22 4 22
25 3 26 3
33 24 33 30
17 15 18 15
25 30 33 30
23 36 33 36
12 17 12 26
18 15 18 18
4 0 4 13
25 19 36 19
23 17 23 36
0 10 0 22
36 11 36 19
0 7 0 8
11 17 12 17
11 28 11 30
33 31 33 36
6 12 6 13
20 13 20 16
11 28 12 28
18 18 18 22
33 21 33 24
32 9 32 10
28 32 30 32
4 0 13 0
10 26 12 26
32 10 32 13
24 0 24 9
22 13 26 13
9 10 9 15
22 17 23 17
19 7 22 7
24 30 25 30
36 8 36 10
15 2 17 2
26 3 26 13
3 27 3 30
25 17 25 19
33 30 33 31
4 13 6 13
12 10 12 13
0 2 0 7
5 4 5 12
20 13 21 13
14 6 14 25
6 26 6 32
32 31 33 31
13 12 13 13
24 28 24 30
9 26 10 26
12 6 14 6
3 30 3 32
9 36 18 36
21 13 21 21
26 24 33 24
14 25 15 25
12 26 13 26
32 31 32 32
30 32 32 32
3 33 3 35
20 16 20 23
29 4 29 9
29 9 32 9
15 22 15 25
22 9 22 13
9 26 9 36
22 13 22 17
12 34 13 34
24 28 27 28
8 6 8 14
4 25 4 32
5 12 6 12
28 3 28 16
15 16 15 22
11 13 12 13
32 10 36 10
25 17 34 17
5 22 6 22
15 29 15 34
12 26 12 28
6 26 7 26
3 7 3 10
27 26 29 26
7 26 9 26
19 28 22 28
13 13 13 26
7 14 8 14
3 14 3 15
22 22 22 28
5 1 8 1
26 26 27 26
1 0 3 0
2 15 2 18
12 28 17 28
22 28 22 33
19 13 19 17
29 9 29 14
23 17 25 17
18 22 18 36
8 1 8 6
22 9 24 9
3 0 3 6
0 8 0 10
8 14 8 24
13 4 16 4
3 10 3 14
5 22 5 30
29 26 32 26
13 4 13 5
6 22 6 24
3 14 7 14
22 2 22 7
6 24 8 24
34 7 34 9
8 28 8 34
7 12 7 14
7 4 7 12
19 1 19 7
19 28 19 33
19 7 19 13
8 6 11 6
3 6 3 7
13 34 15 34
10 1 13 1
3 15 4 15
8 1 10 1
11 3 11 6
5 1 5 2
13 1 13 4
29 25 29 26
11 32 11 35
2 15 3 15
14 1 19 1
16 4 16 16
11 6 11 13
19 17 19 28
15 26 15 27
13 34 13 35
1 0 1 9
13 1 14 1
11 35 13 35
