341
14 8 14 9
13 24 12 24
4 4 4 3
22 5 23 5
20 2 21 2
23 10 23 9
4 1 4 0
3 18 4 18
10 5 9 5
21 19 22 19
3 17 3 18
22 14 22 15
12 0 13 0
2 10 2 9
15 23 15 22
15 17 16 17
21 7 21 6
16 15 16 16
17 14 17 15
2 11 2 10
2 7 2 6
20 20 20 21
2 8 2 7
4 2 4 1
6 13 7 13
13 11 13 10
5 4 5 5
11 18 11 17
5 22 6 22
2 12 2 11
22 11 23 11
14 17 15 17
17 9 18 9
13 10 12 10
17 1 17 2
23 14 23 13
1 8 2 8
20 1 20 2
3 7 3 6
20 13 19 13
3 1 3 0
11 6 12 6
17 20 16 20
6 14 6 13
21 16 21 15
3 2 4 2
21 1 20 1
24 14 23 14
5 23 5 22
5 15 6 15
11 0 12 0
3 12 2 12
24 10 23 10
4 14 5 14
17 15 16 15
22 12 22 13
10 8 10 7
15 8 14 8
5 14 5 15
10 12 10 13
4 3 5 3
22 10 22 11
24 9 24 10
24 8 24 9
3 16 3 17
11 4 12 4
14 23 15 23
11 3 11 4
14 22 14 23
3 3 3 2
2 3 3 3
4 5 4 4
5 7 5 8
3 15 3 16
7 14 6 14
8 1 8 0
10 6 11 6
20 9 20 8
7 11 7 10
7 12 7 11
21 13 20 13
15 9 15 8
11 1 11 0
11 2 11 3
23 5 24 5
11 5 10 5
12 5 11 5
7 13 7 14
0 8 1 8
20 5 20 6
19 20 20 20
10 7 11 7
18 9 18 8
1 3 2 3
9 14 10 14
23 4 23 5
21 18 21 19
0 3 1 3
20 7 21 7
13 4 14 4
14 18 14 17
21 5 20 5
23 14 22 14
4 12 3 12
5 12 4 12
3 8 3 7
11 8 10 8
23 3 23 4
23 5 22 5
5 1 6 1
18 10 18 9
19 10 18 10
18 14 17 14
23 9 22 9
17 0 17 1
6 12 7 12
13 14 12 14
3 2 3 1
13 18 14 18
6 11 6 12
17 19 17 20
12 1 11 1
4 1 5 1
5 1 5 2
11 23 11 24
13 17 13 18
12 2 12 1
22 9 22 10
18 20 18 21
22 13 21 13
14 15 15 15
19 19 19 20
13 2 12 2
4 7 5 7
21 6 21 5
21 12 22 12
6 21 6 20
15 12 15 11
0 9 0 8
14 12 15 12
20 12 21 12
7 17 7 18
9 15 8 15
19 12 20 12
9 13 9 14
2 8 3 8
12 10 11 10
19 18 19 19
21 13 21 14
22 14 22 13
12 2 11 2
19 17 19 18
21 0 21 1
22 0 21 0
16 23 16 22
22 20 22 21
20 16 21 16
21 7 21 6
14 17 13 17
14 18 14 17
1 9 0 9
3 1 4 1
13 23 13 24
4 4 5 4
24 7 24 8
3 3 4 3
18 17 19 17
19 16 20 16
22 7 21 7
7 21 7 20
12 23 13 23
12 3 12 2
7 18 8 18
11 7 11 8
11 3 12 3
2 3 3 3
11 2 11 3
16 19 17 19
6 10 6 11
18 16 18 17
18 0 17 0
7 22 7 21
24 9 23 9
10 13 9 13
3 5 4 5
12 4 13 4
8 2 9 2
6 17 7 17
3 3 3 2
18 1 18 0
4 5 4 4
5 5 4 5
20 10 20 9
19 17 19 16
4 18 5 18
4 15 4 14
1 3 2 3
3 21 3 22
2 3 3 3
22 6 22 7
17 1 18 1
18 19 18 20
0 16 0 17
20 8 20 7
5 10 6 10
13 3 13 2
5 15 4 15
3 0 3 1
23 4 23 5
5 11 5 10
6 23 5 23
2 4 2 3
1 8 1 9
4 1 5 1
13 18 14 18
17 2 17 1
12 18 13 18
12 17 12 18
18 22 19 22
20 17 19 17
12 3 12 4
4 2 4 1
22 15 22 14
14 13 14 12
22 5 22 6
4 11 5 11
12 4 12 5
16 24 16 23
21 7 21 8
18 2 17 2
4 14 5 14
21 8 20 8
14 14 14 13
15 14 14 14
22 1 22 0
22 3 23 3
3 2 4 2
13 22 14 22
3 4 2 4
6 15 5 15
24 23 23 23
17 3 18 3
24 6 24 7
8 3 8 2
3 1 3 0
21 15 22 15
11 8 11 9
7 19 6 19
14 9 15 9
16 20 16 19
23 5 22 5
20 18 20 17
3 7 4 7
6 13 7 13
19 2 18 2
5 13 5 12
4 5 3 5
23 17 24 17
23 16 23 17
13 17 12 17
9 12 10 12
21 1 22 1
0 4 0 3
23 22 22 22
4 13 5 13
17 24 16 24
4 10 4 11
22 1 21 1
18 2 19 2
6 12 6 13
5 13 4 13
23 6 24 6
8 2 8 1
18 23 18 24
20 15 21 15
1 4 1 3
6 16 6 17
5 4 5 5
21 17 21 18
12 9 12 10
18 24 17 24
18 13 18 14
10 21 10 20
6 18 7 18
5 5 5 4
1 7 1 8
21 1 22 1
17 24 18 24
5 12 6 12
4 13 5 13
19 9 19 10
0 3 0 4
3 3 3 2
9 21 10 21
1 17 1 16
13 16 13 17
9 22 9 21
18 15 17 15
19 13 19 12
24 10 24 9
5 13 5 12
23 15 23 14
14 16 14 15
22 16 23 16
18 14 18 13
1 16 1 15
7 2 8 2
24 3 24 4
15 20 16 20
18 5 18 6
20 17 21 17
22 1 21 1
2 21 3 21
1 3 0 3
10 5 10 6
11 13 10 13
0 4 1 4
21 1 22 1
1 23 1 24
3 22 2 22
3 21 2 21
7 1 7 2
16 20 15 20
8 7 9 7
19 17 20 17
4 12 4 13
4 21 3 21
8 1 7 1
13 4 12 4
12 6 12 7
9 11 9 12
8 19 8 20
6 20 5 20
4 22 4 21
9 19 8 19
2 15 3 15
16 14 15 14
9 17 9 16
23 14 24 14
20 14 20 15
16 21 16 20
157
12 2 13 2
13 19 13 20
11 3 14 3
24 19 24 20
20 17 20 19
0 13 0 14
2 24 3 24
24 11 24 12
3 15 4 15
3 19 4 19
23 21 23 23
19 0 20 0
4 6 5 6
12 18 12 19
11 4 11 5
21 19 21 20
10 21 10 22
20 9 21 9
5 18 5 19
18 17 20 17
24 13 24 14
3 5 3 6
13 15 14 15
2 10 2 11
11 9 13 9
0 6 0 7
4 2 5 2
23 3 23 7
21 20 24 20
1 4 2 4
14 18 14 19
14 19 14 20
5 17 6 17
3 8 4 8
12 19 13 19
15 13 16 13
17 19 19 19
6 19 6 22
21 17 22 17
21 9 23 9
24 14 24 15
0 2 1 2
17 15 17 16
14 3 16 3
6 13 6 14
21 2 22 2
1 1 1 2
4 13 6 13
0 7 2 7
11 3 11 4
18 12 19 12
11 6 11 9
13 12 13 13
7 12 7 13
4 13 4 15
13 23 14 23
9 14 9 16
10 22 10 23
14 1 14 2
16 16 17 16
9 13 9 14
9 1 10 1
13 9 13 12
4 17 5 17
20 0 21 0
18 1 18 3
15 24 16 24
16 19 17 19
20 6 21 6
21 15 22 15
11 5 11 6
2 17 2 18
9 4 10 4
15 13 15 14
7 1 9 1
8 20 9 20
20 19 21 19
20 13 22 13
23 9 23 10
5 2 6 2
1 2 1 4
9 18 12 18
3 0 3 2
11 1 11 3
5 12 6 12
21 2 21 3
14 24 15 24
4 0 4 1
21 6 22 6
4 17 4 19
3 6 3 8
21 6 21 9
13 2 14 2
13 20 13 21
2 11 2 12
19 19 20 19
16 15 16 16
16 2 17 2
19 0 19 1
6 11 6 12
22 15 22 17
4 9 4 11
8 22 10 22
20 3 21 3
18 13 20 13
18 1 19 1
18 9 20 9
22 5 22 6
20 11 20 12
22 1 23 1
6 17 6 19
5 21 5 22
6 22 6 24
18 13 18 17
13 9 15 9
13 21 13 23
15 12 15 13
3 2 3 5
1 15 3 15
22 1 22 2
4 19 4 20
14 14 14 15
16 3 18 3
6 12 7 12
22 15 24 15
20 9 20 11
15 9 16 9
2 19 2 20
10 1 11 1
6 14 6 17
21 3 23 3
13 13 13 15
13 15 13 17
12 17 13 17
4 8 4 9
6 10 6 11
10 23 13 23
23 10 23 11
16 9 18 9
2 19 3 19
5 4 5 6
4 11 4 13
0 14 1 14
9 16 9 18
1 8 3 8
3 0 4 0
20 12 20 13
6 22 8 22
24 12 24 13
2 17 3 17
6 2 7 2
12 17 12 18
16 16 16 17
0 8 1 8
16 13 16 15
14 23 14 24
22 7 23 7
