32
13 14 12 14
5 6 5 5
1 14 1 13
6 2 5 2
15 1 16 1
15 9 14 9
6 1 6 2
12 14 12 13
6 14 7 14
15 2 15 1
8 8 7 8
3 7 2 7
6 15 6 14
5 11 5 12
15 12 15 11
2 1 2 0
4 13 5 13
6 16 6 15
14 12 14 13
4 7 3 7
4 8 4 7
5 7 5 6
7 10 6 10
11 0 11 1
4 1 3 1
3 10 3 9
7 11 6 11
4 10 3 10
4 9 4 8
15 13 15 12
1 8 0 8
6 0 6 1
168
9 10 9 11
6 12 7 12
5 9 6 9
4 6 5 6
15 5 15 6
3 13 5 13
9 11 9 14
4 2 4 3
0 3 0 4
15 8 15 10
0 2 1 2
2 15 4 15
4 0 4 2
1 2 1 3
1 9 2 9
14 2 16 2
6 8 6 9
10 2 10 4
4 14 4 15
15 7 15 8
8 2 9 2
13 8 15 8
11 6 12 6
1 4 2 4
9 6 9 7
8 7 8 9
7 9 7 12
0 4 1 4
4 15 6 15
1 5 1 6
3 8 3 9
0 9 1 9
10 11 10 13
9 2 10 2
2 0 4 0
8 4 9 4
6 1 6 2
14 13 14 14
1 13 2 13
10 1 11 1
3 5 3 6
9 4 10 4
13 9 13 10
8 9 9 9
3 6 3 7
2 9 3 9
4 11 4 12
14 3 14 4
5 12 6 12
5 12 5 13
5 2 6 2
15 6 15 7
8 13 8 14
0 9 0 10
3 12 3 13
4 3 5 3
11 6 11 7
3 14 4 14
2 15 2 16
16 8 16 13
12 6 14 6
14 13 16 13
5 3 5 4
3 6 4 6
2 5 2 6
9 5 13 5
16 0 16 1
9 11 10 11
14 2 14 3
3 13 3 14
7 9 8 9
9 9 9 10
2 11 2 12
7 1 8 1
6 15 7 15
13 10 13 11
3 11 3 12
6 13 6 14
4 8 5 8
8 1 8 2
4 0 5 0
4 8 4 11
0 10 0 11
6 2 6 3
6 9 7 9
14 6 15 6
15 3 15 5
14 3 15 3
7 0 7 1
11 13 12 13
7 5 7 6
6 13 7 13
11 14 14 14
16 1 16 2
15 8 16 8
4 3 4 6
12 11 13 11
12 11 12 12
1 7 1 9
12 2 12 4
5 6 6 6
12 0 12 2
10 7 10 9
10 9 10 10
3 9 3 10
15 0 16 0
5 10 6 10
9 14 11 14
5 5 6 5
0 14 3 14
5 0 7 0
14 10 15 10
13 1 14 1
11 14 11 16
9 0 9 1
11 1 11 3
5 0 5 1
3 10 3 11
1 4 1 5
10 1 10 2
0 2 0 3
7 5 9 5
8 3 9 3
6 2 7 2
12 4 13 4
5 14 6 14
9 0 12 0
9 7 10 7
2 9 2 10
13 11 14 11
9 8 9 9
13 1 13 2
12 10 12 11
4 7 4 8
7 2 7 3
3 7 3 8
13 9 14 9
12 8 12 10
7 6 7 7
10 10 12 10
0 12 0 13
14 1 15 1
12 0 13 0
13 4 13 5
12 7 12 8
13 11 13 12
9 5 9 6
0 13 1 13
11 8 12 8
8 14 9 14
4 7 6 7
7 3 7 5
7 3 8 3
7 13 7 14
13 12 13 13
7 7 7 8
13 0 14 0
0 12 2 12
6 7 7 7
12 13 13 13
6 10 6 11
14 11 15 11
6 5 7 5
4 11 6 11
13 12 15 12
13 0 13 1
1 6 1 7
13 5 14 5
