209
1 2 1 3
34 3 34 4
7 18 7 19
2 23 1 23
16 15 16 14
21 11 21 12
9 2 9 3
30 12 30 11
37 2 37 3
10 16 10 15
4 32 4 31
24 26 25 26
22 25 21 25
2 22 1 22
7 25 7 24
20 22 20 21
6 20 6 19
4 18 4 19
1 35 1 34
22 21 22 22
2 31 1 31
35 11 35 12
18 5 19 5
2 34 2 33
11 37 12 37
10 26 9 26
8 25 8 26
32 11 32 12
30 26 29 26
1 3 0 3
26 9 26 10
20 14 21 14
9 37 9 36
1 14 0 14
22 17 21 17
5 1 4 1
20 5 21 5
33 9 34 9
12 36 11 36
25 31 26 31
11 13 10 13
3 11 3 12
30 11 31 11
6 19 6 18
4 19 4 20
32 30 32 29
1 31 1 32
15 1 15 2
27 36 27 37
36 32 36 33
21 34 21 33
35 31 34 31
24 33 24 34
9 25 10 25
33 15 32 15
24 11 24 10
5 34 6 34
32 12 32 13
22 24 22 25
23 37 23 36
32 29 33 29
36 13 37 13
34 1 34 2
15 28 15 29
0 19 1 19
30 19 30 20
28 32 28 33
31 12 30 12
34 30 33 30
24 25 23 25
29 24 29 23
6 35 6 36
12 35 12 36
28 3 29 3
8 24 9 24
37 32 36 32
34 2 34 3
4 4 4 5
27 4 27 5
18 35 18 36
5 4 4 4
29 32 29 33
29 3 29 4
14 25 13 25
16 6 17 6
30 30 30 29
21 5 22 5
19 1 19 2
2 15 1 15
7 20 6 20
31 11 31 12
10 1 10 2
28 15 27 15
16 14 15 14
27 28 27 27
36 34 35 34
13 23 14 23
26 13 26 12
28 34 29 34
14 1 14 2
1 34 1 33
9 3 9 4
25 18 26 18
8 0 8 1
31 24 30 24
8 9 8 10
4 4 4 3
15 14 15 13
4 20 5 20
35 34 35 33
10 33 11 33
9 16 10 16
11 33 11 32
11 16 12 16
3 12 3 13
5 5 5 4
3 4 4 4
19 24 19 25
14 37 15 37
25 16 26 16
1 15 1 14
13 25 13 24
23 17 22 17
29 19 28 19
6 14 6 13
21 14 21 13
12 7 12 6
8 1 8 2
5 29 4 29
6 28 6 29
19 2 19 3
22 3 22 4
8 2 8 3
19 37 20 37
23 2 23 3
23 22 23 23
28 19 27 19
26 12 27 12
15 25 15 24
14 2 14 3
10 2 9 2
11 36 11 37
6 7 6 6
7 9 8 9
8 9 9 9
35 35 35 34
10 0 9 0
12 13 12 14
36 32 35 32
28 1 28 2
9 0 9 1
35 3 35 4
4 10 3 10
16 9 15 9
25 30 25 29
4 31 5 31
17 8 18 8
34 10 33 10
21 13 22 13
33 26 33 27
1 13 1 12
33 22 33 23
30 24 29 24
21 35 22 35
12 6 11 6
9 9 9 10
1 22 1 21
35 33 34 33
32 3 32 2
9 10 9 11
26 18 26 19
27 0 27 1
32 33 33 33
23 3 22 3
5 4 6 4
37 3 36 3
31 12 31 13
9 4 10 4
11 32 12 32
30 29 29 29
26 2 26 3
9 12 8 12
20 37 20 36
8 3 8 4
29 24 28 24
10 4 11 4
11 18 11 17
28 24 27 24
14 3 14 4
12 5 11 5
8 12 7 12
15 37 15 36
14 4 14 5
36 8 35 8
8 4 7 4
36 0 37 0
22 3 21 3
15 36 15 35
17 23 18 23
20 36 21 36
6 8 5 8
21 36 21 35
6 27 6 26
13 36 13 35
18 23 18 22
15 35 15 34
29 14 30 14
15 34 15 33
20 29 20 30
191
6 26 8 26
29 25 29 26
22 4 24 4
18 36 18 37
17 29 18 29
0 3 0 7
15 2 22 2
36 12 36 14
4 2 4 3
10 13 15 13
3 13 6 13
27 24 27 27
19 5 19 6
22 5 22 13
9 32 10 32
10 24 13 24
33 30 33 32
12 36 12 37
14 24 15 24
12 32 12 36
29 4 31 4
7 4 11 4
15 29 15 32
29 23 29 25
27 15 27 19
32 13 32 15
35 12 36 12
25 22 25 26
6 12 7 12
7 24 9 24
23 24 23 25
17 27 17 29
17 27 20 27
22 22 24 22
28 23 29 23
15 24 20 24
9 17 11 17
29 29 33 29
22 17 24 17
3 3 3 5
28 33 29 33
11 5 11 6
11 4 11 5
34 12 35 12
32 7 32 8
9 18 9 24
20 27 27 27
0 34 6 34
30 20 33 20
5 14 11 14
7 2 7 4
20 24 20 27
9 17 9 18
9 1 9 2
35 27 35 32
4 1 9 1
22 2 22 4
33 29 33 30
29 12 30 12
10 10 13 10
32 4 32 7
15 33 19 33
10 23 10 24
5 20 6 20
14 36 17 36
9 36 12 36
7 7 11 7
22 13 25 13
10 29 15 29
10 12 21 12
26 36 28 36
17 36 18 36
17 29 17 30
12 32 15 32
32 2 35 2
15 7 15 9
24 22 25 22
22 17 22 22
2 20 5 20
29 33 33 33
11 7 13 7
3 3 4 3
20 24 23 24
6 34 6 36
29 23 33 23
13 16 13 24
6 29 10 29
1 12 1 14
10 12 10 13
11 14 11 17
12 16 13 16
17 6 19 6
27 12 29 12
6 4 6 6
14 5 19 5
4 4 6 4
28 0 28 2
28 2 32 2
1 23 1 32
29 26 35 26
24 10 26 10
10 32 10 35
5 20 5 31
33 12 33 20
33 28 33 29
31 13 32 13
28 33 28 36
24 2 28 2
10 11 10 12
22 13 22 17
7 8 7 12
23 36 26 36
15 29 17 29
26 19 27 19
1 12 6 12
13 24 14 24
6 36 9 36
25 21 25 22
37 0 37 5
9 15 9 17
15 9 15 11
6 18 9 18
4 1 4 2
9 24 9 26
0 21 1 21
29 4 29 11
19 33 21 33
12 36 14 36
0 18 0 21
19 3 21 3
17 6 17 10
0 3 3 3
18 22 22 22
35 26 35 27
21 33 21 35
13 7 13 10
0 18 6 18
35 32 35 34
29 11 29 12
23 0 28 0
21 33 25 33
31 4 31 6
1 21 1 23
19 3 19 5
32 8 35 8
30 12 33 12
27 19 27 24
33 12 34 12
33 33 34 33
7 7 7 8
27 8 27 12
8 10 10 10
1 32 1 33
34 9 34 12
31 34 35 34
0 30 0 34
15 13 15 24
22 4 22 5
9 11 10 11
34 3 36 3
9 26 15 26
9 2 15 2
27 15 32 15
24 4 29 4
13 7 15 7
33 20 33 23
11 5 14 5
6 26 6 29
15 2 15 4
19 36 23 36
0 7 7 7
20 23 20 24
25 29 29 29
21 3 21 12
8 15 9 15
36 3 36 12
29 26 29 29
32 4 34 4
32 2 32 4
25 29 25 33
26 16 26 19
35 1 35 2
6 20 6 26
1 20 2 20
1 32 9 32
1 14 5 14
6 13 10 13
18 36 19 36
6 4 7 4
0 0 3 0
26 10 26 16
