208
16 10 16 11
0 15 1 15
10 10 9 10
30 14 29 14
14 7 15 7
9 27 8 27
14 28 15 28
6 10 5 10
1 26 0 26
12 3 12 4
16 6 15 6
29 6 29 7
12 29 13 29
21 17 22 17
17 23 17 22
13 4 14 4
27 31 27 30
14 23 13 23
21 21 21 22
12 8 13 8
18 14 18 15
29 12 30 12
7 9 7 10
28 17 29 17
21 28 21 27
6 6 6 5
2 6 2 5
24 21 23 21
20 20 21 20
11 18 11 17
24 17 24 16
15 22 15 23
28 16 28 17
1 31 1 30
22 6 21 6
5 14 4 14
1 20 1 19
15 28 15 27
21 13 21 14
23 8 23 7
19 19 18 19
24 10 24 9
14 26 15 26
15 8 14 8
23 20 23 19
27 0 26 0
19 9 19 8
19 21 19 20
29 19 29 20
12 9 12 8
29 3 28 3
20 0 21 0
2 23 1 23
23 0 23 1
5 11 6 11
16 16 15 16
1 24 0 24
21 20 21 21
20 10 20 9
27 30 27 29
13 28 12 28
29 31 28 31
12 15 13 15
1 27 1 26
21 5 20 5
0 22 1 22
8 27 8 26
7 3 7 2
13 25 13 24
30 5 29 5
27 29 27 28
28 31 27 31
11 10 11 11
27 28 27 27
28 30 28 29
3 19 3 18
12 10 11 10
21 19 22 19
20 3 21 3
26 0 26 1
30 19 30 18
11 25 11 26
14 8 14 7
22 20 21 20
28 29 28 28
1 23 0 23
11 11 10 11
27 31 27 30
29 13 30 13
23 1 23 2
3 18 2 18
17 26 17 27
27 27 26 27
24 8 23 8
26 27 25 27
20 5 20 4
21 14 22 14
19 0 18 0
6 13 7 13
16 12 15 12
1 25 2 25
17 2 18 2
25 18 25 17
14 13 13 13
30 6 29 6
14 7 13 7
5 2 5 3
6 24 7 24
26 4 27 4
3 11 3 10
25 3 26 3
14 22 14 21
28 28 27 28
7 25 6 25
13 8 14 8
27 28 27 27
14 25 14 26
25 27 24 27
27 24 27 23
18 0 18 1
4 14 3 14
14 18 15 18
12 16 12 15
29 16 28 16
25 1 25 2
5 10 5 11
8 15 7 15
26 26 27 26
27 23 26 23
26 5 26 4
25 19 25 20
2 20 2 19
28 9 29 9
24 27 24 26
27 27 26 27
26 27 25 27
25 27 24 27
6 28 7 28
13 24 14 24
17 4 17 3
1 1 1 2
27 30 27 29
0 25 1 25
12 25 13 25
30 3 29 3
28 18 29 18
24 3 25 3
14 26 13 26
8 24 9 24
9 5 9 4
29 10 29 11
30 0 30 1
7 6 7 7
24 27 23 27
7 22 7 21
25 26 25 27
27 20 28 20
4 30 3 30
27 29 27 28
11 22 11 23
13 15 14 15
13 14 13 15
18 4 17 4
17 17 16 17
8 26 8 25
7 4 8 4
1 28 1 27
7 2 7 1
16 24 16 25
24 11 25 11
28 23 27 23
27 28 27 27
23 27 23 26
30 1 29 1
18 7 18 6
25 17 25 16
19 3 18 3
27 4 28 4
26 4 25 4
29 1 28 1
20 27 19 27
24 4 24 3
27 27 26 27
25 16 25 15
26 27 26 26
8 25 9 25
10 11 9 11
1 14 2 14
28 1 27 1
9 25 10 25
16 17 16 18
26 21 27 21
21 23 22 23
17 4 16 4
8 4 8 5
31 24 30 24
29 24 29 25
8 14 8 13
29 20 29 21
25 15 25 14
4 3 4 4
2 0 1 0
2 8 2 7
27 16 26 16
25 14 25 13
13 16 14 16
12 20 13 20
28 13 29 13
192
15 29 18 29
16 18 16 21
11 7 13 7
21 20 24 20
4 20 4 22
24 20 24 23
5 11 5 15
25 24 25 27
24 24 24 25
21 21 23 21
3 16 3 20
11 26 13 26
10 8 12 8
7 10 7 13
25 4 25 5
29 22 29 25
21 21 21 22
26 23 26 26
24 25 24 26
16 13 16 15
24 23 24 24
2 10 3 10
1 30 3 30
13 15 13 17
9 26 9 28
23 26 24 26
28 17 28 19
25 8 25 11
12 11 12 12
16 21 16 22
4 22 10 22
9 15 9 17
9 15 12 15
4 11 5 11
19 13 25 13
9 17 11 17
28 27 29 27
13 25 16 25
28 4 30 4
25 2 26 2
0 26 0 29
18 29 18 31
13 26 13 29
21 4 25 4
3 30 7 30
19 13 19 20
9 4 12 4
9 11 9 15
18 3 21 3
30 2 30 4
6 25 6 27
2 22 4 22
16 11 18 11
16 9 20 9
0 6 9 6
7 15 7 17
16 4 16 7
18 31 21 31
28 24 28 27
4 20 5 20
18 10 19 10
22 17 23 17
3 14 3 16
19 10 19 13
1 27 4 27
24 23 25 23
19 25 19 27
25 23 26 23
30 4 30 12
14 0 21 0
28 20 28 24
12 19 12 22
0 20 0 23
7 13 7 15
4 4 6 4
15 18 15 19
14 4 16 4
21 30 21 31
16 4 20 4
21 4 21 6
29 25 29 27
16 27 17 27
13 29 15 29
12 15 13 15
19 20 21 20
28 19 31 19
4 27 6 27
2 22 2 25
25 3 25 4
21 16 21 20
14 11 16 11
5 28 7 28
11 6 11 7
9 10 9 11
0 20 3 20
29 7 29 9
28 19 28 20
7 15 9 15
23 17 28 17
12 22 16 22
9 4 9 6
1 29 2 29
4 18 4 20
26 1 27 1
0 23 0 24
28 0 28 3
16 25 19 25
4 2 8 2
2 11 4 11
10 20 10 22
5 15 5 20
21 0 21 1
21 3 21 4
9 6 11 6
25 27 28 27
3 28 4 28
16 15 18 15
2 11 2 14
20 9 24 9
7 24 7 28
6 4 9 4
3 10 7 10
4 28 5 28
9 24 9 26
25 22 25 23
0 10 2 10
21 27 21 30
4 22 4 24
22 14 22 17
17 22 18 22
3 28 3 30
4 1 4 2
25 11 29 11
7 24 9 24
19 22 21 22
30 12 31 12
16 11 16 13
15 17 15 18
0 24 0 26
0 1 4 1
13 17 15 17
18 6 21 6
4 2 4 4
9 6 9 10
16 13 17 13
4 0 4 1
8 2 18 2
16 22 17 22
1 27 1 29
12 11 14 11
19 25 24 25
13 23 13 25
31 12 31 19
21 0 28 0
16 15 16 18
15 27 16 27
29 9 29 11
21 1 21 2
29 13 29 14
4 24 7 24
9 26 11 26
12 8 12 11
21 1 24 1
10 22 10 23
0 9 0 10
28 3 28 4
26 1 26 2
25 20 25 21
24 5 24 9
18 1 18 2
0 10 0 16
18 13 19 13
10 25 13 25
16 9 16 11
25 2 25 3
14 4 14 5
21 27 25 27
29 11 29 13
25 20 28 20
16 7 16 9
25 11 25 13
18 2 18 3
13 7 13 10
0 29 1 29
17 27 19 27
10 22 12 22
18 22 19 22
25 5 25 8
29 14 29 17
13 13 13 15
0 16 3 16
10 7 10 8
