315
25 6 25 7
24 11 23 11
29 30 28 30
8 6 8 7
15 28 16 28
31 10 30 10
28 12 28 11
6 20 7 20
22 21 22 22
19 10 19 9
22 0 22 1
19 28 20 28
7 5 7 6
24 29 24 28
27 7 27 8
6 25 6 26
29 23 29 22
23 26 22 26
21 3 22 3
6 21 7 21
9 1 8 1
16 28 16 27
20 15 21 15
5 11 5 12
0 11 0 12
5 2 5 3
20 8 21 8
26 18 27 18
25 10 25 9
5 24 6 24
9 2 9 3
7 14 8 14
15 23 16 23
24 24 23 24
17 28 17 27
24 10 23 10
24 25 23 25
27 16 26 16
11 22 12 22
30 30 29 30
21 10 22 10
28 16 27 16
3 6 4 6
24 28 23 28
19 29 19 28
29 7 29 8
27 24 27 25
17 20 18 20
18 10 18 9
21 11 21 10
5 14 6 14
18 13 18 12
17 13 18 13
6 24 6 23
13 4 12 4
26 28 26 27
8 5 8 4
2 29 3 29
26 26 26 25
19 9 19 8
28 7 27 7
25 9 25 8
21 8 21 7
26 29 25 29
20 7 20 8
6 19 6 20
0 12 0 13
4 15 5 15
5 4 4 4
28 23 29 23
20 8 21 8
28 19 27 19
15 22 15 21
28 20 27 20
23 15 23 14
16 22 15 22
9 4 9 5
16 8 16 9
2 10 1 10
15 29 15 28
30 15 30 14
29 22 28 22
21 29 21 28
29 3 28 3
4 1 3 1
25 30 26 30
28 30 28 29
26 1 25 1
22 19 21 19
18 22 17 22
22 22 21 22
16 12 17 12
28 11 28 10
12 23 11 23
5 10 5 9
6 10 5 10
18 20 18 19
2 9 3 9
22 1 23 1
5 19 5 18
16 16 16 15
9 11 9 10
15 24 15 25
16 19 16 18
2 16 2 17
8 14 9 14
10 14 10 15
13 15 14 15
0 13 0 14
18 29 17 29
3 5 3 4
29 29 29 28
21 12 21 11
22 20 22 21
13 18 13 17
17 22 17 21
12 4 12 5
16 18 17 18
15 8 15 7
23 19 24 19
0 14 1 14
26 30 26 29
9 3 9 4
2 4 2 5
22 15 22 14
27 9 28 9
29 30 28 30
22 27 22 28
11 1 11 2
26 27 26 26
15 9 15 8
19 8 18 8
16 5 17 5
2 20 2 21
21 27 21 26
30 16 30 15
28 22 27 22
23 1 24 1
30 31 30 30
31 8 31 9
16 23 16 22
12 5 11 5
16 1 16 2
5 9 5 8
6 11 6 10
30 22 29 22
26 29 26 28
25 29 24 29
29 12 28 12
6 17 5 17
28 3 28 4
8 18 8 17
23 5 23 6
11 27 11 28
3 4 2 4
28 30 27 30
6 18 6 19
30 9 29 9
27 25 28 25
15 25 16 25
21 26 21 25
21 15 22 15
18 30 19 30
3 1 3 2
28 4 28 5
19 27 18 27
23 27 22 27
25 20 24 20
22 26 21 26
27 30 27 29
24 9 24 10
29 9 29 10
22 27 21 27
24 26 25 26
25 7 24 7
24 1 24 2
18 18 19 18
16 20 16 19
26 26 27 26
13 17 12 17
18 23 18 22
9 12 9 11
21 14 21 15
9 11 8 11
9 4 10 4
12 1 11 1
12 15 11 15
7 8 7 9
28 21 28 20
18 8 17 8
1 16 2 16
8 29 9 29
21 10 20 10
29 20 29 19
2 16 2 15
15 21 15 20
5 17 5 16
18 19 18 18
21 25 21 24
21 11 20 11
23 6 23 7
11 19 11 20
26 28 26 27
12 2 13 2
21 18 20 18
3 12 3 11
11 2 12 2
16 25 17 25
25 15 25 16
30 30 30 29
30 12 29 12
24 7 24 8
20 10 20 9
17 25 17 24
7 11 6 11
28 5 27 5
6 11 5 11
16 22 17 22
2 5 3 5
6 23 6 22
20 9 20 8
22 21 22 22
30 20 30 21
27 22 27 21
23 7 23 8
29 18 30 18
4 16 4 17
10 4 10 5
30 13 30 12
25 8 25 7
15 20 15 19
19 16 19 17
14 10 15 10
27 15 26 15
1 5 2 5
16 9 17 9
26 27 26 26
21 15 20 15
19 28 19 27
27 29 26 29
15 22 15 21
20 11 20 10
30 24 29 24
3 28 4 28
23 28 23 27
7 21 8 21
3 2 3 3
8 11 7 11
30 29 29 29
30 28 30 27
15 19 15 18
10 5 10 6
5 16 4 16
12 2 12 1
31 30 30 30
14 18 14 17
4 16 4 15
1 19 1 18
20 16 19 16
7 29 7 28
20 10 19 10
5 11 4 11
20 8 20 7
2 31 3 31
28 9 29 9
29 22 28 22
19 12 19 13
14 28 13 28
17 24 18 24
26 29 26 28
25 1 24 1
4 9 5 9
15 11 14 11
30 30 29 30
9 19 9 20
19 10 18 10
4 30 4 31
21 30 20 30
21 26 21 25
24 1 23 1
28 22 27 22
17 8 17 7
15 17 16 17
26 0 26 1
2 6 2 7
4 15 4 14
9 16 9 17
7 11 6 11
24 6 23 6
23 1 23 2
21 9 20 9
6 22 6 21
13 5 14 5
23 2 23 3
27 0 28 0
6 11 5 11
14 16 13 16
7 3 8 3
26 9 25 9
21 25 20 25
8 26 9 26
5 30 5 29
6 29 6 30
29 28 29 27
27 23 26 23
15 6 15 5
6 21 7 21
16 17 15 17
28 12 28 11
2 11 1 11
7 10 7 11
18 24 18 23
30 27 31 27
29 17 29 18
31 19 31 18
183
21 2 21 7
24 13 25 13
17 15 17 18
20 7 21 7
24 13 24 15
23 22 23 24
23 8 24 8
5 15 5 18
21 2 24 2
29 9 31 9
7 18 7 20
17 2 17 5
28 20 31 20
20 18 20 21
11 23 14 23
31 14 31 16
13 24 13 25
18 22 18 23
28 10 29 10
4 11 5 11
16 19 16 24
9 0 9 5
26 19 27 19
1 2 1 3
31 13 31 14
2 15 5 15
18 10 18 12
26 26 27 26
24 5 27 5
19 2 21 2
14 19 16 19
27 16 31 16
20 28 20 29
7 20 7 21
12 1 13 1
31 9 31 13
5 6 6 6
27 5 27 6
24 10 28 10
11 8 12 8
9 14 11 14
17 12 18 12
17 2 19 2
11 11 13 11
17 5 17 7
17 22 18 22
30 7 31 7
0 20 6 20
5 5 9 5
24 29 28 29
26 16 26 19
15 8 15 10
26 21 27 21
18 28 18 31
27 21 27 22
24 8 24 10
6 10 6 12
20 21 20 22
27 7 30 7
22 29 24 29
21 24 21 27
9 26 11 26
13 24 14 24
5 18 7 18
3 3 5 3
3 7 3 9
31 7 31 9
29 10 29 12
3 26 6 26
13 19 14 19
5 12 5 15
5 10 5 11
15 10 18 10
20 23 20 24
18 31 19 31
15 18 17 18
1 13 1 14
5 12 6 12
11 8 11 11
20 29 22 29
20 15 20 18
16 24 20 24
27 14 27 16
12 1 12 6
24 15 26 15
7 28 8 28
14 17 14 19
11 14 12 14
17 12 17 15
3 30 3 31
21 24 23 24
0 10 0 15
12 14 12 17
13 16 13 19
5 3 5 5
20 22 20 23
2 5 3 5
24 20 24 21
5 9 5 10
12 6 13 6
11 26 11 28
14 24 16 24
13 25 13 28
24 19 24 20
19 27 21 27
26 19 26 20
6 26 9 26
22 18 22 22
0 15 0 20
27 6 27 7
22 8 23 8
1 13 2 13
6 20 6 26
15 8 21 8
24 10 24 13
26 15 26 16
7 6 10 6
22 22 23 22
7 18 9 18
0 10 1 10
3 5 3 7
11 21 11 23
18 18 18 22
25 28 26 28
27 18 28 18
17 31 18 31
28 20 28 25
19 2 19 6
24 21 24 23
28 26 28 29
4 11 4 14
11 7 11 8
11 28 11 30
22 3 22 8
28 18 28 20
14 8 15 8
5 1 5 3
2 13 2 15
21 8 22 8
26 26 26 28
28 8 28 10
22 15 24 15
11 11 11 13
13 13 13 16
5 9 7 9
19 18 20 18
28 25 28 26
15 28 18 28
9 5 11 5
3 3 3 5
27 22 27 26
14 23 14 24
27 16 27 18
13 1 18 1
26 20 26 21
6 6 7 6
3 9 5 9
11 13 11 14
1 3 1 6
24 2 24 5
3 26 3 29
18 28 20 28
25 7 27 7
12 6 12 8
17 18 18 18
1 10 5 10
19 21 20 21
12 8 14 8
3 23 3 26
9 17 9 18
9 14 9 17
22 15 22 18
9 28 9 29
9 26 9 28
13 28 15 28
10 6 12 6
24 23 24 29
21 27 23 27
11 28 13 28
20 24 20 25
28 29 29 29
29 12 30 12
22 3 23 3
