27
13 0 13 1
15 17 15 18
20 5 20 6
20 23 20 22
9 5 9 4
25 21 24 21
18 1 18 2
2 25 2 24
25 24 24 24
9 12 9 11
12 3 13 3
21 19 22 19
13 18 12 18
19 6 19 5
6 19 5 19
23 6 23 7
25 9 24 9
19 12 19 11
1 2 1 3
20 19 21 19
5 9 6 9
9 23 9 22
23 17 23 18
23 11 23 12
16 11 16 12
10 8 11 8
0 17 0 18
173
1 15 1 18
21 5 21 7
5 22 9 22
25 10 25 17
5 17 5 18
6 0 6 6
12 13 12 14
20 15 21 15
18 25 19 25
8 6 11 6
5 18 5 19
16 17 17 17
19 5 21 5
1 18 1 24
23 14 23 16
6 6 7 6
21 0 25 0
23 16 23 18
17 2 18 2
7 6 8 6
4 4 4 6
20 11 21 11
25 3 25 10
12 14 12 18
2 23 2 24
11 8 11 9
12 11 12 13
21 15 21 18
17 14 17 17
20 9 21 9
1 24 2 24
12 14 16 14
5 19 5 22
15 10 16 10
17 25 18 25
0 11 0 18
5 6 5 17
1 0 2 0
21 7 23 7
18 0 21 0
25 17 25 18
11 9 12 9
16 10 19 10
21 18 23 18
15 0 18 0
2 21 2 23
1 18 5 18
25 19 25 25
18 5 19 5
15 0 15 1
20 9 20 11
4 6 4 8
12 11 19 11
6 0 15 0
0 18 0 25
16 14 16 17
11 6 11 8
5 2 5 6
21 19 21 23
2 8 2 15
21 7 21 9
18 0 18 2
19 23 21 23
9 22 12 22
21 18 21 19
4 2 4 4
15 23 15 25
19 11 20 11
17 13 22 13
2 0 2 2
19 25 25 25
25 0 25 3
16 2 17 2
22 13 22 15
15 23 19 23
8 11 9 11
21 0 21 3
25 18 25 19
0 2 2 2
5 6 6 6
22 12 23 12
14 16 14 17
18 3 19 3
3 8 4 8
17 13 17 14
2 24 3 24
22 19 22 21
19 23 19 25
0 18 1 18
1 12 1 15
16 18 17 18
19 16 19 17
14 9 15 9
9 4 12 4
10 23 12 23
15 9 15 10
14 17 16 17
21 23 22 23
2 2 4 2
21 15 22 15
7 10 8 10
8 10 13 10
2 20 2 21
14 3 14 4
8 3 8 5
8 16 10 16
6 24 10 24
20 6 20 8
24 5 24 9
12 4 12 9
10 16 10 19
18 7 18 8
5 25 12 25
14 3 18 3
13 4 13 8
20 12 22 12
22 21 24 21
6 9 6 11
24 4 24 5
13 15 14 15
16 22 18 22
19 10 19 11
4 2 5 2
16 6 20 6
13 22 13 23
24 9 24 14
23 5 24 5
16 12 16 13
24 20 24 21
13 8 13 10
17 4 17 5
18 7 19 7
18 8 20 8
11 19 13 19
8 10 8 11
7 10 7 11
24 21 24 24
12 23 12 25
4 24 6 24
10 1 13 1
13 3 14 3
13 15 13 19
19 17 20 17
22 9 24 9
13 3 13 4
15 18 16 18
15 18 15 20
9 11 9 14
20 17 20 22
1 25 5 25
13 21 13 22
24 14 24 17
13 22 16 22
11 18 11 19
14 4 17 4
10 23 10 24
16 12 20 12
8 3 13 3
22 9 22 12
8 2 8 3
6 11 7 11
10 19 11 19
17 4 24 4
13 19 13 21
3 23 10 23
13 8 14 8
14 8 18 8
13 1 13 3
24 17 24 20
12 23 13 23
16 18 16 22
8 11 8 16
18 22 20 22
