40
29 10 30 10
6 34 7 34
24 3 24 4
29 31 29 32
27 1 27 0
2 8 3 8
3 8 3 9
30 29 30 28
15 10 15 9
36 1 35 1
22 2 21 2
31 0 31 1
33 7 33 6
30 27 29 27
32 20 32 19
27 12 28 12
9 35 9 36
22 35 22 34
18 4 19 4
34 33 35 33
35 6 36 6
16 13 16 12
29 33 28 33
13 4 13 3
6 26 5 26
14 27 13 27
4 18 4 19
21 18 22 18
6 30 7 30
16 21 16 20
6 20 6 21
36 32 35 32
34 0 35 0
0 37 1 37
11 37 11 36
32 0 32 1
35 0 36 0
15 29 14 29
30 6 29 6
12 28 12 27
160
13 23 18 23
21 1 31 1
1 4 1 6
35 1 35 2
25 17 25 20
22 34 25 34
22 36 23 36
4 21 6 21
28 2 35 2
30 7 30 10
35 27 35 28
13 27 13 31
19 1 21 1
28 15 28 21
3 23 13 23
6 21 20 21
16 29 16 35
4 8 4 14
35 32 37 32
19 27 20 27
31 1 32 1
21 1 21 2
22 18 24 18
33 19 33 21
33 21 33 23
30 7 35 7
5 19 9 19
28 12 28 15
32 1 35 1
23 36 26 36
14 29 16 29
22 16 22 18
12 27 13 27
29 32 30 32
4 19 5 19
24 18 24 21
11 36 20 36
21 2 21 7
33 18 35 18
2 16 2 20
35 7 35 18
19 4 19 6
20 21 20 27
8 36 9 36
28 33 35 33
13 27 19 27
4 14 4 19
4 14 12 14
13 31 14 31
28 34 32 34
12 24 12 27
6 21 6 22
19 1 19 4
30 10 30 11
4 19 4 21
14 29 14 31
33 18 33 19
0 16 0 25
22 18 22 34
28 2 28 12
30 28 35 28
35 2 35 4
28 33 28 34
16 28 16 29
20 27 20 36
30 11 30 28
20 36 22 36
13 23 13 27
35 32 35 33
23 3 26 3
21 2 23 2
22 4 24 4
9 36 11 36
20 18 20 21
29 6 29 15
10 3 13 3
23 13 23 15
20 2 21 2
25 20 25 21
8 13 15 13
9 30 9 31
1 9 3 9
5 26 8 26
35 28 35 32
8 26 9 26
16 16 16 20
26 4 26 20
25 0 27 0
22 34 22 36
13 3 14 3
31 6 33 6
36 6 36 23
15 0 15 9
15 13 15 18
25 34 28 34
21 11 22 11
22 15 23 15
14 3 14 9
14 9 15 9
10 18 15 18
32 19 33 19
3 6 3 9
17 1 19 1
29 6 31 6
7 34 13 34
29 18 29 19
27 0 36 0
27 3 27 18
1 25 5 25
9 26 9 30
5 25 5 26
24 4 24 10
21 23 21 35
3 3 10 3
35 23 36 23
10 18 10 20
8 35 14 35
22 11 22 15
8 24 8 26
15 13 17 13
23 2 23 3
34 6 36 6
3 9 3 11
24 21 25 21
10 20 16 20
7 30 9 30
22 8 22 11
14 9 14 11
23 32 29 32
1 25 1 37
33 6 34 6
29 19 29 27
29 15 29 18
22 4 22 8
1 37 24 37
1 9 1 25
29 27 29 32
21 11 21 23
15 9 15 13
24 27 29 27
7 35 8 35
24 10 24 17
27 2 27 3
24 4 26 4
13 3 13 8
7 30 7 34
7 34 7 35
36 0 36 6
15 0 25 0
3 3 3 6
5 26 5 32
25 21 28 21
35 20 35 23
37 12 37 21
9 26 11 26
15 9 21 9
27 18 27 20
8 24 10 24
21 9 21 11
26 20 27 20
