110
25 35 25 36
10 9 11 9
25 32 25 31
11 29 12 29
26 36 26 35
18 9 19 9
21 2 20 2
13 1 13 2
36 29 35 29
9 27 9 28
7 21 7 22
7 5 6 5
25 23 25 24
7 17 7 18
10 10 10 9
15 6 16 6
30 7 30 6
2 12 3 12
6 0 7 0
19 15 18 15
33 29 33 30
15 21 16 21
31 16 30 16
20 28 21 28
14 22 14 23
30 20 31 20
33 25 33 26
12 17 11 17
18 1 18 2
24 7 24 8
21 8 21 9
20 25 20 26
24 8 25 8
30 26 31 26
17 31 17 32
34 9 35 9
26 0 27 0
13 21 13 22
8 29 9 29
28 26 27 26
29 21 30 21
30 10 30 11
13 35 13 36
17 12 16 12
34 20 33 20
13 24 13 23
8 8 9 8
1 10 0 10
20 8 20 7
33 18 32 18
18 29 18 30
33 34 33 35
15 28 14 28
35 18 35 19
22 31 22 32
7 29 7 30
4 17 4 18
20 11 19 11
7 22 7 23
4 2 3 2
16 18 16 17
13 30 13 29
30 21 31 21
29 31 29 32
3 2 2 2
18 17 18 16
16 22 16 23
35 9 35 8
8 11 8 10
24 27 24 28
20 7 20 6
17 3 18 3
14 12 13 12
19 10 20 10
4 15 5 15
14 18 13 18
7 33 8 33
4 16 5 16
17 34 17 35
35 20 34 20
26 4 27 4
26 35 26 34
8 33 9 33
21 36 21 35
36 23 36 22
12 1 11 1
33 20 33 19
33 35 34 35
18 11 17 11
32 6 31 6
5 31 6 31
36 22 35 22
35 14 34 14
25 4 25 3
35 7 34 7
30 36 30 35
7 30 8 30
6 14 6 15
21 35 21 34
22 32 21 32
14 14 15 14
6 19 7 19
15 14 16 14
29 18 30 18
13 29 13 28
20 10 20 9
19 7 20 7
33 22 34 22
8 30 9 30
27 19 27 20
190
2 2 7 2
34 21 34 22
21 22 21 28
26 8 35 8
29 32 31 32
13 22 18 22
35 28 35 29
20 2 20 6
31 26 31 29
25 8 25 13
18 12 18 13
11 9 13 9
18 22 21 22
33 11 33 19
3 23 4 23
15 5 15 12
31 26 33 26
13 13 18 13
20 2 23 2
7 2 7 6
35 8 35 10
14 28 14 29
14 29 14 32
13 23 14 23
21 34 26 34
35 3 35 8
7 18 7 19
10 19 10 20
18 15 18 16
12 29 12 33
7 0 7 2
9 20 10 20
25 8 26 8
21 32 21 34
20 9 21 9
33 24 33 26
13 9 13 12
14 32 14 34
11 1 11 2
18 2 19 2
26 3 26 8
13 3 13 9
5 8 9 8
11 1 20 1
4 18 7 18
26 2 26 3
21 28 24 28
31 20 31 21
14 23 14 28
23 2 24 2
26 34 29 34
35 10 35 19
33 19 34 19
34 19 35 19
11 2 11 9
18 4 18 10
9 2 9 8
34 22 35 22
13 34 14 34
2 18 4 18
13 12 15 12
23 12 24 12
27 26 31 26
8 23 8 35
13 23 13 26
31 21 34 21
17 15 18 15
31 3 35 3
0 2 2 2
17 35 24 35
7 2 9 2
10 9 11 9
20 1 20 2
7 19 7 23
35 19 35 22
5 10 5 15
31 3 31 6
13 18 13 22
27 23 27 26
31 21 31 26
8 0 23 0
22 6 23 6
11 35 14 35
18 10 18 12
0 2 0 10
4 3 6 3
30 6 31 6
31 29 31 32
2 18 2 23
31 29 35 29
21 32 29 32
24 2 26 2
13 12 13 13
9 2 11 2
25 3 25 7
18 13 18 15
35 30 35 32
25 30 26 30
2 23 3 23
2 2 2 18
8 35 10 35
35 29 35 30
18 30 25 30
32 9 32 15
4 22 4 23
18 26 20 26
36 13 36 20
16 17 16 21
23 6 24 6
24 24 25 24
9 28 10 28
18 2 18 3
16 17 20 17
7 19 10 19
14 34 21 34
27 14 27 20
15 31 23 31
21 9 21 13
25 30 25 31
23 0 27 0
5 15 5 16
24 20 27 20
7 23 8 23
30 19 30 22
9 29 9 30
22 1 27 1
20 15 20 17
5 10 8 10
27 0 35 0
16 2 18 2
25 27 25 30
24 3 24 6
10 35 10 36
28 16 28 21
32 32 34 32
3 20 3 23
30 18 32 18
23 5 23 6
11 17 11 28
19 2 19 9
19 9 20 9
11 28 13 28
23 6 23 12
3 8 3 10
12 29 14 29
27 11 27 14
13 22 13 23
24 20 24 24
3 5 3 8
30 18 30 19
16 2 16 6
9 30 9 33
16 6 16 12
24 3 25 3
6 3 6 5
21 13 24 13
32 20 34 20
25 24 25 27
5 15 6 15
4 3 4 5
32 18 32 20
3 5 4 5
18 26 18 30
32 15 32 18
11 28 11 35
24 13 24 20
30 11 30 16
28 16 30 16
30 35 34 35
30 16 30 18
32 32 32 33
24 35 30 35
34 32 34 35
27 0 27 1
11 17 16 17
29 9 32 9
16 16 16 17
9 28 9 29
23 31 25 31
20 9 20 15
3 10 5 10
24 12 24 13
14 35 17 35
27 11 30 11
11 15 11 17
6 15 11 15
28 21 28 25
10 28 11 28
6 26 6 31
16 14 16 16
