23
8 17 8 16
11 2 11 1
4 6 5 6
7 15 7 14
8 16 7 16
10 2 11 2
15 0 16 0
9 5 9 6
5 2 4 2
15 3 15 4
12 15 12 16
13 10 14 10
8 8 9 8
10 3 11 3
15 9 16 9
9 17 9 16
7 0 7 1
8 12 8 11
17 10 16 10
6 13 7 13
3 8 2 8
8 7 8 8
2 5 2 6
177
1 8 2 8
10 0 10 1
17 3 17 4
17 6 17 7
12 2 12 5
2 8 4 8
2 8 2 9
15 6 16 6
7 17 10 17
8 2 9 2
17 8 17 16
3 10 3 11
16 4 17 4
13 0 16 0
10 4 10 5
17 2 17 3
15 17 16 17
3 11 3 12
7 3 8 3
12 13 12 16
5 14 5 16
16 7 17 7
17 7 17 8
7 8 7 9
16 0 16 2
8 2 8 3
10 16 10 17
2 16 3 16
14 17 15 17
1 11 1 12
15 7 16 7
17 4 17 5
9 2 9 3
4 5 4 8
10 5 10 6
15 12 15 13
10 15 10 16
6 8 7 8
14 3 17 3
15 13 15 15
8 5 8 6
10 5 12 5
2 6 2 8
17 5 17 6
16 2 17 2
2 12 3 12
16 6 16 7
12 5 12 7
5 14 6 14
14 16 14 17
3 14 3 16
8 11 9 11
3 16 5 16
3 13 3 14
10 6 10 7
0 11 1 11
4 5 5 5
1 12 2 12
9 13 12 13
16 16 17 16
3 16 3 17
2 14 2 15
8 5 10 5
6 14 6 15
2 9 2 12
12 10 14 10
11 10 12 10
3 17 7 17
8 6 8 8
15 7 15 10
10 16 12 16
10 1 10 4
2 15 2 16
1 9 2 9
15 15 15 17
14 10 15 10
3 12 3 13
12 5 13 5
8 3 8 5
9 11 9 13
11 0 13 0
14 9 14 10
10 4 11 4
10 0 11 0
6 0 10 0
16 16 16 17
3 2 4 2
13 16 14 16
11 8 12 8
0 8 1 8
1 12 1 13
7 8 8 8
11 12 13 12
14 4 15 4
9 7 9 8
5 6 5 7
4 9 4 10
14 12 15 12
12 16 13 16
9 6 9 7
7 4 7 6
1 2 2 2
11 1 11 2
3 1 3 2
13 14 13 15
11 7 11 8
12 8 14 8
10 10 10 11
4 0 5 0
12 8 12 9
4 10 4 11
2 3 2 4
7 16 9 16
5 10 7 10
1 2 1 3
7 13 7 14
1 5 3 5
3 3 3 4
7 14 11 14
14 5 14 8
16 9 16 10
10 11 12 11
12 11 13 11
15 1 15 2
14 4 14 5
1 1 1 2
3 4 3 5
4 14 4 15
5 7 5 10
7 10 8 10
4 11 4 14
13 2 15 2
16 11 16 12
11 14 11 15
4 3 5 3
14 14 14 15
0 2 1 2
10 9 11 9
4 11 5 11
10 9 10 10
8 9 8 10
11 1 12 1
13 11 15 11
2 4 3 4
1 3 2 3
0 7 1 7
4 10 5 10
1 0 1 1
13 2 13 4
13 12 13 14
11 6 11 7
9 8 10 8
4 4 7 4
2 2 3 2
11 2 11 3
1 5 1 7
8 9 10 9
16 10 16 11
11 8 11 9
7 14 7 16
14 5 16 5
5 6 7 6
4 2 6 2
15 11 16 11
4 3 4 4
13 11 13 12
6 1 6 2
4 2 4 3
6 16 7 16
13 4 14 4
16 12 16 13
12 1 15 1
10 8 10 9
4 0 4 2
6 1 7 1
13 15 14 15
7 10 7 13
