27
1 7 0 7
23 15 22 15
1 2 1 1
17 23 17 22
10 0 10 1
12 9 13 9
21 20 21 21
10 4 10 5
22 21 23 21
3 9 2 9
10 2 9 2
2 18 3 18
13 15 13 14
11 4 12 4
0 20 1 20
19 2 19 3
2 16 3 16
20 10 21 10
8 23 8 22
17 22 17 21
8 7 9 7
21 17 22 17
5 6 5 5
14 22 14 21
18 4 19 4
8 5 7 5
1 0 2 0
173
2 15 2 19
11 7 11 11
4 22 4 23
6 23 9 23
22 19 22 20
16 11 16 13
18 17 18 18
2 0 6 0
1 13 3 13
15 18 18 18
20 20 20 23
13 9 15 9
18 20 19 20
19 20 19 23
20 17 20 20
14 1 15 1
14 12 15 12
6 14 9 14
18 0 20 0
0 21 3 21
18 23 19 23
18 0 18 3
20 14 20 17
6 0 13 0
20 20 22 20
3 13 3 14
4 20 4 21
20 23 23 23
11 20 12 20
11 1 13 1
0 19 0 21
3 8 3 13
19 23 20 23
9 14 9 15
2 15 3 15
18 3 19 3
11 20 11 22
2 1 3 1
0 19 2 19
6 14 6 15
7 5 7 10
13 1 14 1
12 20 12 21
4 23 6 23
22 2 22 5
22 11 22 15
13 14 16 14
7 17 7 21
13 6 14 6
15 1 15 9
16 15 17 15
21 18 23 18
13 0 13 1
9 7 9 9
9 23 18 23
8 1 9 1
17 10 17 14
1 1 1 13
9 2 9 3
17 3 17 10
16 6 16 9
2 0 2 1
1 1 2 1
15 9 16 9
13 6 13 9
3 2 3 5
17 3 18 3
0 21 0 22
23 3 23 4
16 22 18 22
18 18 18 20
9 9 9 14
3 21 4 21
1 13 1 17
14 11 16 11
3 15 6 15
16 13 16 14
16 9 16 11
20 17 22 17
16 14 17 14
0 22 4 22
7 3 7 5
21 10 21 13
11 1 11 7
18 3 18 8
4 22 7 22
14 1 14 5
13 16 13 18
23 22 23 23
3 1 3 2
19 13 19 20
4 11 5 11
10 1 10 5
7 17 9 17
3 14 3 15
14 11 14 12
21 2 22 2
3 17 3 18
2 7 2 9
19 11 20 11
21 21 23 21
10 15 11 15
11 22 16 22
12 12 13 12
19 4 20 4
4 11 4 12
15 21 17 21
3 16 3 17
22 15 22 17
3 2 9 2
21 18 21 19
21 6 23 6
18 20 18 22
10 15 10 16
3 5 5 5
20 6 21 6
12 4 12 12
6 9 6 11
10 7 10 13
8 22 9 22
20 6 20 11
10 5 10 7
9 17 9 20
11 17 11 19
18 11 19 11
12 18 13 18
21 5 22 5
19 6 20 6
12 4 13 4
11 19 15 19
23 6 23 8
10 20 10 22
15 19 15 20
2 3 2 7
17 15 18 15
2 2 2 3
3 23 4 23
7 10 7 11
18 11 18 15
3 16 10 16
21 2 21 3
9 17 11 17
20 11 20 12
15 20 15 21
6 11 7 11
13 12 13 13
23 18 23 21
7 5 9 5
2 7 6 7
13 11 13 12
4 12 4 14
23 12 23 16
10 13 10 15
6 11 6 13
9 1 10 1
19 13 21 13
5 11 6 11
9 5 10 5
16 15 16 16
23 8 23 12
9 22 10 22
6 7 6 8
10 13 13 13
13 16 16 16
14 21 15 21
19 4 19 6
11 15 16 15
21 5 21 6
9 20 9 22
13 13 15 13
6 8 6 9
3 17 7 17
23 16 23 18
